0 0.7684606481481482 0.15170717592592592 0.1426504629629628 0.1440104166666667
0 0.44012586805555554 0.8802155671296297 0.2665653935185186 0.208984375
0 0.4086154513888889 0.20457175925925924 0.13093171296296302 0.14340277777777777
0 0.6951533564814816 0.8767650462962964 0.2191406250000001 0.1694444444444443
0 0.8311559606481482 0.7553674768518519 0.27416087962962976 0.32647569444444446
0 0.6992115162037037 0.049479166666666664 0.1679542824074074 0.09895833333333333
0 0.8106119791666666 0.16027199074074072 0.12469618055555554 0.1177083333333333
0 0.43182870370370374 0.5180627893518519 0.09117476851851847 0.09450231481481497
0 0.5064380787037037 0.6725188078703703 0.2758101851851851 0.43780381944444446
0 0.08506944444444443 0.33276186342592595 0.16626157407407408 0.4204137731481481
0 0.0876736111111111 0.7724175347222222 0.1193721064814815 0.28527199074074083
0 0.14950086805555557 0.9216724537037038 0.15640914351851853 0.15057870370370363
0 0.2525535300925926 0.8850549768518519 0.16905381944444442 0.21368634259259256
0 0.3259837962962963 0.7620153356481482 0.1591724537037037 0.20536747685185186
0 0.1865162037037037 0.7154947916666667 0.21484375 0.2746093749999998
0 0.2690104166666667 0.6105541087962962 0.12358217592592591 0.1742476851851853
0 0.17709780092592592 0.4755642361111111 0.1474537037037037 0.20475983796296293
0 0.3219184027777778 0.3556640625 0.2740596064814814 0.45137442129629635
0 0.15947627314814816 0.20967158564814814 0.1523148148148148 0.2694155092592593
0 0.20633680555555556 0.07432725694444445 0.09904513888888888 0.09881365740740738
0 0.5598451967592593 0.25341435185185185 0.22663483796296302 0.41183449074074074
0 0.6413049768518518 0.14461805555555554 0.14811921296296293 0.249681712962963
0 0.714720775462963 0.28447627314814816 0.12013888888888902 0.20529513888888884
0 0.8468243634259258 0.22973813657407405 0.19602141203703694 0.18971354166666665
0 0.9325159143518518 0.4341652199074074 0.13496817129629646 0.47203414351851847
0 0.8419053819444444 0.4254557291666667 0.14581886574074066 0.22614293981481481
0 0.7262731481481481 0.47054398148148147 0.16925636574074066 0.22735821759259256
0 0.7923900462962963 0.5795066550925926 0.13489583333333321 0.147511574074074
0 0.9295211226851852 0.7303674768518519 0.14095775462962967 0.2910011574074074
0 0.4883897569444444 0.06493778935185185 0.33615451388888884 0.1298755787037037
0 0.9037760416666667 0.07455150462962963 0.10052083333333339 0.14910300925925926
0 0.30461516203703703 0.11195384837962963 0.16727430555555556 0.22390769675925926
0 0.5032190393518519 0.38926504629629627 0.15555555555555545 0.2246961805555555
0 0.6464048032407408 0.5548249421296296 0.16971932870370354 0.25860821759259256
0 0.6416015625 0.7583550347222223 0.1610677083333334 0.2015625000000001