0 0.8541449652777777 0.23295717592592594 0.1361979166666667 0.12686631944444443
0 0.4850043402777777 0.9042317708333334 0.250072337962963 0.17313368055555545
0 0.4974681712962963 0.23961226851851852 0.12459490740740753 0.1284722222222222
0 0.7373697916666666 0.9202329282407407 0.20753761574074092 0.113382523148148
0 0.87509765625 0.8241247106481482 0.24980468749999996 0.28049768518518503
0 0.7932436342592593 0.08172381365740741 0.15804398148148158 0.16344762731481483
0 0.8940755208333333 0.24644820601851852 0.11734664351851842 0.10486111111111107
0 0.5011646412037036 0.5496166087962964 0.08689236111111098 0.08446180555555571
0 0.5655164930555555 0.7110821759259259 0.25224247685185186 0.4071614583333334
0 0.12790075231481482 0.32588975694444444 0.24029224537037036 0.4029079861111111
0 0.07620804398148148 0.6091652199074074 0.08543113425925924 0.15850694444444446
0 0.12320601851851852 0.7584273726851851 0.1548755787037037 0.27754629629629646
0 0.11605179398148148 0.9513599537037037 0.07000868055555556 0.09565972222222219
0 0.18956886574074072 0.9208116319444444 0.15344328703703702 0.15467303240740726
0 0.3003110532407407 0.8911168981481481 0.15070891203703707 0.20723379629629646
0 0.3834418402777778 0.7751736111111112 0.14759837962962963 0.18764467592592604
0 0.2496238425925926 0.7126157407407407 0.20013020833333334 0.2515914351851851
0 0.3371310763888889 0.6209997106481482 0.11484375000000002 0.16132812499999982
0 0.25428964120370373 0.47769097222222223 0.13599537037037035 0.18925057870370376
0 0.404810474537037 0.3763816550925926 0.24926215277777786 0.42267071759259256
0 0.2533130787037037 0.21358506944444444 0.13590856481481484 0.25358796296296293
0 0.3068504050925926 0.07699652777777777 0.0981626157407407 0.11014178240740741
0 0.6432942708333333 0.30670572916666666 0.20237268518518525 0.388136574074074
0 0.7285590277777778 0.21026475694444444 0.1327980324074074 0.23399884259259257
0 0.7929615162037037 0.35607638888888893 0.1088831018518519 0.1923466435185186
0 0.9160445601851852 0.31888020833333336 0.16791087962962958 0.16737557870370368
0 0.9729600694444445 0.5359230324074075 0.05407986111111107 0.45141782407407405
0 0.9097583912037037 0.5110966435185186 0.1333622685185185 0.21061921296296293
0 0.7931568287037037 0.5409649884259259 0.15656828703703707 0.20740740740740748
0 0.8517433449074074 0.6546657986111111 0.12861689814814814 0.13054108796296315
0 0.9567274305555555 0.8170066550925925 0.08654513888888893 0.2635850694444444
0 0.5821831597222222 0.07879774305555555 0.33233506944444446 0.1575954861111111
0 0.9751989293981482 0.14228153935185184 0.04960214120370354 0.20428240740740744
0 0.9139105902777778 0.03428819444444445 0.12860243055555554 0.0685763888888889
0 0.051909722222222225 0.08357204861111112 0.10057870370370371 0.11801215277777777
0 0.40206163194444444 0.13189380787037036 0.15737847222222223 0.22107928240740737
0 0.5803313078703703 0.43281250000000004 0.14289641203703707 0.2070023148148148
0 0.7093750000000001 0.6129050925925926 0.1547453703703705 0.24244791666666665
0 0.6928602430555555 0.812962962962963 0.15127314814814818 0.18385416666666665