0 0.8193359375 0.2724609375 0.115234375 0.109375
0 0.3876953125 0.900390625 0.2177734375 0.197265625
0 0.48046875 0.244140625 0.103515625 0.1123046875
0 0.6240234375 0.93359375 0.1865234375 0.1328125
0 0.7705078125 0.8427734375 0.212890625 0.26171875
0 0.78125 0.1220703125 0.1318359375 0.146484375
0 0.8564453125 0.2890625 0.1015625 0.08984375
0 0.4462890625 0.5390625 0.072265625 0.072265625
0 0.4873046875 0.697265625 0.193359375 0.3701171875
0 0.10546875 0.2919921875 0.2041015625 0.365234375
0 0.033203125 0.5576171875 0.06640625 0.1455078125
0 0.0595703125 0.7021484375 0.1181640625 0.25390625
0 0.0283203125 0.9169921875 0.0556640625 0.150390625
0 0.103515625 0.888671875 0.126953125 0.185546875
0 0.2138671875 0.8701171875 0.1181640625 0.232421875
0 0.3056640625 0.7421875 0.119140625 0.1669921875
0 0.185546875 0.669921875 0.162109375 0.2236328125
0 0.2802734375 0.58984375 0.0908203125 0.14453125
0 0.21875 0.447265625 0.1083984375 0.169921875
0 0.3740234375 0.365234375 0.1884765625 0.384765625
0 0.2509765625 0.1962890625 0.1005859375 0.232421875
0 0.318359375 0.072265625 0.080078125 0.09765625
0 0.6103515625 0.3212890625 0.1474609375 0.35546875
0 0.7041015625 0.23828125 0.099609375 0.2138671875
0 0.7470703125 0.3837890625 0.0810546875 0.17578125
0 0.8779296875 0.3603515625 0.1591796875 0.1435546875
0 0.9482421875 0.5732421875 0.1025390625 0.4267578125
0 0.837890625 0.541015625 0.1025390625 0.19140625
0 0.7236328125 0.5576171875 0.125 0.1865234375
0 0.765625 0.671875 0.1083984375 0.115234375
0 0.888671875 0.8447265625 0.1328125 0.24609375
0 0.9755859375 0.9287109375 0.048828125 0.142578125
0 0.583984375 0.0810546875 0.296875 0.162109375
0 0.9677734375 0.19921875 0.064453125 0.1943359375
0 0.9248046875 0.0595703125 0.1494140625 0.1181640625
0 0.0654296875 0.052734375 0.1044921875 0.10546875
0 0.40234375 0.1328125 0.1240234375 0.19921875
0 0.5341796875 0.435546875 0.11328125 0.1865234375
0 0.6357421875 0.6181640625 0.119140625 0.21875
0 0.595703125 0.806640625 0.123046875 0.1630859375