0 0.13082320601851852 0.5468388310185186 0.20999710648148145 0.19607928240740735
0 0.6700303819444444 0.4360315393518518 0.24037905092592604 0.22689525462962967
0 0.22088396990740738 0.32578848379629627 0.2777777777777778 0.23663194444444446
0 0.06593605324074074 0.27241753472222224 0.09816261574074073 0.1240017361111111
0 0.6409505208333334 0.2737919560185185 0.2544849537037037 0.18668981481481484
0 0.9001012731481481 0.56640625 0.1616030092592593 0.20526620370370363
0 0.43778935185185186 0.18003472222222222 0.16420717592592582 0.17031249999999998
0 0.6105685763888888 0.5677734375 0.07928240740740744 0.08793402777777781
0 0.9394892939814815 0.4503255208333333 0.08846932870370372 0.12544849537037028
0 0.4537037037037037 0.27667824074074077 0.15538194444444442 0.1425636574074074
0 0.22251157407407407 0.1342230902777778 0.34794560185185186 0.2684461805555556
0 0.3189742476851852 0.029296875 0.11595775462962965 0.05859375
0 0.39988425925925924 0.07483000578703704 0.1812065972222222 0.14966001157407408
0 0.7418619791666666 0.7071686921296296 0.11856192129629628 0.09581886574074083
0 0.8521050347222222 0.783326099537037 0.09114583333333326 0.09244791666666674
0 0.6831597222222222 0.08153935185185185 0.146484375 0.11286168981481481
0 0.5606915509259259 0.07229456018518518 0.10850694444444442 0.0875