0 0.8355251736111111 0.6083188657407408 0.19797453703703694 0.18981481481481488
0 0.3177083333333333 0.4995008680555556 0.22767650462962963 0.21867766203703698
0 0.7523509837962963 0.39518229166666663 0.26294849537037024 0.22831307870370376
0 0.9174262152777777 0.3403139467592593 0.12096354166666679 0.12922453703703707
0 0.34858217592592594 0.34399594907407405 0.2407696759259259 0.18032407407407414
0 0.08833188657407408 0.6271484375 0.16103877314814816 0.1996093750000001
0 0.5473017939814815 0.2547670717592593 0.15465856481481488 0.1641493055555555
0 0.37229456018518514 0.6272352430555556 0.07540509259259265 0.08392650462962958
0 0.05251736111111111 0.5150245949074075 0.0916087962962963 0.12379918981481497
0 0.5291594328703704 0.34750434027777777 0.1464699074074074 0.13835358796296293
0 0.7562500000000001 0.1972945601851852 0.33217592592592604 0.2904513888888889
0 0.6648871527777778 0.09009693287037038 0.11067708333333326 0.09356192129629631
0 0.5857494212962964 0.1494212962962963 0.17200520833333321 0.1494357638888889
0 0.24353298611111113 0.7620515046296297 0.11260127314814816 0.09171006944444438
0 0.13435329861111112 0.8354311342592593 0.08525752314814816 0.0902922453703705
0 0.31265914351851853 0.15868055555555555 0.1382233796296296 0.10865162037037035
0 0.6994502314814814 0.051880787037037045 0.08249421296296289 0.035503472222222235
0 0.4305917245370371 0.1491825810185185 0.10274884259259265 0.08534432870370368