0 0.2001953125 0.6435546875 0.1650390625 0.142578125
0 0.6787109375 0.4404296875 0.189453125 0.1650390625
0 0.2275390625 0.421875 0.224609375 0.1630859375
0 0.0498046875 0.40234375 0.099609375 0.1015625
0 0.6083984375 0.2958984375 0.2158203125 0.1181640625
0 0.9375 0.5185546875 0.125 0.166015625
0 0.392578125 0.248046875 0.1240234375 0.1298828125
0 0.658203125 0.5732421875 0.0595703125 0.068359375
0 0.9541015625 0.40234375 0.091796875 0.099609375
0 0.43359375 0.333984375 0.1220703125 0.1025390625
0 0.1728515625 0.232421875 0.283203125 0.208984375
0 0.2353515625 0.1123046875 0.0947265625 0.0673828125
0 0.3271484375 0.154296875 0.146484375 0.107421875
0 0.818359375 0.6787109375 0.0986328125 0.0634765625
0 0.943359375 0.728515625 0.0693359375 0.0703125
0 0.5966796875 0.111328125 0.12109375 0.0732421875
0 0.037109375 0.078125 0.0732421875 0.068359375
0 0.1884765625 0.0673828125 0.0751953125 0.041015625
0 0.4794921875 0.125 0.08984375 0.0595703125
0 0.2333984375 0.0283203125 0.107421875 0.056640625
0 0.05078125 0.0234375 0.1005859375 0.044921875
0 0.9453125 0.1337890625 0.0595703125 0.056640625