0 0.3323640046296297 0.5587239583333333 0.07417534722222219 0.06927083333333339
0 0.3253833912037037 0.3009114583333333 0.044357638888888884 0.04973958333333339
0 0.49021267361111115 0.724609375 0.1006076388888889 0.10611979166666674
0 0.020095486111111113 0.6501953125 0.040190972222222225 0.06601562499999991
0 0.7225188078703704 0.7130208333333333 0.06866319444444446 0.0805989583333333
0 0.5660590277777777 0.6318359375 0.07688078703703694 0.09479166666666661
0 0.007711226851851853 0.9555989583333333 0.015422453703703706 0.05755208333333339
0 0.8746310763888889 0.5791015625 0.06263020833333321 0.07434895833333321
0 0.3871672453703704 0.6827473958333333 0.05435474537037033 0.05820312499999991
0 0.5993272569444444 0.06822916666666667 0.06050347222222219 0.068359375
0 0.5475911458333333 0.23541666666666666 0.07107928240740735 0.09635416666666663
0 0.662377025462963 0.17708333333333331 0.06257233796296302 0.07239583333333333
0 0.42233796296296294 0.21940104166666666 0.08482349537037037 0.16549479166666664
0 0.36979166666666663 0.940234375 0.07802372685185177 0.06757812499999982
0 0.14751157407407406 0.1529296875 0.07821180555555551 0.13971354166666666
0 0.3637297453703704 0.42115885416666665 0.04619502314814805 0.04596354166666661
0 0.32881944444444444 0.3494140625 0.05642361111111116 0.06223958333333335
0 0.8047743055555556 0.33815104166666665 0.08394097222222241 0.06992187499999991
0 0.9074580439814814 0.32643229166666665 0.07825520833333321 0.07539062500000004
0 0.5931640625 0.14466145833333333 0.07026909722222219 0.06901041666666669
0 0.7550202546296296 0.10950520833333333 0.09045138888888893 0.15807291666666667
0 0.2950376157407407 0.6343098958333333 0.06257233796296302 0.07239583333333321
0 0.688722511574074 0.537890625 0.05855034722222219 0.06822916666666679
0 0.8744502314814815 0.4865234375 0.058318865740740744 0.060416666666666674
0 0.24232494212962963 0.4068359375 0.05435474537037033 0.05820312499999991
0 0.3911675347222222 0.1201171875 0.041145833333333326 0.07291666666666669
0 0.6439163773148149 0.5369791666666667 0.0492476851851853 0.08320312500000004
0 0.6873336226851852 0.45319010416666666 0.05855034722222219 0.06822916666666667
0 0.2724898726851852 0.5071614583333334 0.08233506944444446 0.0815104166666667
0 0.878833912037037 0.40436197916666666 0.074117476851852 0.06731770833333328
0 0.9609519675925926 0.26438802083333335 0.06177662037037024 0.111328125
0 0.9587962962962964 0.13977864583333333 0.06597222222222232 0.12135416666666665
0 0.784353298611111 0.20501302083333334 0.06516203703703694 0.09401041666666665
0 0.7965205439814815 0.649609375 0.10160590277777759 0.2055989583333333
0 0.9279296875 0.8854817708333333 0.06355613425925943 0.10559895833333321
0 0.8740451388888888 0.894921875 0.06906828703703694 0.0942708333333333
0 0.9429904513888889 0.7061197916666667 0.05740740740740735 0.09544270833333335
0 0.867433449074074 0.7891276041666666 0.09791666666666665 0.1468750000000001
0 0.7953414351851852 0.7880859375 0.049421296296296324 0.08906250000000004
0 0.8406394675925926 0.11451822916666667 0.08981481481481479 0.13658854166666665
0 0.955150462962963 0.3944010416666667 0.06643518518518521 0.13697916666666665
0 0.9183015046296297 0.5196614583333333 0.0673466435185186 0.10195312500000009
0 0.961060474537037 0.5567708333333334 0.037413194444444464 0.07851562500000009
0 0.6938006365740741 0.30071614583333334 0.06993634259259274 0.1235677083333333
0 0.649146412037037 0.26178385416666666 0.06809895833333335 0.12734374999999998
0 0.6555555555555556 0.3744140625 0.06413483796296293 0.12513020833333344
0 0.5946903935185186 0.3891927083333333 0.08608217592592604 0.1421874999999999
0 0.5316550925925926 0.4772135416666667 0.07022569444444438 0.13333333333333341
0 0.5888093171296296 0.48899739583333335 0.05688657407407405 0.07786458333333335
0 0.4892505787037037 0.39524739583333335 0.08039641203703707 0.14765625000000004
0 0.44165943287037035 0.5212239583333333 0.06355613425925921 0.10559895833333321
0 0.4609664351851852 0.626171875 0.07436342592592593 0.14140625000000018
0 0.32826967592592593 0.7626953125 0.062008101851851904 0.119140625
0 0.32057291666666665 0.8908854166666667 0.08010706018518521 0.13789062500000004
0 0.4423538773148148 0.8925130208333334 0.07366898148148149 0.11796875000000018
0 0.4628472222222222 0.957421875 0.05135995370370372 0.022916666666666696
0 0.517650462962963 0.9498697916666666 0.055497685185185164 0.030989583333333348
0 0.6211588541666666 0.7129557291666666 0.07119502314814818 0.10026041666666652
0 0.6345269097222221 0.7880859375 0.05959201388888902 0.10338541666666679
0 0.6897786458333333 0.8311848958333333 0.09492187499999982 0.11158854166666665
0 0.7548321759259259 0.8395182291666667 0.045515046296296324 0.08880208333333339
0 0.7497902199074074 0.38470052083333334 0.06171874999999982 0.109375
0 0.7844184027777779 0.4330729166666667 0.03953993055555571 0.0845052083333333
0 0.9037181712962963 0.22239583333333332 0.08561921296296293 0.12656249999999997
0 0.8513744212962964 0.278515625 0.06378761574074066 0.11341145833333333
0 0.8823133680555555 0.015592447916666669 0.06866319444444446 0.031184895833333337
0 0.511009837962963 0.06373697916666667 0.08028067129629624 0.12747395833333333
0 0.47390769675925926 0.041666666666666664 0.05609085648148149 0.08333333333333333
0 0.4266637731481482 0.022526041666666666 0.04120370370370363 0.04505208333333333
0 0.3966145833333333 0.041666666666666664 0.04769965277777777 0.08333333333333333
0 0.30205439814814816 0.20013020833333334 0.08637152777777779 0.15195312500000002
0 0.23584346064814815 0.09928385416666666 0.09021990740740737 0.15026041666666667
0 0.12058738425925926 0.0748046875 0.04810474537037038 0.11041666666666666
0 0.07717013888888889 0.030598958333333332 0.060503472222222215 0.061197916666666664
0 0.02865306712962963 0.05423177083333333 0.03644386574074074 0.10846354166666666
0 0.09024884259259258 0.24348958333333334 0.07722800925925927 0.10651041666666666
0 0.9893012152777778 0.02389322916666667 0.0204716435185186 0.04778645833333334
0 0.7359736689814815 0.5220703125 0.04723668981481488 0.08111979166666661
0 0.6773871527777777 0.6244140625000001 0.07136863425925943 0.10611979166666652
0 0.5765190972222223 0.8708984375 0.09499421296296306 0.17981770833333321
0 0.23061342592592593 0.9007812500000001 0.08590856481481479 0.1363281249999999
0 0.17703993055555556 0.9326171875 0.07102141203703705 0.09440104166666674
0 0.054050925925925926 0.8072916666666667 0.07769097222222222 0.12213541666666661
0 0.17469618055555555 0.7485677083333333 0.1017795138888889 0.2114583333333333
0 0.1300853587962963 0.3792317708333333 0.06556712962962963 0.10768229166666665
0 0.0716869212962963 0.40944010416666665 0.06183449074074074 0.11328125
0 0.033148871527777776 0.28938802083333337 0.06629774305555555 0.11979166666666674
0 0.015943287037037037 0.4409505208333333 0.031886574074074074 0.1395833333333334
0 0.0056857638888888895 0.5860026041666666 0.011371527777777779 0.09752604166666679
0 0.027155671296296296 0.7281901041666667 0.043446180555555554 0.08476562500000018
0 0.169603587962963 0.5257161458333333 0.10321180555555554 0.19401041666666652
0 0.3829065393518518 0.3331380208333333 0.06355613425925921 0.10559895833333333
0 0.6882161458333333 0.09446614583333333 0.051490162037036935 0.09309895833333334
0 0.7429542824074074 0.014062499999999999 0.1074942129629628 0.028124999999999997
0 0.6221498842592592 0.01044921875 0.11691261574074074 0.0208984375
0 0.6385054976851852 0.06171875 0.05189525462962963 0.10677083333333334
0 0.7410228587962963 0.9437500000000001 0.06474247685185186 0.014062500000000089
0 0.3955729166666667 0.8595703125 0.06562500000000004 0.10963541666666665
0 0.373900462962963 0.8015625 0.06833043981481479 0.1351562500000001
0 0.07539785879629629 0.9091796875 0.08418692129629629 0.1440104166666667
0 0.01252170138888889 0.8479817708333333 0.02504340277777778 0.09700520833333348
0 0.26692708333333337 0.7277994791666667 0.04907407407407405 0.07734375000000004
0 0.06351996527777778 0.5863932291666667 0.08155381944444445 0.18671875000000004
0 0.2959490740740741 0.022135416666666664 0.04872685185185177 0.04427083333333333
0 0.9188078703703704 0.04205729166666667 0.06475694444444446 0.08033854166666667
0 0.9363425925925926 0.0017578125000000007 0.048379629629629495 0.0035156250000000014
0 0.23955439814814813 0.33587239583333334 0.06757812499999999 0.10976562499999998
0 0.25115740740740744 0.6021484375 0.053616898148148184 0.0990885416666667
0 0.2316550925925926 0.20774739583333332 0.0512586805555556 0.08528645833333331
0 0.8237774884259259 0.519140625 0.04712094907407405 0.07721354166666661