0 0.626953125 0.5673828125 0.0673828125 0.05859375
0 0.6494140625 0.3193359375 0.0400390625 0.0439453125
0 0.4638671875 0.73046875 0.08984375 0.091796875
0 0.9287109375 0.6455078125 0.048828125 0.05859375
0 0.240234375 0.7265625 0.0625 0.0703125
0 0.396484375 0.64453125 0.0673828125 0.0849609375
0 0.94921875 0.95703125 0.078125 0.083984375
0 0.1025390625 0.603515625 0.056640625 0.064453125
0 0.5654296875 0.6875 0.048828125 0.05078125
0 0.3994140625 0.10546875 0.0546875 0.0595703125
0 0.4384765625 0.263671875 0.0615234375 0.0849609375
0 0.33203125 0.2109375 0.056640625 0.0634765625
0 0.560546875 0.244140625 0.0712890625 0.150390625
0 0.568359375 0.9443359375 0.0712890625 0.076171875
0 0.830078125 0.1728515625 0.0673828125 0.1279296875
0 0.6044921875 0.435546875 0.041015625 0.0400390625
0 0.642578125 0.3662109375 0.0498046875 0.0556640625
0 0.1845703125 0.3701171875 0.076171875 0.0595703125
0 0.0869140625 0.361328125 0.0712890625 0.064453125
0 0.400390625 0.177734375 0.0625 0.0595703125
0 0.9814453125 0.6611328125 0.037109375 0.052734375
0 0.2470703125 0.1494140625 0.0771484375 0.14453125
0 0.6572265625 0.638671875 0.0546875 0.0634765625
0 0.2841796875 0.5576171875 0.052734375 0.060546875
0 0.1083984375 0.5146484375 0.0537109375 0.0517578125
0 0.72265625 0.4189453125 0.0498046875 0.0498046875
0 0.59765625 0.1474609375 0.03515625 0.06640625
0 0.3271484375 0.5556640625 0.04296875 0.07421875
0 0.291015625 0.4765625 0.0517578125 0.060546875
0 0.6875 0.5166015625 0.07421875 0.0712890625
0 0.109375 0.435546875 0.06640625 0.0576171875
0 0.0361328125 0.3056640625 0.0634765625 0.1025390625
0 0.048828125 0.1845703125 0.0556640625 0.111328125
0 0.212890625 0.2421875 0.056640625 0.083984375
0 0.173828125 0.6689453125 0.0859375 0.1884765625
0 0.029296875 0.908203125 0.05859375 0.1162109375
0 0.08203125 0.9111328125 0.060546875 0.095703125
0 0.0283203125 0.73046875 0.056640625 0.0869140625
0 0.0966796875 0.8046875 0.0869140625 0.1318359375
0 0.166015625 0.80078125 0.041015625 0.08203125
0 0.1640625 0.15625 0.078125 0.1220703125
0 0.0341796875 0.4306640625 0.0673828125 0.123046875
0 0.0634765625 0.546875 0.05859375 0.0908203125
0 0.01953125 0.587890625 0.0390625 0.0732421875
0 0.2939453125 0.3310546875 0.060546875 0.111328125
0 0.33984375 0.2919921875 0.0576171875 0.1162109375
0 0.326171875 0.400390625 0.0537109375 0.1142578125
0 0.384765625 0.412109375 0.07421875 0.12890625
0 0.4404296875 0.494140625 0.0595703125 0.12109375
0 0.3837890625 0.5078125 0.05078125 0.0693359375
0 0.4853515625 0.4150390625 0.068359375 0.1337890625
0 0.5234375 0.5341796875 0.0546875 0.0966796875
0 0.498046875 0.63671875 0.064453125 0.12890625
0 0.6181640625 0.76171875 0.052734375 0.109375
0 0.6171875 0.884765625 0.068359375 0.125
0 0.5 0.890625 0.064453125 0.10546875
0 0.4765625 0.9736328125 0.0498046875 0.052734375
0 0.423828125 0.9697265625 0.0517578125 0.060546875
0 0.3388671875 0.7236328125 0.0615234375 0.08984375
0 0.3203125 0.7958984375 0.05078125 0.09375
0 0.265625 0.83984375 0.0849609375 0.09765625
0 0.2021484375 0.849609375 0.0400390625 0.0810546875
0 0.234375 0.4130859375 0.0537109375 0.0986328125
0 0.19921875 0.4599609375 0.0341796875 0.078125
0 0.095703125 0.26171875 0.07421875 0.11328125
0 0.1435546875 0.3134765625 0.0537109375 0.103515625
0 0.1328125 0.0390625 0.060546875 0.0771484375
0 0.486328125 0.08984375 0.0693359375 0.1298828125
0 0.5244140625 0.0576171875 0.046875 0.115234375
0 0.5703125 0.0390625 0.03515625 0.078125
0 0.59765625 0.06640625 0.041015625 0.087890625
0 0.677734375 0.2216796875 0.0732421875 0.1376953125
0 0.748046875 0.1240234375 0.078125 0.1357421875
0 0.861328125 0.0966796875 0.041015625 0.1005859375
0 0.90625 0.041015625 0.0537109375 0.08203125
0 0.96875 0.06640625 0.0625 0.119140625
0 0.8798828125 0.2578125 0.068359375 0.0947265625
0 0.017578125 0.0478515625 0.03515625 0.095703125
0 0.240234375 0.5439453125 0.041015625 0.07421875
0 0.2890625 0.640625 0.0634765625 0.095703125
0 0.3720703125 0.873046875 0.0810546875 0.1650390625
0 0.7041015625 0.890625 0.07421875 0.1220703125
0 0.75390625 0.939453125 0.064453125 0.115234375
0 0.8798828125 0.796875 0.06640625 0.1103515625
0 0.7666015625 0.744140625 0.0859375 0.193359375
0 0.83203125 0.388671875 0.056640625 0.0966796875
0 0.8876953125 0.416015625 0.052734375 0.1044921875
0 0.9375 0.30078125 0.064453125 0.1083984375
0 0.9638671875 0.4443359375 0.0703125 0.1298828125
0 0.9677734375 0.5869140625 0.060546875 0.091796875
0 0.9091796875 0.720703125 0.0380859375 0.078125
0 0.78515625 0.5302734375 0.087890625 0.1767578125
0 0.5908203125 0.3515625 0.0537109375 0.0966796875
0 0.3125 0.1328125 0.04296875 0.083984375
0 0.2685546875 0.0341796875 0.09765625 0.068359375
0 0.3837890625 0.0283203125 0.1103515625 0.056640625
0 0.3623046875 0.099609375 0.0439453125 0.09765625
0 0.208984375 0.9736328125 0.060546875 0.052734375
0 0.5458984375 0.8583984375 0.0556640625 0.09765625
0 0.5703125 0.80078125 0.0576171875 0.123046875
0 0.8525390625 0.8955078125 0.0732421875 0.130859375
0 0.9287109375 0.8349609375 0.044921875 0.0888671875
0 0.6787109375 0.7265625 0.04296875 0.0693359375
0 0.8828125 0.5849609375 0.06640625 0.171875
0 0.697265625 0.0361328125 0.0419921875 0.072265625
0 0.0927734375 0.0888671875 0.05859375 0.0703125
0 0.0810546875 0.02734375 0.0439453125 0.046875
0 0.7294921875 0.3505859375 0.05859375 0.0986328125
0 0.7021484375 0.6064453125 0.0458984375 0.08984375
0 0.74609375 0.2275390625 0.044921875 0.076171875
0 0.1552734375 0.5439453125 0.041015625 0.0693359375