0 0.35090422453703707 0.587890625 0.08654513888888893 0.076171875
0 0.2886863425925926 0.3359375 0.054021990740740655 0.0546875
0 0.5470775462962962 0.7216796875 0.12010995370370381 0.115234375
0 0.04724392361111111 0.7353515625 0.0667824074074074 0.072265625
0 0.7806134259259259 0.669921875 0.08528645833333348 0.087890625
0 0.6039930555555556 0.6181640625 0.09402488425925926 0.103515625
0 0.9052806712962963 0.5107421875 0.07701099537037037 0.080078125
0 0.4341507523148148 0.69921875 0.06620370370370376 0.0625
0 0.5150824652777778 0.05859375 0.0747106481481481 0.07421875
0 0.49898003472222224 0.2314453125 0.08804976851851853 0.1015625
0 0.603219039351852 0.1533203125 0.07689525462962976 0.078125
0 0.3686921296296296 0.23828125 0.11760706018518519 0.171875
0 0.4725260416666667 0.9580078125 0.09482060185185182 0.083984375
0 0.07567274305555555 0.22265625 0.1064525462962963 0.1484375
0 0.35240162037037037 0.447265625 0.05574363425925921 0.05078125
0 0.3015335648148148 0.3828125 0.06850405092592593 0.068359375
0 0.7818721064814815 0.2861328125 0.09642650462962976 0.078125
0 0.8832754629629629 0.255859375 0.09275173611111098 0.08203125
0 0.5252170138888889 0.134765625 0.08263888888888893 0.076171875
0 0.010583043981481483 0.759765625 0.021166087962962966 0.05859375
0 0.6820095486111111 0.076171875 0.12035590277777786 0.15234375
0 0.3304759837962963 0.6689453125 0.07689525462962954 0.078125
0 0.7074435763888889 0.50390625 0.0727575231481481 0.07421875
0 0.8843532986111111 0.4189453125 0.07034143518518521 0.06640625
0 0.2269386574074074 0.455078125 0.06631944444444443 0.064453125
0 0.3145616319444444 0.146484375 0.05541087962962954 0.078125
0 0.6611979166666666 0.509765625 0.06575520833333348 0.087890625
0 0.6880063657407407 0.419921875 0.0708043981481481 0.07421875
0 0.27900028935185184 0.548828125 0.09918981481481481 0.091796875
0 0.8715784143518519 0.337890625 0.0864293981481481 0.07421875
0 0.9146701388888889 0.1875 0.06519097222222214 0.111328125
0 0.8907696759259259 0.0634765625 0.0776041666666667 0.123046875
0 0.7317780671296297 0.1591796875 0.08207465277777759 0.099609375
0 0.8417100694444444 0.5947265625 0.1435908564814814 0.21484375
0 0.9422526041666667 0.826171875 0.024291087962962976 0.11328125
0 0.9204137731481481 0.716796875 0.08347800925925908 0.15625
0 0.8698567708333333 0.7294921875 0.06610243055555554 0.09375
0 0.7685257523148148 0.06640625 0.11529224537037042 0.1328125
0 0.9343171296296297 0.3173828125 0.07255497685185186 0.13671875
0 0.9347222222222222 0.4423828125 0.0844907407407407 0.107421875
0 0.6617621527777777 0.26953125 0.09357638888888875 0.12890625
0 0.6079499421296297 0.23828125 0.09392361111111125 0.134765625
0 0.6385199652777778 0.3486328125 0.08783275462962958 0.130859375
0 0.5803747106481482 0.3740234375 0.11438078703703702 0.150390625
0 0.5345486111111111 0.4716796875 0.09610821759259247 0.138671875
0 0.5960141782407408 0.47265625 0.07333622685185182 0.083984375
0 0.47443576388888886 0.3984375 0.10875289351851847 0.154296875
0 0.45289351851851856 0.53125 0.08472222222222214 0.111328125
0 0.4967375578703704 0.6318359375 0.1025462962962963 0.1484375
0 0.3907407407407407 0.7890625 0.08553240740740731 0.125
0 0.4115379050925926 0.916015625 0.10622106481481475 0.14453125
0 0.534765625 0.896484375 0.0971354166666667 0.123046875
0 0.5736255787037037 0.9658203125 0.061255787037036935 0.044921875
0 0.6253906250000001 0.94921875 0.06574074074074066 0.0546875
0 0.6780092592592593 0.6875 0.09023437500000009 0.10546875
0 0.7079644097222222 0.7587890625 0.08070023148148131 0.109375
0 0.7724609375 0.791015625 0.11643518518518525 0.119140625
0 0.8409939236111111 0.7880859375 0.06414930555555554 0.09375
0 0.7375 0.3427734375 0.08495370370370381 0.115234375
0 0.7819444444444444 0.3837890625 0.05794270833333326 0.087890625
0 0.8580439814814815 0.154296875 0.10954861111111125 0.134765625
0 0.816138599537037 0.21875 0.08518518518518525 0.119140625
0 0.42374131944444443 0.0673828125 0.10564236111111114 0.134765625
0 0.38255931712962965 0.0537109375 0.06966145833333326 0.087890625
0 0.32936921296296295 0.044921875 0.04769965277777777 0.046875
0 0.30454282407407407 0.068359375 0.061501736111111094 0.08203125
0 0.24162326388888888 0.240234375 0.11495949074074074 0.16015625
0 0.15394241898148148 0.154296875 0.11875000000000002 0.158203125
0 0.032866753472222225 0.150390625 0.06573350694444445 0.11328125
0 0.0060112847222222225 0.12109375 0.012022569444444445 0.0546875
0 0.04291087962962963 0.322265625 0.08582175925925926 0.11328125
0 0.7518590856481482 0.4794921875 0.06368634259259265 0.0859375
0 0.7159649884259259 0.5908203125 0.09265046296296298 0.11328125
0 0.6663917824074075 0.8505859375 0.1303674768518519 0.189453125
0 0.32059461805555556 0.9345703125 0.11127025462962958 0.130859375
0 0.27772714120370373 0.9658203125 0.09194155092592593 0.068359375
0 0.12254774305555556 0.8818359375 0.10138888888888889 0.12890625
0 0.23368055555555556 0.802734375 0.14393807870370368 0.220703125
0 0.1072265625 0.4482421875 0.08679108796296295 0.11328125
0 0.054130497685185186 0.4873046875 0.0851851851851852 0.119140625
0 0.016015625 0.3798828125 0.03203125 0.126953125
0 0.016673900462962965 0.53125 0.03334780092592593 0.14453125
0 0.0210033275462963 0.677734375 0.0420066550925926 0.103515625
0 0.07995515046296296 0.8095703125 0.061964699074074064 0.08984375
0 0.17920283564814815 0.5849609375 0.14289641203703707 0.203125
0 0.3538773148148148 0.3564453125 0.08276909722222225 0.111328125
0 0.6102647569444444 0.0673828125 0.0702401620370372 0.09765625
0 0.5230324074074074 0.0068359375 0.11799768518518516 0.013671875
0 0.5517361111111111 0.0498046875 0.07230902777777781 0.099609375
0 0.8515118634259259 0.9072265625 0.07309027777777777 0.046875
0 0.48152488425925927 0.8720703125 0.0869068287037037 0.115234375
0 0.4466218171296297 0.818359375 0.0942708333333333 0.140625
0 0.16824363425925926 0.951171875 0.11125578703703703 0.09765625
0 0.07656973379629631 0.9326171875 0.07242476851851853 0.1015625
0 0.321875 0.7646484375 0.0654079861111112 0.08203125
0 0.08472945601851851 0.6630859375 0.11888020833333332 0.193359375
0 0.19700520833333335 0.0703125 0.053327546296296324 0.04296875
0 0.8305338541666667 0.0087890625 0.07721354166666661 0.017578125
0 0.20956307870370372 0.3857421875 0.0908130787037037 0.115234375
0 0.27815393518518516 0.6455078125 0.07254050925925926 0.103515625
0 0.17199074074074072 0.26171875 0.06782407407407409 0.08984375
0 0.8408492476851852 0.4609375 0.06150173611111098 0.08203125