0 0.275390625 0.3984375 0.224609375 0.2021484375
0 0.79296875 0.1201171875 0.2099609375 0.1953125
0 0.5712890625 0.337890625 0.20703125 0.1953125
0 0.66796875 0.701171875 0.1796875 0.16796875
0 0.1064453125 0.7265625 0.212890625 0.2470703125
0 0.9423828125 0.7470703125 0.1103515625 0.0947265625
0 0.56640625 0.9033203125 0.1123046875 0.1025390625
0 0.8603515625 0.2998046875 0.1494140625 0.205078125
0 0.5380859375 0.76171875 0.2041015625 0.158203125
0 0.068359375 0.322265625 0.1357421875 0.2802734375
0 0.2373046875 0.0576171875 0.111328125 0.115234375
0 0.3505859375 0.0595703125 0.099609375 0.10546875
0 0.5966796875 0.5244140625 0.1708984375 0.1591796875
0 0.9453125 0.5751953125 0.109375 0.205078125