0 0.4127387152777777 0.8050130208333334 0.2279947916666667 0.23350694444444442
0 0.16604456018518518 0.42107204861111114 0.33208912037037036 0.3375434027777777
0 0.15437644675925927 0.059830729166666666 0.18343460648148147 0.11966145833333333
0 0.8141782407407407 0.2640407986111111 0.255685763888889 0.25755208333333335
0 0.5314814814814814 0.6315321180555555 0.19240451388888902 0.20342881944444446
0 0.895384837962963 0.4496744791666667 0.19840856481481484 0.21332465277777768
0 0.006597222222222222 0.7526692708333333 0.013194444444444444 0.1235677083333333
0 0.9635850694444444 0.1953125 0.06976273148148149 0.2280381944444444
0 0.4398582175925926 0.22647569444444446 0.2841579861111112 0.3343315972222222
0 0.01609519675925926 0.8920789930555555 0.03219039351851852 0.06740451388888902
0 0.8695023148148149 0.7470269097222222 0.18849826388888902 0.20334201388888884
0 0.7899522569444444 0.647265625 0.1879774305555557 0.16818576388888884
0 0.21647135416666666 0.8738064236111112 0.22549189814814813 0.1963541666666666
0 0.5244357638888888 0.4481553819444445 0.1488281250000001 0.16145833333333326
0 0.4066984953703704 0.4878689236111111 0.22382812500000004 0.2158420138888888
0 0.39110243055555555 0.09088541666666666 0.1508391203703704 0.16540798611111113
0 0.685373263888889 0.7872395833333333 0.2118489583333334 0.19800347222222214