0 0.40234375 0.7919921875 0.2373046875 0.2294921875
0 0.69140625 0.44140625 0.16796875 0.1640625
0 0.1064453125 0.51171875 0.19921875 0.27734375
0 0.458984375 0.36328125 0.083984375 0.087890625
0 0.17578125 0.1240234375 0.083984375 0.0859375
0 0.4873046875 0.0615234375 0.23828125 0.123046875
0 0.9423828125 0.0751953125 0.115234375 0.150390625
0 0.9501953125 0.60546875 0.09375 0.1298828125
0 0.8046875 0.0576171875 0.0986328125 0.115234375
0 0.1064453125 0.267578125 0.0673828125 0.0703125
0 0.82421875 0.935546875 0.1357421875 0.1171875
0 0.8837890625 0.36328125 0.2001953125 0.212890625