0 0.21981336805555557 0.33566261574074074 0.33428819444444446 0.3334346064814815
0 0.3177734375 0.5860170717592592 0.18676215277777786 0.21365740740740735
0 0.0925564236111111 0.6548828125 0.1851128472222222 0.2603153935185185
0 0.28483072916666663 0.8451027199074075 0.3343315972222223 0.2905815972222223
0 0.8354166666666667 0.7072844328703705 0.24231770833333321 0.236429398148148
0 0.4086588541666667 0.1189597800925926 0.21310763888888884 0.23664641203703704
0 0.6475694444444444 0.5070601851851853 0.24817708333333321 0.2367766203703705
0 0.08220486111111111 0.9287760416666666 0.16440972222222222 0.13943865740740735
0 0.5735460069444445 0.13451244212962962 0.1831597222222221 0.17643229166666669
0 0.10112847222222222 0.17906539351851852 0.20073784722222224 0.17747395833333335
0 0.1404079861111111 0.0842086226851852 0.16675347222222225 0.15792824074074074
0 0.6302300347222223 0.8314525462962963 0.2749565972222223 0.26953125
0 0.8622178819444445 0.5206380208333333 0.19166666666666665 0.19252025462962963
0 0.7880859375 0.024269386574074077 0.255859375 0.048538773148148154
0 0.7421223958333334 0.15471643518518519 0.268532986111111 0.21265914351851856