0 0.4814453125 0.7998046875 0.1875 0.1923828125
0 0.16015625 0.4755859375 0.3076171875 0.271484375
0 0.0849609375 0.0908203125 0.1650390625 0.171875
0 0.767578125 0.2255859375 0.2119140625 0.2109375
0 0.5634765625 0.6171875 0.1572265625 0.16796875
0 0.88671875 0.390625 0.1767578125 0.1748046875
0 0.041015625 0.8193359375 0.08203125 0.109375
0 0.9423828125 0.1337890625 0.115234375 0.2041015625
0 0.4013671875 0.2451171875 0.2255859375 0.2841796875
0 0.0654296875 0.9638671875 0.1298828125 0.0712890625
0 0.9169921875 0.6796875 0.1650390625 0.1669921875
0 0.8154296875 0.5947265625 0.1591796875 0.1337890625
0 0.98046875 0.275390625 0.0390625 0.1455078125
0 0.3076171875 0.90625 0.193359375 0.177734375
0 0.5224609375 0.4443359375 0.12109375 0.1337890625
0 0.4169921875 0.4990234375 0.185546875 0.1748046875
0 0.330078125 0.123046875 0.1220703125 0.1396484375
0 0.740234375 0.7431640625 0.177734375 0.158203125