0 0.6374059606481481 0.8167679398148149 0.24642650462962967 0.24837962962962967
0 0.8334563078703704 0.42667824074074073 0.3330873842592592 0.35972222222222217
0 0.8208478009259259 0.08442563657407408 0.18466435185185182 0.09330150462962963
0 0.18721788194444444 0.28425202546296297 0.2772280092592593 0.2752893518518519
0 0.5026258680555555 0.6452473958333333 0.2094184027777779 0.2153067129629629
0 0.1263527199074074 0.4728877314814815 0.21011284722222223 0.227025462962963
0 0.041399016203703703 0.22217158564814815 0.0702980324074074 0.2334056712962963
0 0.5544343171296297 0.2380642361111111 0.3129918981481481 0.3530815972222222
0 0.17611400462962962 0.770457175925926 0.2094184027777778 0.2153067129629629
0 0.24689670138888886 0.6670355902777778 0.20159143518518519 0.18179976851851842
0 0.8424551504629629 0.8876121238425926 0.2475694444444443 0.22477575231481484
0 0.4936993634259259 0.46175491898148147 0.1620659722222222 0.17196180555555562
0 0.6136574074074075 0.4981553819444444 0.23952546296296306 0.2304976851851852
0 0.5895326967592592 0.10747974537037037 0.16344039351851847 0.16229745370370371
0 0.3651186342592593 0.8055700231481482 0.22676504629629624 0.21231192129629628