0 0.5311053240740741 0.1277126736111111 0.15545428240740744 0.1631076388888889
0 0.883543113425926 0.25750868055555554 0.23071469907407405 0.3070312500000001
0 0.6698206018518518 0.24748263888888888 0.2398148148148147 0.21762152777777777
0 0.2192925347222222 0.3124131944444445 0.36597222222222225 0.3794270833333333
0 0.05049189814814815 0.4117621527777778 0.1009837962962963 0.14913194444444444
0 0.18313078703703703 0.8450954861111111 0.20847800925925924 0.20451388888888888
0 0.6571397569444444 0.9050564236111112 0.1611255787037038 0.13797743055555545
0 0.5501157407407408 0.7243272569444444 0.12391493055555558 0.12265624999999991
0 0.5122251157407407 0.3042751736111111 0.1493489583333334 0.12964409722222225
0 0.49828559027777775 0.47280815972222223 0.44275173611111107 0.46484375
0 0.7225188078703704 0.3818142361111111 0.125925925925926 0.13055555555555554
0 0.6583043981481482 0.6160373263888889 0.10034722222222214 0.1040364583333333
0 0.6350188078703703 0.7283637152777778 0.11414930555555558 0.12222222222222223
0 0.08783275462962963 0.6639756944444444 0.17566550925925925 0.25798611111111125
0 0.7818359375 0.9405164930555556 0.16442418981481488 0.056119791666666696
0 0.7989076967592592 0.7445095486111111 0.3505931712962962 0.41193576388888875
0 0.022685185185185187 0.8113715277777778 0.04537037037037037 0.16631944444444446
0 0.90078125 0.43441840277777777 0.1933738425925926 0.27413194444444455