0 0.5322048611111111 0.8513671875 0.2934027777777779 0.2921874999999998
0 0.2555121527777778 0.4215494791666667 0.20789930555555558 0.20859375000000002
0 0.8752170138888888 0.5823567708333333 0.2172743055555557 0.3319010416666668
0 0.5232855902777778 0.36888020833333335 0.10421006944444455 0.11015624999999996
0 0.8660807291666667 0.148828125 0.10412326388888893 0.10820312500000001
0 0.5266710069444445 0.07233072916666666 0.27087673611111107 0.09205729166666665
0 0.05720486111111111 0.03515625 0.06137152777777778 0.06640625
0 0.004687499999999999 0.5664713541666666 0.009374999999999998 0.14856770833333321
0 0.17601996527777777 0.028385416666666666 0.11280381944444445 0.040625
0 0.9251953125000001 0.31731770833333334 0.08381076388888875 0.0893229166666667
0 0.06566840277777777 0.9289713541666667 0.13133680555555555 0.11979166666666674
0 0.09031032986111111 0.3072265625 0.18062065972222222 0.2602864583333333