0 0.5546875 0.166015625 0.1201171875 0.1220703125
0 0.1640625 0.2109375 0.232421875 0.232421875
0 0.3974609375 0.25 0.1953125 0.1552734375
0 0.802734375 0.39453125 0.28515625 0.28515625
0 0.9501953125 0.521484375 0.0947265625 0.1220703125
0 0.7099609375 0.892578125 0.1650390625 0.150390625
0 0.2529296875 0.86328125 0.1298828125 0.107421875
0 0.396484375 0.712890625 0.09765625 0.08984375
0 0.53125 0.33203125 0.1220703125 0.08984375
0 0.50390625 0.490234375 0.3427734375 0.349609375
0 0.31640625 0.36328125 0.09765625 0.09765625
0 0.3212890625 0.5908203125 0.0771484375 0.0771484375
0 0.31640625 0.69921875 0.087890625 0.0927734375
0 0.8671875 0.75 0.1748046875 0.2001953125
0 0.1162109375 0.919921875 0.1328125 0.125
0 0.1455078125 0.685546875 0.291015625 0.3212890625
0 0.9287109375 0.9208984375 0.142578125 0.158203125
0 0.1025390625 0.3759765625 0.205078125 0.216796875