0 0.7602141203703704 0.2655164930555556 0.18778935185185186 0.16689814814814818
0 0.7923466435185185 0.47195457175925926 0.17708333333333348 0.18573495370370363
0 0.3308666087962963 0.3970775462962963 0.1865451388888889 0.18045428240740735
0 0.37431278935185186 0.47920283564814814 0.16293402777777777 0.1381655092592593
0 0.3383318865740741 0.6098451967592593 0.1488281250000001 0.1665364583333333
0 0.30149016203703705 0.7570891203703705 0.2133825231481481 0.17230902777777768
0 0.6045934606481481 0.8822410300925926 0.23446180555555562 0.16576967592592595
0 0.5778645833333333 0.9471064814814815 0.18912037037037033 0.04236111111111107
0 0.8464699074074074 0.7987847222222222 0.1440104166666667 0.14872685185185186
0 0.921629050925926 0.8138020833333334 0.07835648148148144 0.2344039351851852
0 0.15692274305555554 0.522265625 0.2279658564814815 0.19069733796296306
0 0.09953703703703703 0.68359375 0.19907407407407407 0.1835648148148148
0 0.05441984953703703 0.8745081018518519 0.10883969907407406 0.2392650462962962
0 0.13313802083333331 0.2111617476851852 0.19108796296296293 0.15541087962962963
0 0.9301649305555555 0.4238715277777778 0.09673032407407423 0.1381365740740741
0 0.36017071759259256 0.20744357638888888 0.17835648148148153 0.13518518518518519
0 0.9475766782407407 0.14440104166666667 0.08881655092592577 0.1357204861111111
0 0.5682508680555556 0.044444444444444446 0.19357638888888884 0.08888888888888889
0 0.6331597222222223 0.1435619212962963 0.2054687500000001 0.1698929398148148
0 0.5008825231481482 0.5729528356481481 0.21163194444444455 0.17609953703703707
0 0.7417245370370371 0.6784288194444444 0.1782262731481481 0.17022569444444446
0 0.9469039351851851 0.03679832175925926 0.10619212962962976 0.07359664351851852
0 0.632421875 0.38310185185185186 0.1972222222222222 0.19861111111111107
0 0.9370515046296296 0.29105902777777776 0.0976417824074074 0.1557146990740741
0 0.24561631944444445 0.041435185185185186 0.1337673611111111 0.08287037037037037