0 0.48213252314814814 0.12048611111111111 0.14800347222222232 0.1485966435185185
0 0.8742042824074074 0.21911892361111113 0.24652777777777768 0.2788917824074074
0 0.6382740162037037 0.2312572337962963 0.23357928240740744 0.1928096064814815
0 0.18203848379629628 0.3349103009259259 0.3524305555555556 0.34487847222222223
0 0.03294994212962963 0.45274160879629627 0.06589988425925926 0.13985821759259254
0 0.20482494212962962 0.8804687499999999 0.20196759259259262 0.1825810185185186
0 0.700122974537037 0.909302662037037 0.1571903935185186 0.13311631944444446
0 0.5681061921296297 0.7275607638888889 0.11921296296296302 0.10912905092592595
0 0.4822410300925926 0.30222800925925924 0.14670138888888895 0.11344039351851853
0 0.48658130787037035 0.4752387152777778 0.42353877314814814 0.42010995370370374
0 0.7076099537037037 0.36419270833333334 0.11950231481481488 0.11694155092592595
0 0.6673177083333333 0.6078703703703704 0.09519675925925908 0.09315682870370368
0 0.656177662037037 0.7239800347222223 0.10951967592592604 0.11093749999999991
0 0.08380353009259259 0.7084346064814815 0.16760706018518517 0.23718171296296298
0 0.8359013310185185 0.9560691550925926 0.15993923611111116 0.08786168981481479
0 0.819263599537037 0.7263961226851852 0.31662326388888884 0.3794849537037037
0 0.02734375 0.8746455439814815 0.0546875 0.16725983796296306
0 0.8987991898148149 0.39926938657407407 0.18315972222222232 0.25452835648148153