0 0.4033203125 0.3193359375 0.1826171875 0.2197265625
0 0.8779296875 0.7919921875 0.16796875 0.1630859375
0 0.11328125 0.767578125 0.1943359375 0.2490234375
0 0.904296875 0.9072265625 0.1064453125 0.1103515625
0 0.8447265625 0.083984375 0.119140625 0.130859375
0 0.228515625 0.2177734375 0.1357421875 0.130859375
0 0.7529296875 0.697265625 0.212890625 0.140625
0 0.5966796875 0.4033203125 0.1279296875 0.1611328125
0 0.4306640625 0.767578125 0.1826171875 0.1884765625
0 0.6396484375 0.9248046875 0.1748046875 0.150390625
0 0.9384765625 0.2392578125 0.1181640625 0.12890625
0 0.431640625 0.52734375 0.2119140625 0.2333984375
0 0.9580078125 0.02734375 0.0771484375 0.0546875
0 0.61328125 0.2080078125 0.3271484375 0.333984375
0 0.875 0.6279296875 0.109375 0.1064453125
0 0.970703125 0.1044921875 0.0576171875 0.12890625
0 0.0458984375 0.02734375 0.0908203125 0.0546875
0 0.0595703125 0.44140625 0.119140625 0.23046875
0 0.044921875 0.10546875 0.08984375 0.1103515625
0 0.5908203125 0.71484375 0.1171875 0.1259765625
0 0.419921875 0.953125 0.21875 0.09375
0 0.2255859375 0.0263671875 0.1435546875 0.0517578125
0 0.0322265625 0.25390625 0.064453125 0.115234375