0 0.38125 0.85556640625 0.29960937499999996 0.28886718749999996
0 0.6593098958333333 0.46868489583333334 0.21223958333333326 0.20859375000000002
0 0.0904296875 0.5850911458333333 0.180859375 0.32643229166666665
0 0.4076822916666667 0.4028645833333333 0.10846354166666661 0.11028645833333339
0 0.093359375 0.17395833333333333 0.10638020833333334 0.10820312500000001
0 0.41438802083333337 0.0962890625 0.27278645833333326 0.154296875
0 0.8827473958333334 0.10397135416666667 0.12513020833333321 0.09778645833333333
0 0.9238932291666667 0.6197265624999999 0.087890625 0.15169270833333348
0 0.7466796875 0.08509114583333333 0.11992187499999996 0.07799479166666667
0 0.0369140625 0.3296875 0.073828125 0.0893229166666667
0 0.8334635416666667 0.9495768229166667 0.16184895833333335 0.10084635416666665
0 0.8524088541666667 0.3677734375 0.2549479166666666 0.26588541666666665