0 0.5016710069444444 0.40625 0.23304398148148153 0.2338541666666667
0 0.6010706018518519 0.5850911458333333 0.2231047453703705 0.22734374999999996
0 0.8467592592592592 0.747265625 0.2210937500000001 0.22526041666666652
0 0.4316333912037037 0.830859375 0.5240885416666667 0.3382812500000001
0 0.062022569444444446 0.29270833333333335 0.12404513888888889 0.2559895833333333
0 0.233984375 0.226953125 0.4421875 0.4505208333333333
0 0.7795355902777777 0.14296875 0.24388020833333335 0.13906249999999998
0 0.7459201388888889 0.9498697916666667 0.28156828703703707 0.10026041666666652
0 0.21040943287037037 0.06490885416666667 0.23543113425925927 0.11705729166666667
0 0.4820384837962963 0.078125 0.25467303240740735 0.10859374999999999
0 0.8445167824074074 0.36061197916666665 0.25964988425925917 0.27656250000000004
0 0.8557870370370371 0.5746744791666667 0.26550925925925917 0.2769531249999999