0 0.4049406828703704 0.019596354166666666 0.21222511574074077 0.03919270833333333
0 0.39113136574074076 0.0947337962962963 0.21653645833333335 0.1894675925925926
0 0.748314525462963 0.058004195601851855 0.16767939814814814 0.11600839120370371
0 0.7715060763888889 0.1421947337962963 0.18492476851851847 0.16341145833333331
0 0.6021195023148148 0.19309895833333332 0.2672164351851851 0.23777488425925924
0 0.4754918981481482 0.8167896412037037 0.18838252314814818 0.1889033564814815
0 0.29758391203703705 0.6908347800925926 0.21448206018518512 0.23504050925925934
0 0.16766493055555554 0.6143084490740741 0.21206597222222223 0.22712673611111112
0 0.1201027199074074 0.7539134837962963 0.1640480324074074 0.2382667824074074
0 0.24538483796296295 0.8679036458333333 0.22193287037037035 0.19648437500000004
0 0.7202473958333333 0.6326750578703704 0.3558304398148149 0.3202546296296296
0 0.8587203414351852 0.7991102430555554 0.2825593171296297 0.3257378472222223
0 0.1251591435185185 0.22762586805555557 0.1750434027777778 0.16095196759259256
0 0.0851200810185185 0.36194299768518523 0.1375 0.21741898148148153
0 0.3295428240740741 0.3375144675925926 0.17078993055555558 0.15489004629629632
0 0.9215928819444444 0.19181134259259258 0.15681423611111112 0.17637442129629632
0 0.6875072337962963 0.37772714120370365 0.1982638888888888 0.1913628472222222
0 0.22845052083333334 0.1027633101851852 0.12803819444444442 0.12346643518518519
0 0.26494502314814816 0.40453559027777775 0.15837673611111103 0.1425636574074074
0 0.5198133680555556 0.3580150462962963 0.1987268518518519 0.1991753472222222
0 0.9841362847222221 0.5307725694444444 0.03172743055555571 0.19259259259259265