0 0.7509765625 0.3662109375 0.2822265625 0.27734375
0 0.6650390625 0.615234375 0.1552734375 0.1796875
0 0.900390625 0.650390625 0.1953125 0.2197265625
0 0.701171875 0.8603515625 0.287109375 0.2451171875
0 0.1826171875 0.79296875 0.205078125 0.1953125
0 0.568359375 0.1845703125 0.177734375 0.2001953125
0 0.35546875 0.580078125 0.2099609375 0.1953125
0 0.9111328125 0.92578125 0.1728515625 0.142578125
0 0.4150390625 0.2197265625 0.1552734375 0.14453125
0 0.8583984375 0.205078125 0.1728515625 0.14453125
0 0.818359375 0.115234375 0.142578125 0.1396484375
0 0.37890625 0.884765625 0.232421875 0.224609375
0 0.1533203125 0.6201171875 0.162109375 0.16015625
0 0.2109375 0.0771484375 0.2294921875 0.150390625
0 0.2578125 0.259765625 0.2333984375 0.169921875