0 0.28125 0.3251953125 0.162109375 0.1396484375
0 0.2421875 0.513671875 0.150390625 0.1572265625
0 0.662109375 0.4208984375 0.16015625 0.15234375
0 0.6201171875 0.4970703125 0.1396484375 0.115234375
0 0.646484375 0.61328125 0.1279296875 0.142578125
0 0.6728515625 0.7451171875 0.1845703125 0.14453125
0 0.392578125 0.8740234375 0.205078125 0.1376953125
0 0.4140625 0.95703125 0.16796875 0.080078125
0 0.1787109375 0.8115234375 0.1220703125 0.1279296875
0 0.0703125 0.8291015625 0.1396484375 0.20703125
0 0.8134765625 0.525390625 0.197265625 0.16015625
0 0.861328125 0.66796875 0.177734375 0.1552734375
0 0.9228515625 0.8359375 0.150390625 0.20703125
0 0.849609375 0.2421875 0.1650390625 0.1298828125
0 0.080078125 0.4775390625 0.16015625 0.1201171875
0 0.64453125 0.2509765625 0.1552734375 0.1123046875
0 0.0771484375 0.2265625 0.154296875 0.1171875
0 0.4658203125 0.0947265625 0.16796875 0.1103515625
0 0.4013671875 0.208984375 0.177734375 0.142578125
0 0.5009765625 0.5888671875 0.1826171875 0.1474609375
0 0.2783203125 0.697265625 0.15234375 0.14453125
0 0.0849609375 0.083984375 0.169921875 0.15234375
0 0.3916015625 0.4248046875 0.16796875 0.169921875
0 0.080078125 0.357421875 0.16015625 0.134765625
0 0.7578125 0.076171875 0.1142578125 0.11328125