0 0.73046875 0.29296875 0.1396484375 0.14453125
0 0.853515625 0.5498046875 0.2373046875 0.2353515625
0 0.14453125 0.1748046875 0.1103515625 0.1103515625
0 0.2236328125 0.6083984375 0.1279296875 0.107421875
0 0.3427734375 0.6201171875 0.115234375 0.10546875
0 0.677734375 0.0927734375 0.08984375 0.08984375
0 0.529296875 0.0595703125 0.19140625 0.119140625
0 0.61328125 0.2841796875 0.1376953125 0.1376953125
0 0.802734375 0.201171875 0.0703125 0.087890625
0 0.8525390625 0.7421875 0.1845703125 0.1298828125
0 0.4716796875 0.9365234375 0.16796875 0.1220703125
0 0.05078125 0.5400390625 0.08203125 0.0849609375
0 0.03515625 0.40625 0.0703125 0.087890625
0 0.0458984375 0.2587890625 0.091796875 0.095703125
0 0.3212890625 0.146484375 0.09765625 0.087890625
0 0.302734375 0.4033203125 0.0849609375 0.0927734375
0 0.9501953125 0.24609375 0.0751953125 0.0673828125
0 0.6572265625 0.6259765625 0.10546875 0.1025390625
0 0.169921875 0.8837890625 0.1376953125 0.1181640625
0 0.22265625 0.37109375 0.1025390625 0.1083984375
0 0.4580078125 0.41796875 0.1142578125 0.1162109375
0 0.9638671875 0.8779296875 0.0712890625 0.0859375
0 0.7734375 0.388671875 0.083984375 0.087890625