0 0.8248408564814815 0.38513454861111107 0.35031828703703694 0.37721354166666665
0 0.7084056712962963 0.6345269097222223 0.224710648148148 0.23710937499999996
0 0.907960792824074 0.7177300347222222 0.1840784143518519 0.2759548611111111
0 0.7004050925925926 0.8625434027777779 0.3817708333333334 0.25425347222222205
0 0.16282552083333332 0.7180338541666667 0.2557436342592592 0.2670572916666667
0 0.6825159143518519 0.14813368055555556 0.25562789351851856 0.26510416666666664
0 0.37643952546296294 0.5274956597222222 0.2908998842592593 0.26783854166666665
0 0.8858217592592592 0.9552300347222222 0.15156249999999982 0.05603298611111107
0 0.5086299189814815 0.15101996527777778 0.21469907407407418 0.19982638888888893
0 0.9382233796296297 0.2341362847222222 0.1235532407407407 0.2002170138888889
0 0.9349320023148149 0.1394314236111111 0.13013599537037024 0.16705729166666666
0 0.34848813657407407 0.8478732638888888 0.3148003472222223 0.2761718750000002
0 0.14947193287037036 0.5256944444444445 0.2274594907407408 0.21766493055555558
0 0.3075737847222222 0.030316840277777778 0.2713975694444444 0.060633680555555555
0 0.3281394675925926 0.15796440972222223 0.3072048611111111 0.24674479166666669