0 0.7970703125 0.45965711805555554 0.2780237268518517 0.24609375
0 0.2396484375 0.10892650462962963 0.260546875 0.2146122685185185
0 0.47505063657407404 0.3602430555555556 0.2579137731481481 0.23603877314814814
0 0.35831886574074073 0.7448929398148147 0.2227430555555555 0.20234374999999982
0 0.9179434317129629 0.8305772569444444 0.16411313657407423 0.287962962962963
0 0.08242187499999999 0.7651982060185185 0.08081597222222223 0.11242766203703702
0 0.46273148148148147 0.9566333912037037 0.1342303240740741 0.08673321759259256
0 0.15947627314814813 0.28726851851851853 0.19564525462962962 0.23901909722222214
0 0.4977141203703704 0.8250144675925926 0.24962384259259263 0.19493634259259274
0 0.964720775462963 0.39700520833333336 0.07055844907407405 0.31374421296296295
0 0.8478660300925926 0.09842303240740741 0.13631365740740753 0.12690972222222224
0 0.7260199652777778 0.08393373842592593 0.12631655092592586 0.12285879629629629
0 0.4420500578703703 0.5607494212962962 0.2123987268518519 0.19243344907407423
0 0.08101851851851852 0.5768663194444444 0.1074074074074074 0.23185763888888888