0 0.3525390625 0.0615234375 0.1845703125 0.1220703125
0 0.349609375 0.1865234375 0.1650390625 0.15234375
0 0.6708984375 0.09765625 0.1328125 0.134765625
0 0.7001953125 0.2001953125 0.14453125 0.1201171875
0 0.55078125 0.2626953125 0.20703125 0.1748046875
0 0.4912109375 0.8427734375 0.142578125 0.14453125
0 0.318359375 0.744140625 0.1572265625 0.1826171875
0 0.193359375 0.6875 0.1572265625 0.1748046875
0 0.14453125 0.822265625 0.14453125 0.1904296875
0 0.2861328125 0.912109375 0.1728515625 0.150390625
0 0.697265625 0.6513671875 0.275390625 0.2373046875
0 0.8662109375 0.787109375 0.2626953125 0.25
0 0.11328125 0.33984375 0.1474609375 0.1201171875
0 0.0703125 0.4658203125 0.1396484375 0.1826171875
0 0.31640625 0.419921875 0.1328125 0.115234375
0 0.84765625 0.23046875 0.1298828125 0.134765625
0 0.64453125 0.4228515625 0.150390625 0.14453125
0 0.2041015625 0.2158203125 0.09765625 0.0927734375
0 0.263671875 0.4873046875 0.1220703125 0.10546875
0 0.490234375 0.419921875 0.1494140625 0.1513671875
0 0.966796875 0.5322265625 0.06640625 0.169921875