0 0.7238932291666667 0.4886429398148148 0.26432291666666674 0.25318287037037035
0 0.24561631944444445 0.11715133101851852 0.2470486111111111 0.21491608796296297
0 0.43441840277777777 0.36628327546296297 0.24631076388888884 0.2421151620370371
0 0.2759114583333333 0.7141203703703705 0.21367187499999996 0.20855034722222232
0 0.8312717013888888 0.8502965856481481 0.24474826388888893 0.2945601851851851
0 0.0265625 0.7081163194444444 0.053125 0.11545138888888884
0 0.3432942708333333 0.9376446759259259 0.13224826388888888 0.12471064814814814
0 0.1476345486111111 0.27155671296296297 0.18780381944444446 0.2397280092592593
0 0.3964626736111111 0.8014322916666667 0.2367621527777779 0.20247395833333348
0 0.9216362847222223 0.44842303240740744 0.13641493055555554 0.30989583333333326
0 0.8191189236111112 0.1537543402777778 0.13259548611111116 0.13635706018518517
0 0.7044921875 0.13154658564814814 0.12052951388888888 0.12767650462962965
0 0.37721354166666665 0.5511429398148149 0.20347222222222228 0.19806134259259256
0 0.044422743055555554 0.532298900462963 0.08884548611111111 0.22866030092592604