0 0.27460937500000004 0.10273437499999999 0.2104600694444445 0.15889756944444444
0 0.2978515625 0.22623697916666669 0.19743923611111114 0.18789062499999998
0 0.5963758680555555 0.08743489583333333 0.16150173611111107 0.15195312500000002
0 0.6462673611111112 0.1802951388888889 0.16927083333333348 0.1501736111111111
0 0.5144965277777778 0.2681423611111111 0.24496527777777777 0.2182291666666667
0 0.579296875 0.8562065972222221 0.17178819444444438 0.17560763888888875
0 0.38743489583333335 0.7875217013888889 0.19609374999999996 0.21519097222222228
0 0.251953125 0.7523003472222223 0.19396701388888893 0.20733506944444446
0 0.23266059027777777 0.8919921875 0.18450520833333334 0.21601562500000004
0 0.38982204861111114 0.9336588541666666 0.20230034722222223 0.13268229166666679
0 0.7421657986111111 0.6304470486111111 0.3247829861111111 0.29613715277777786
0 0.8901041666666667 0.7364366319444444 0.2197916666666666 0.30203993055555545
0 0.09815538194444444 0.4199435763888889 0.17317708333333334 0.15026041666666667
0 0.09036458333333333 0.5525173611111112 0.16085069444444444 0.21050347222222232
0 0.3158420138888889 0.4648003472222222 0.15737847222222223 0.1421006944444445
0 0.7986328125 0.18465711805555557 0.1578124999999999 0.1616319444444444
0 0.6406467013888889 0.4105251736111111 0.17960069444444438 0.17578125
0 0.16046006944444446 0.2807725694444444 0.1177083333333333 0.11388888888888893
0 0.27849392361111114 0.5410807291666666 0.1454427083333334 0.13207465277777786
0 0.48795572916666663 0.4354383680555556 0.1816840277777778 0.1816840277777778
0 0.9648654513888889 0.4647135416666667 0.07026909722222219 0.18142361111111116