0 0.7398654513888889 0.24869791666666669 0.18914930555555554 0.18885995370370368
0 0.8757233796296297 0.5095269097222223 0.227488425925926 0.2965422453703703
0 0.07692418981481482 0.23890335648148148 0.14680266203703704 0.14363425925925932
0 0.24212239583333334 0.6962818287037037 0.16639178240740737 0.14573206018518525
0 0.37433449074074077 0.6845630787037037 0.15254629629629624 0.13977141203703702
0 0.6450954861111111 0.05166377314814814 0.11996527777777777 0.09461805555555555
0 0.4806857638888889 0.06216724537037037 0.2300347222222222 0.11886574074074074
0 0.6105251736111111 0.26239149305555554 0.18300057870370368 0.17905092592592586
0 0.8028501157407407 0.13390480324074072 0.09900173611111107 0.11203703703703705
0 0.9095992476851852 0.7178313078703704 0.14388020833333326 0.17680844907407423
0 0.5644169560185185 0.9588686342592593 0.19590567129629632 0.08226273148148144
0 0.04774305555555555 0.6557436342592593 0.0954861111111111 0.11011284722222214
0 0.023502604166666666 0.5109664351851853 0.04700520833333333 0.1078703703703705
0 0.023032407407407408 0.3507884837962963 0.046064814814814815 0.11954571759259258
0 0.26547309027777777 0.17192563657407406 0.1284722222222222 0.11811342592592589
0 0.2902560763888889 0.45635127314814816 0.11681134259259263 0.11997974537037037
0 0.719849537037037 0.6275390624999999 0.14071180555555562 0.1357783564814814
0 0.2292824074074074 0.9635271990740741 0.17407407407407405 0.07294560185185173
0 0.1970558449074074 0.4371021412037037 0.13893229166666665 0.1416232638888888
0 0.46362847222222225 0.4400535300925926 0.1528935185185185 0.15149016203703702
0 0.804441550925926 0.34392361111111114 0.11468460648148149 0.11410590277777777