0 0.27734375 0.26023582175925924 0.162109375 0.17397280092592593
0 0.130859375 0.5332392939814815 0.26171875 0.281177662037037
0 0.9169921875 0.1535373263888889 0.126953125 0.13165509259259256
0 0.7998046875 0.6197916666666666 0.14453125 0.1303530092592593
0 0.6708984375 0.6284722222222222 0.130859375 0.1259403935185186
0 0.349609375 0.04966001157407407 0.103515625 0.09932002314814814
0 0.509765625 0.04524739583333333 0.2109375 0.09049479166666666
0 0.4033203125 0.25557002314814814 0.158203125 0.1640625
0 0.2060546875 0.1583839699074074 0.08203125 0.10264756944444442
0 0.111328125 0.7429470486111112 0.208984375 0.1620370370370372
0 0.5087890625 0.9372106481481481 0.185546875 0.0947627314814814
0 0.970703125 0.5509620949074074 0.0546875 0.0977285879629628
0 0.9892578125 0.4057436342592593 0.021484375 0.09649884259259256
0 0.9814453125 0.2488064236111111 0.037109375 0.10684317129629628
0 0.7294921875 0.11653645833333331 0.111328125 0.1056857638888889
0 0.73046875 0.39579716435185186 0.09765625 0.10908564814814814
0 0.0517578125 0.20218460648148148 0.0703125 0.08072916666666669
0 0.3310546875 0.6234809027777778 0.12109375 0.12167245370370372
0 0.8369140625 0.9094328703703703 0.158203125 0.125
0 0.818359375 0.3642216435185185 0.119140625 0.1294126157407407
0 0.560546875 0.40502025462962965 0.1328125 0.1396846064814814
0 0.01171875 0.8823784722222222 0.0234375 0.09852430555555558
0 0.224609375 0.36277488425925924 0.09765625 0.10517939814814814