0 0.7254412615740741 0.32099247685185184 0.19952256944444446 0.17272858796296298
0 0.7270760995370371 0.5239149305555555 0.19068287037037024 0.18820891203703694
0 0.311646412037037 0.37200520833333334 0.2002170138888889 0.18444733796296298
0 0.3397569444444445 0.4574508101851852 0.1704427083333333 0.14302662037037028
0 0.2888671875 0.5752893518518518 0.16425057870370374 0.17025462962962967
0 0.23314525462962962 0.708810763888889 0.2234230324074074 0.18088831018518503
0 0.496166087962963 0.8805410879629629 0.2446759259259259 0.17730034722222232
0 0.4578197337962963 0.9513599537037037 0.1904079861111111 0.08478009259259256
0 0.7296368634259259 0.8429325810185185 0.15539641203703702 0.15256076388888884
0 0.8323350694444445 0.8716579861111111 0.1738136574074074 0.2328414351851853
0 0.13370225694444443 0.4605034722222222 0.24008969907407407 0.1986979166666667
0 0.08157552083333333 0.6020833333333333 0.16315104166666666 0.1903645833333334
0 0.02840711805555556 0.772728587962963 0.05681423611111112 0.2357928240740741
0 0.15537471064814817 0.16064091435185185 0.20089699074074074 0.16299189814814813
0 0.8890769675925926 0.5068793402777778 0.16883680555555558 0.1488570601851853
0 0.36491608796296293 0.19754050925925926 0.1860677083333333 0.14325810185185184
0 0.9261284722222223 0.24386574074074074 0.12575231481481497 0.14626736111111116
0 0.5838975694444444 0.06373697916666667 0.19939236111111125 0.12747395833333333
0 0.6261791087962962 0.18488859953703704 0.21549479166666652 0.17881944444444448
0 0.4434534143518518 0.5681206597222221 0.22353877314814818 0.18284143518518503
0 0.6505931712962963 0.7114076967592593 0.1899884259259259 0.17649016203703694
0 0.9349175347222223 0.11201533564814815 0.12391493055555536 0.14819155092592592
0 0.5902922453703704 0.4117838541666667 0.21114004629629624 0.2041232638888889
0 0.9053891782407408 0.37979600694444443 0.15218460648148158 0.16422164351851853
0 0.28117766203703703 0.03257378472222222 0.13686342592592593 0.06514756944444444