0 0.4780888310185185 0.3515842013888889 0.2128761574074074 0.2080005787037037
0 0.6304615162037037 0.47434172453703705 0.20104166666666679 0.20348668981481488
0 0.901244212962963 0.5168547453703703 0.16961805555555554 0.19600694444444455
0 0.5678602430555556 0.8100839120370371 0.4918547453703703 0.34337384259259274
0 0.03529369212962963 0.442259837962963 0.07058738425925926 0.25219907407407405
0 0.1810546875 0.29619502314814816 0.362109375 0.4193287037037037
0 0.6513888888888889 0.018402777777777775 0.2401909722222222 0.03680555555555555
0 0.8804976851851852 0.8221498842592593 0.19363425925925926 0.2167534722222222
0 0.0923683449074074 0.11433015046296297 0.1847366898148148 0.19321469907407407
0 0.3451171875 0.04649884259259259 0.25306712962962963 0.09299768518518518
0 0.787037037037037 0.15907841435185185 0.23350694444444464 0.24612268518518515
0 0.8682219328703704 0.34793113425925926 0.2470052083333334 0.24097222222222225
0 0.04801070601851852 0.9793981481481482 0.0771556712962963 0.03715277777777781
0 0.9275173611111112 0.050202546296296294 0.08637152777777768 0.10040509259259259