0 0.5949435763888888 0.2578125 0.22822627314814814 0.255859375
0 0.10239438657407407 0.81640625 0.20478877314814814 0.193359375
0 0.8952907986111112 0.7177734375 0.16673900462962976 0.283203125
0 0.07942708333333333 0.9404296875 0.13136574074074073 0.119140625
0 0.10174334490740741 0.07421875 0.1382378472222222 0.09375
0 0.779369212962963 0.1298828125 0.1659432870370372 0.15625
0 0.23281973379629628 0.701171875 0.2505787037037037 0.173828125
0 0.3878038194444444 0.3662109375 0.16124131944444442 0.1875
0 0.5904947916666666 0.7470703125 0.22497106481481488 0.220703125
0 0.3691044560185185 0.923828125 0.21072048611111116 0.15234375
0 0.04032841435185185 0.2177734375 0.0806568287037037 0.150390625
0 0.5747612847222222 0.486328125 0.2641059027777779 0.275390625
0 0.3616536458333333 0.17578125 0.39778645833333337 0.3515625
0 0.09653501157407407 0.63671875 0.13360821759259262 0.126953125
0 0.9447337962962963 0.3583984375 0.09346064814814814 0.255859375
0 0.9413700810185186 0.02734375 0.0430410879629628 0.0546875
0 0.41138599537037035 0.705078125 0.14416956018518512 0.1484375
0 0.6095558449074074 0.9443359375 0.24819155092592604 0.109375