0 0.4970703125 0.3876953125 0.1748046875 0.1650390625
0 0.6298828125 0.5185546875 0.1650390625 0.162109375
0 0.8876953125 0.5927734375 0.1650390625 0.16015625
0 0.5546875 0.8427734375 0.419921875 0.3046875
0 0.0546875 0.41015625 0.109375 0.22265625
0 0.2099609375 0.2958984375 0.3349609375 0.337890625
0 0.67578125 0.05859375 0.212890625 0.09765625
0 0.87890625 0.8916015625 0.2373046875 0.212890625
0 0.1220703125 0.09765625 0.23046875 0.1953125
0 0.3935546875 0.05859375 0.22265625 0.1171875
0 0.7880859375 0.2490234375 0.1904296875 0.19921875
0 0.8759765625 0.435546875 0.248046875 0.19140625
0 0.052734375 0.9482421875 0.10546875 0.1025390625
0 0.947265625 0.12890625 0.10546875 0.16796875