0 0.5555338541666667 0.28682725694444444 0.25410879629629624 0.2729166666666667
0 0.22519531250000002 0.8925130208333334 0.2216724537037037 0.21171875000000018
0 0.9228515625 0.6575303819444445 0.154296875 0.3048177083333332
0 0.23125 0.9715711805555556 0.13729745370370372 0.05182291666666661
0 0.06452546296296297 0.16966145833333335 0.1197337962962963 0.1645833333333333
0 0.6982783564814815 0.13602430555555556 0.17853009259259256 0.16979166666666667
0 0.3211009837962963 0.7623046875 0.26012731481481477 0.20086805555555554
0 0.3885923032407408 0.4235026041666667 0.18004918981481488 0.19908854166666667
0 0.6653211805555556 0.7448784722222221 0.2446759259259259 0.24149305555555545
0 0.49870515046296293 0.9255425347222221 0.21566840277777777 0.13355034722222214
0 0.0462962962962963 0.3460503472222222 0.0646412037037037 0.15555555555555556
0 0.5912398726851852 0.5040581597222222 0.28842592592592586 0.29513888888888884
0 0.31128472222222225 0.23359375 0.43583622685185186 0.4291232638888889
0 0.17845052083333335 0.7263671875 0.14370659722222223 0.13780381944444464
0 0.9208441840277778 0.31462673611111114 0.15831163194444442 0.263498263888889
0 0.8442925347222222 0.020551215277777778 0.11436631944444442 0.041102430555555555
0 0.48888165509259257 0.7360894097222223 0.15859374999999998 0.16154513888888888
0 0.7290219907407407 0.9174913194444444 0.24486400462962976 0.13224826388888888
0 0.9026475694444445 0.11779513888888889 0.090769675925926 0.13272569444444446