0 0.861328125 0.1376953125 0.1083984375 0.103515625
0 0.05859375 0.552734375 0.1162109375 0.126953125
0 0.966796875 0.4765625 0.06640625 0.11328125
0 0.337890625 0.9384765625 0.1767578125 0.1220703125
0 0.958984375 0.0537109375 0.08203125 0.107421875
0 0.068359375 0.0654296875 0.0791015625 0.1103515625
0 0.306640625 0.0791015625 0.0947265625 0.134765625
0 0.37890625 0.0703125 0.07421875 0.1396484375
0 0.22265625 0.265625 0.076171875 0.099609375
0 0.0869140625 0.966796875 0.0595703125 0.06640625
0 0.18359375 0.0859375 0.125 0.171875
0 0.822265625 0.25 0.0615234375 0.10546875
0 0.8740234375 0.380859375 0.1103515625 0.1533203125
0 0.5771484375 0.9365234375 0.0380859375 0.0732421875
0 0.166015625 0.533203125 0.064453125 0.078125
0 0.7685546875 0.177734375 0.041015625 0.06640625
0 0.826171875 0.5927734375 0.04296875 0.056640625
0 0.708984375 0.8623046875 0.0439453125 0.080078125
0 0.759765625 0.9453125 0.08203125 0.109375
0 0.681640625 0.873046875 0.025390625 0.0546875