0 0.1966652199074074 0.056127025462962964 0.1418258101851852 0.11225405092592593
0 0.9299913194444445 0.5709635416666666 0.06899594907407414 0.14571759259259265
0 0.028877314814814814 0.40715422453703703 0.05775462962962963 0.13491030092592593
0 0.5914351851851851 0.9282913773148148 0.20763888888888893 0.08670428240740735
0 0.8030381944444445 0.058192274305555555 0.1244791666666667 0.11638454861111111
0 0.7267578125 0.049609375 0.09839409722222214 0.09921875
0 0.8548249421296297 0.24579716435185184 0.10483217592592586 0.12615740740740744
0 0.9231987847222223 0.07923177083333333 0.1478153935185187 0.15846354166666665
0 0.21372974537037037 0.17194733796296297 0.08943865740740742 0.12925347222222222
0 0.13060619212962962 0.30963541666666666 0.15345775462962963 0.19098668981481481
0 0.33379629629629626 0.9387297453703703 0.052647569444444375 0.06698495370370372
0 0.8575086805555556 0.5455150462962963 0.08770254629629637 0.09995659722222205
0 0.288208912037037 0.09798900462962963 0.05931712962962965 0.08096064814814816
0 0.13601707175925926 0.5469039351851852 0.05873842592592593 0.07119502314814818
0 0.20245949074074077 0.8549985532407407 0.06610243055555554 0.09688946759259265
0 0.13453414351851853 0.9169343171296296 0.10240162037037037 0.08514178240740744
0 0.22887731481481483 0.8692057291666666 0.038975694444444486 0.06627604166666679