0 0.06745515046296297 0.16786024305555555 0.12458043981481481 0.1486545138888889
0 0.06930700231481482 0.562377025462963 0.08716724537037035 0.14087094907407405
0 0.8809027777777778 0.8238425925925926 0.22921006944444455 0.17550636574074074
0 0.6356264467592593 0.0017144097222222213 0.12281539351851856 0.0034288194444444427
0 0.5586805555555556 0.007291666666666665 0.09782986111111125 0.01458333333333333
0 0.7759620949074074 0.08412181712962963 0.11801215277777777 0.13467881944444443
0 0.13274739583333334 0.27512297453703705 0.10454282407407406 0.13787615740740744
0 0.12224392361111111 0.43135850694444444 0.17233796296296294 0.20567129629629632
0 0.6291956018518519 0.9171875 0.06715856481481475 0.09308449074074066
0 0.927683738425926 0.34748987268518516 0.0971643518518519 0.10827546296296298
0 0.16499565972222222 0.1794487847222222 0.06675347222222222 0.08527199074074077
0 0.24563802083333336 0.639402488425926 0.06624710648148147 0.07550636574074066
0 0.46393229166666666 0.8836516203703704 0.07547743055555556 0.10325520833333335
0 0.4311414930555556 0.9499782986111112 0.11642071759259265 0.06642071759259238
0 0.49636140046296295 0.8858868634259259 0.04641203703703711 0.06863425925925926