0 0.11107494212962962 0.349609375 0.08275462962962965 0.072265625
0 0.08203125 0.2900390625 0.07899305555555555 0.076171875
0 0.30439814814814814 0.5615234375 0.12246817129629628 0.142578125
0 0.07609953703703703 0.3974609375 0.07103587962962962 0.072265625
0 0.0070167824074074065 0.34765625 0.014033564814814813 0.08203125
0 0.6409143518518519 0.30859375 0.13042534722222232 0.146484375
0 0.49537037037037035 0.0458984375 0.0795717592592593 0.091796875
0 0.03982204861111111 0.322265625 0.0650318287037037 0.068359375
0 0.044234664351851846 0.4404296875 0.07501446759259259 0.07421875
0 0.016782407407407406 0.181640625 0.03356481481481481 0.06640625
0 0.04307725694444445 0.919921875 0.052951388888888895 0.111328125
0 0.27101417824074076 0.2236328125 0.07935474537037035 0.0859375
0 0.14782262731481483 0.0693359375 0.07212094907407407 0.048828125
0 0.08998842592592593 0.734375 0.15805844907407407 0.154296875
0 0.9456380208333333 0.228515625 0.03443287037037024 0.0859375
0 0.028175636574074073 0.5205078125 0.05635127314814815 0.076171875
0 0.35669849537037035 0.916015625 0.11950231481481488 0.16796875
0 0.8281611689814815 0.4736328125 0.10828993055555558 0.12890625
0 0.244140625 0.0791015625 0.06597222222222221 0.09375
0 0.02976707175925926 0.3779296875 0.05953414351851852 0.068359375
0 0.12196180555555555 0.1611328125 0.07306134259259262 0.07421875
0 0.012839988425925927 0.291015625 0.025679976851851853 0.0703125
0 0.9349681712962963 0.859375 0.07161458333333326 0.140625
0 0.416015625 0.94921875 0.11313657407407407 0.1015625
0 0.08734809027777778 0.0673828125 0.05562789351851852 0.025390625
0 0.8296440972222222 0.1962890625 0.10720486111111116 0.099609375
0 0.23412181712962965 0.2705078125 0.06807002314814814 0.09765625
0 0.19173177083333331 0.38671875 0.09280960648148151 0.1328125
0 0.14326533564814814 0.4296875 0.06568287037037035 0.0859375
0 0.14402488425925927 0.59375 0.08000578703703703 0.103515625
0 0.15198206018518517 0.5107421875 0.08998842592592593 0.109375
0 0.1606987847222222 0.1435546875 0.05237268518518523 0.095703125
0 0.4462528935185185 0.4228515625 0.0614872685185186 0.130859375
0 0.8419777199074074 0.1005859375 0.06770833333333348 0.087890625
0 0.8118489583333333 0.0439453125 0.07161458333333348 0.087890625
0 0.05494068287037037 0.599609375 0.06199363425925926 0.091796875
0 0.015353732638888888 0.5908203125 0.030707465277777776 0.09765625
0 0.01027199074074074 0.669921875 0.02054398148148148 0.076171875
0 0.057834201388888895 0.15234375 0.080078125 0.10546875
0 0.09649884259259259 0.2158203125 0.07161458333333331 0.087890625
0 0.029947916666666664 0.2431640625 0.05989583333333333 0.08203125
0 0.010091145833333332 0.439453125 0.020182291666666664 0.0703125
0 0.21339699074074076 0.1708984375 0.05975115740740744 0.083984375
0 0.19860387731481483 0.095703125 0.05353009259259256 0.07421875
0 0.07609953703703703 0.529296875 0.06611689814814814 0.09765625
0 0.862377025462963 0.26171875 0.10228587962962976 0.125
0 0.9134476273148149 0.2275390625 0.07472511574074092 0.119140625
0 0.9390552662037037 0.142578125 0.02900752314814814 0.09765625
0 0.4433955439814815 0.0517578125 0.06047453703703698 0.103515625