0 0.8271484375 0.30078125 0.0673828125 0.0595703125
0 0.8486328125 0.240234375 0.0634765625 0.0625
0 0.671875 0.52734375 0.0927734375 0.1201171875
0 0.8662109375 0.3408203125 0.0546875 0.060546875
0 0.955078125 0.283203125 0.056640625 0.06640625
0 0.328125 0.3408203125 0.1005859375 0.1240234375
0 0.4365234375 0.0576171875 0.05859375 0.11328125
0 0.8916015625 0.263671875 0.0498046875 0.0576171875
0 0.9013671875 0.375 0.0595703125 0.0615234375
0 0.9091796875 0.126953125 0.0498046875 0.056640625
0 0.970703125 0.8271484375 0.0576171875 0.1015625
0 0.6640625 0.2060546875 0.0615234375 0.0732421875
0 0.763671875 0.03125 0.0615234375 0.0625
0 0.8916015625 0.658203125 0.1259765625 0.126953125
0 0.021484375 0.3125 0.04296875 0.08203125
0 0.9306640625 0.447265625 0.052734375 0.064453125
0 0.6630859375 0.8701171875 0.0830078125 0.154296875
0 0.171875 0.5224609375 0.0810546875 0.1103515625
0 0.6728515625 0.0673828125 0.0458984375 0.0810546875
0 0.9091796875 0.3154296875 0.048828125 0.056640625
0 0.7958984375 0.1259765625 0.05859375 0.060546875
0 0.9306640625 0.228515625 0.0478515625 0.0595703125
0 0.080078125 0.9072265625 0.1181640625 0.115234375
0 0.955078125 0.1845703125 0.0576171875 0.0546875
0 0.61328125 0.9306640625 0.0888671875 0.1259765625
0 0.8173828125 0.0205078125 0.048828125 0.041015625
0 0.1396484375 0.2626953125 0.0859375 0.0810546875
0 0.7041015625 0.2451171875 0.048828125 0.0849609375
0 0.7568359375 0.3466796875 0.0673828125 0.1171875
0 0.806640625 0.3798828125 0.048828125 0.07421875
0 0.82421875 0.5341796875 0.05859375 0.08984375
0 0.80859375 0.45703125 0.0673828125 0.09375
0 0.7587890625 0.115234375 0.0322265625 0.0869140625
0 0.5224609375 0.41796875 0.0361328125 0.1201171875
0 0.0166015625 0.1279296875 0.033203125 0.1005859375
0 0.1162109375 0.1748046875 0.0498046875 0.0751953125
0 0.13671875 0.1142578125 0.0517578125 0.0849609375
0 0.9091796875 0.5263671875 0.0439453125 0.0810546875
0 0.9658203125 0.51171875 0.0498046875 0.0888671875
0 0.9765625 0.5869140625 0.0400390625 0.0712890625
0 0.85546875 0.107421875 0.0595703125 0.091796875
0 0.826171875 0.1728515625 0.052734375 0.076171875
0 0.8935546875 0.1884765625 0.046875 0.072265625
0 0.9482421875 0.3681640625 0.0380859375 0.060546875
0 0.712890625 0.1484375 0.04296875 0.07421875
0 0.716796875 0.076171875 0.0390625 0.0654296875
0 0.8818359375 0.4638671875 0.046875 0.0849609375
0 0.1162109375 0.3291015625 0.0751953125 0.107421875
0 0.064453125 0.3046875 0.05078125 0.10546875
0 0.0185546875 0.0419921875 0.037109375 0.0703125
0 0.017578125 0.2294921875 0.03515625 0.091796875
0 0.1318359375 0.0390625 0.0595703125 0.0751953125
0 0.484375 0.068359375 0.0400390625 0.09765625