0 0.8016276041666667 0.2238064236111111 0.08294270833333339 0.07458043981481483
0 0.8051432291666667 0.15912181712962964 0.08111979166666661 0.07647569444444446
0 0.7073567708333333 0.4829644097222222 0.1244791666666667 0.1420862268518519
0 0.8496744791666666 0.2546730324074074 0.07122395833333339 0.0742332175925926
0 0.921875 0.1781684027777778 0.07552083333333326 0.08020833333333333
0 0.321484375 0.3750217013888889 0.13255208333333335 0.14622395833333335
0 0.3548828125 0.0687427662037037 0.08828125000000009 0.12541956018518519
0 0.8540364583333333 0.17332899305555555 0.0649739583333333 0.06820023148148147
0 0.892578125 0.28177806712962966 0.07513020833333339 0.07434895833333333
0 0.8368489583333334 0.03302951388888889 0.06484375000000009 0.06605902777777778
0 0.6157552083333333 0.16571180555555554 0.08177083333333335 0.08624131944444446
0 0.6698567708333334 0.004296875 0.07408854166666679 0.00859375
0 0.9390299479166666 0.5636212384259259 0.12194010416666679 0.1567418981481481
0 0.03424479166666667 0.4109302662037037 0.019270833333333334 0.08438946759259258
0 0.9399739583333333 0.34691116898148144 0.06940104166666661 0.07612847222222219
0 0.787890625 0.8250072337962964 0.12265624999999991 0.17322048611111107
0 0.21640625000000002 0.5894892939814815 0.1098958333333333 0.12800925925925943
0 0.5888671875 0.035727719907407404 0.068359375 0.07145543981481481
0 0.8845052083333333 0.21939380787037038 0.0649739583333333 0.06820023148148147
0 0.725 0.05777633101851852 0.07317708333333339 0.07429108796296297
0 0.8833984374999999 0.12940538194444445 0.06315104166666652 0.0700954861111111
0 0.2234375 0.9591507523148148 0.14348958333333328 0.07637442129629624
0 0.8957682291666667 0.08011429398148148 0.0708333333333333 0.0683738425925926
0 0.7521484375 0.8906467013888889 0.12018229166666661 0.13611111111111107
0 0.11751302083333333 0.338990162037037 0.10807291666666666 0.10066550925925921
0 0.6656901041666667 0.1955439814814815 0.07070312500000009 0.09565972222222219
0 0.7440755208333334 0.28519965277777776 0.09843750000000018 0.13156828703703705
0 0.8013020833333333 0.3069878472222222 0.06809895833333335 0.08583622685185188
0 0.8591796875 0.4559606481481482 0.08294270833333339 0.10381944444444446
0 0.8229817708333333 0.38266782407407407 0.09309895833333326 0.10996817129629632
0 0.6847005208333333 0.05505642361111111 0.05494791666666665 0.09324363425925927
0 0.5331380208333334 0.40886863425925923 0.06705729166666652 0.12868923611111116
0 0.07096354166666666 0.2571976273148148 0.07018229166666667 0.08784722222222219
0 0.07545572916666667 0.19248408564814815 0.07473958333333333 0.09772858796296297
0 0.9395833333333334 0.4291160300925926 0.06458333333333321 0.09157986111111116
0 0.9775716145833333 0.4021339699074074 0.04485677083333339 0.0996238425925926
0 0.9959635416666667 0.47485532407407405 0.008072916666666652 0.07928240740740744
0 0.777734375 0.038896122685185185 0.08281249999999996 0.07779224537037037
0 0.7667317708333334 0.09665798611111111 0.07213541666666679 0.08790509259259258
0 0.836328125 0.09850983796296298 0.0658854166666667 0.08187210648148147
0 0.9363932291666667 0.26384548611111114 0.05533854166666674 0.0698640046296296
0 0.6483723958333334 0.09722945601851851 0.06210937499999991 0.08370949074074074
0 0.6337890625 0.031069155092592594 0.05559895833333339 0.06213831018518519
0 0.8967447916666667 0.3736328125 0.06875000000000009 0.09560185185185177
0 0.110546875 0.4106264467592593 0.10377604166666668 0.12392939814814818
0 0.05768229166666667 0.3955584490740741 0.07005208333333333 0.11513310185185177
0 0.0509765625 0.11884403935185185 0.080078125 0.09008969907407408
0 0.4038411458333333 0.06924913194444444 0.06562500000000004 0.1072048611111111