0 0.8167100694444445 0.5706886574074074 0.11545138888888884 0.13752893518518516
0 0.40533854166666666 0.15539641203703702 0.09301215277777775 0.11588541666666663
0 0.47233072916666663 0.25260416666666663 0.06419270833333335 0.08247974537037028
0 0.9233940972222222 0.06056857638888889 0.07118055555555558 0.10791377314814815
0 0.7416232638888889 0.5896701388888889 0.08858506944444455 0.10413773148148153
0 0.9191189236111111 0.9260561342592593 0.0736979166666667 0.0766927083333333
0 0.5109592013888888 0.8341362847222222 0.23619791666666679 0.30633680555555554
0 0.6433159722222223 0.7794343171296296 0.07339409722222223 0.1137876157407407
0 0.6748480902777778 0.8832175925925927 0.060546875 0.0883101851851853
0 0.3467013888888889 0.06801938657407407 0.10455729166666661 0.11206597222222223
0 0.013606770833333334 0.07823350694444445 0.027213541666666667 0.0627170138888889
0 0.4903211805555555 0.617115162037037 0.09105902777777786 0.11587094907407414
0 0.9380642361111111 0.5657262731481482 0.08220486111111103 0.1802372685185185