0 0.8193359375 0.6044921875 0.09375 0.123046875
0 0.4462890625 0.166015625 0.0751953125 0.1044921875
0 0.5048828125 0.265625 0.0517578125 0.07421875
0 0.9580078125 0.123046875 0.0595703125 0.0966796875
0 0.7470703125 0.6162109375 0.0732421875 0.0927734375
0 0.900390625 0.9638671875 0.0625 0.072265625
0 0.5078125 0.830078125 0.1884765625 0.2763671875
0 0.640625 0.791015625 0.0546875 0.1044921875
0 0.6640625 0.8935546875 0.046875 0.080078125
0 0.39453125 0.0625 0.0869140625 0.125
0 0.0498046875 0.0400390625 0.068359375 0.080078125
0 0.5009765625 0.619140625 0.0732421875 0.1044921875
0 0.9560546875 0.61328125 0.087890625 0.1669921875