0 0.18222656250000002 0.697265625 0.21692708333333333 0.236328125
0 0.5617838541666667 0.4287109375 0.1664062500000001 0.181640625
0 0.40963541666666664 0.5341796875 0.17565104166666667 0.173828125
0 0.28118489583333334 0.39453125 0.1704427083333333 0.18359375
0 0.21725260416666667 0.2412109375 0.1359375 0.1640625
0 0.30071614583333334 0.9072265625 0.25273437499999996 0.158203125
0 0.5514973958333333 0.7578125 0.2421875 0.322265625
0 0.44303385416666663 0.302734375 0.15351562500000004 0.134765625
0 0.698046875 0.3486328125 0.138671875 0.146484375
0 0.796875 0.9521484375 0.2973958333333333 0.095703125
0 0.910546875 0.8125 0.17890625000000004 0.283203125
0 0.7330078125 0.5654296875 0.18528645833333335 0.201171875
0 0.9945963541666667 0.5283203125 0.010807291666666607 0.150390625
0 0.8306640624999999 0.4775390625 0.1669270833333334 0.16015625
0 0.106640625 0.4716796875 0.16458333333333333 0.212890625
0 0.5744140625 0.251953125 0.09375 0.1171875
0 0.0791015625 0.3076171875 0.1020833333333333 0.125
0 0.9450846354166667 0.646484375 0.1098307291666667 0.1640625
0 0.90908203125 0.4013671875 0.18183593750000004 0.193359375
0 0.9647786458333334 0.3095703125 0.07044270833333321 0.154296875
0 0.7943359375 0.298828125 0.12226562500000004 0.1640625
0 0.8610677083333333 0.259765625 0.1015625 0.146484375
0 0.9135416666666667 0.2119140625 0.10377604166666665 0.12109375
0 0.950390625 0.1728515625 0.09921874999999991 0.099609375
0 0.9860026041666667 0.130859375 0.02799479166666652 0.10546875
0 0.6689453125 0.205078125 0.10481770833333326 0.13671875
0 0.6617838541666667 0.1123046875 0.08671875000000018 0.099609375
0 0.58203125 0.146484375 0.08919270833333326 0.107421875
0 0.48170572916666665 0.1650390625 0.11289062500000013 0.140625
0 0.362890625 0.2138671875 0.1337239583333334 0.16015625
0 0.15807291666666667 0.14453125 0.1040364583333333 0.095703125
0 0.2895182291666667 0.109375 0.10273437500000004 0.10546875
0 0.23046875 0.0732421875 0.08971354166666667 0.115234375
0 0.5798177083333333 0.0693359375 0.08710937500000004 0.076171875
0 0.5012369791666667 0.0771484375 0.09218750000000009 0.09375
0 0.8748046875 0.1142578125 0.0884114583333333 0.095703125
0 0.7530598958333333 0.177734375 0.10546875 0.1171875
0 0.812890625 0.15234375 0.06328124999999996 0.099609375
0 0.9412760416666667 0.0859375 0.103515625 0.087890625
0 0.7162109375 0.09375 0.0717447916666667 0.080078125
0 0.6460286458333333 0.0517578125 0.07200520833333335 0.083984375
0 0.08424479166666667 0.0478515625 0.09036458333333333 0.095703125
0 0.18580729166666665 0.033203125 0.0864583333333333 0.06640625
0 0.2996744791666667 0.02734375 0.08372395833333335 0.0546875
0 0.4380208333333333 0.037109375 0.07135416666666661 0.07421875
0 0.8397135416666667 0.056640625 0.06015624999999991 0.052734375
0 0.7606119791666667 0.0419921875 0.059374999999999956 0.041015625
0 0.7049479166666667 0.0419921875 0.056119791666666696 0.05078125