0 0.8173828125 0.732421875 0.171875 0.2099609375
0 0.4658203125 0.4375 0.130859375 0.16015625
0 0.607421875 0.552734375 0.142578125 0.1533203125
0 0.734375 0.4326171875 0.1357421875 0.162109375
0 0.80078125 0.291015625 0.10546875 0.1474609375
0 0.697265625 0.9287109375 0.21875 0.1416015625
0 0.462890625 0.75390625 0.1806640625 0.2919921875
0 0.583984375 0.328125 0.126953125 0.1162109375
0 0.33984375 0.3466796875 0.111328125 0.12890625
0 0.2236328125 0.9423828125 0.267578125 0.115234375
0 0.09375 0.7705078125 0.18359375 0.2509765625
0 0.298828125 0.5517578125 0.1455078125 0.177734375
0 0.0234375 0.48828125 0.04296875 0.142578125
0 0.2080078125 0.45703125 0.134765625 0.140625
0 0.912109375 0.52734375 0.15234375 0.1884765625
0 0.4609375 0.265625 0.0712890625 0.10546875
0 0.9443359375 0.3701171875 0.1015625 0.1142578125
0 0.068359375 0.607421875 0.13671875 0.14453125
0 0.125 0.375 0.169921875 0.16796875
0 0.0546875 0.28125 0.109375 0.1376953125
0 0.25 0.2890625 0.091796875 0.1474609375
0 0.1875 0.24609375 0.0751953125 0.1337890625
0 0.1396484375 0.1943359375 0.0810546875 0.1083984375
0 0.0966796875 0.1513671875 0.09765625 0.0859375
0 0.0419921875 0.107421875 0.0732421875 0.09765625
0 0.3720703125 0.2109375 0.0791015625 0.1220703125
0 0.3818359375 0.1240234375 0.0673828125 0.0888671875
0 0.45703125 0.1640625 0.068359375 0.095703125
0 0.5517578125 0.1923828125 0.0869140625 0.1259765625
0 0.6630859375 0.2509765625 0.103515625 0.14453125
0 0.8603515625 0.205078125 0.0849609375 0.0830078125
0 0.736328125 0.158203125 0.08203125 0.09375
0 0.7939453125 0.12890625 0.068359375 0.103515625
0 0.462890625 0.08984375 0.072265625 0.06640625
0 0.5361328125 0.10546875 0.07421875 0.0830078125
0 0.1796875 0.103515625 0.068359375 0.083984375
0 0.2939453125 0.1767578125 0.08203125 0.10546875
0 0.23828125 0.146484375 0.044921875 0.091796875
0 0.1181640625 0.0703125 0.0859375 0.07421875
0 0.33203125 0.099609375 0.056640625 0.0712890625
0 0.4013671875 0.064453125 0.0546875 0.0791015625
0 0.943359375 0.11328125 0.0810546875 0.107421875
0 0.8388671875 0.0810546875 0.0703125 0.0849609375
0 0.732421875 0.0615234375 0.068359375 0.08203125
0 0.6015625 0.068359375 0.05859375 0.08203125
0 0.2177734375 0.0498046875 0.05078125 0.0537109375
0 0.29296875 0.0322265625 0.048828125 0.060546875
0 0.34765625 0.0478515625 0.048828125 0.060546875