0 0.19963107638888888 0.7473451967592593 0.18884548611111107 0.22815393518518512
0 0.5347583912037037 0.4189163773148148 0.14314236111111112 0.17408854166666665
0 0.3989149305555556 0.5479962384259259 0.1547743055555555 0.16857638888888893
0 0.26340422453703705 0.4357494212962963 0.14903067129629632 0.1762152777777778
0 0.1861400462962963 0.29832899305555555 0.11556712962962962 0.1576533564814815
0 0.33414351851851853 0.9241030092592593 0.2324363425925926 0.1396412037037038
0 0.5590494791666667 0.7396267361111111 0.20376157407407414 0.3125434027777776
0 0.4072337962962963 0.3181568287037037 0.13661747685185188 0.1289930555555555
0 0.6553674768518518 0.31666666666666665 0.1211660879629628 0.14024884259259263
0 0.8155164930555556 0.9049551504629629 0.281148726851852 0.1332754629629629
0 0.9157045717592592 0.7239800347222223 0.16859085648148153 0.2728443287037039
0 0.7121310763888888 0.5211299189814815 0.15902777777777777 0.19212962962962976
0 0.979441550925926 0.43297887731481477 0.04111689814814801 0.14787326388888888
0 0.7955873842592592 0.41705005787037036 0.14675925925925926 0.15467303240740737
0 0.09016203703703704 0.5463975694444445 0.1670138888888889 0.20407986111111098
0 0.5272858796296296 0.24425636574074075 0.07977430555555554 0.11364293981481483
0 0.054600694444444445 0.3882016782407407 0.09942129629629629 0.1220341435185186
0 0.9373553240740741 0.5572989004629629 0.12528935185185186 0.1582320601851852
0 0.8753399884259259 0.3267578125 0.18232060185185173 0.1830584490740741
0 0.9373553240740741 0.22624421296296296 0.11737557870370363 0.14794560185185185
0 0.7423177083333333 0.2505859375 0.10384837962962967 0.1573061342592592
0 0.8031467013888889 0.20188802083333335 0.08603877314814823 0.1411603009259259
0 0.8472439236111111 0.14489293981481483 0.08959780092592595 0.11783854166666663
0 0.8875940393518519 0.09875578703703705 0.10490451388888888 0.09681712962962963
0 0.9396195023148148 0.05065465856481482 0.0815827546296295 0.10130931712962964
0 0.6133174189814815 0.18211082175925924 0.08784722222222219 0.13145254629629632
0 0.5973668981481481 0.09465422453703703 0.07365451388888888 0.09589120370370369
0 0.5247757523148148 0.14076967592592593 0.07569444444444451 0.10180844907407405
0 0.4305555555555556 0.1777560763888889 0.0957175925925926 0.13559027777777777
0 0.3221498842592593 0.24642650462962964 0.11358506944444446 0.15564236111111113
0 0.11946614583333334 0.21628327546296294 0.09117476851851852 0.09250578703703705
0 0.24171730324074076 0.15892650462962962 0.0913194444444444 0.10227141203703705
0 0.18077980324074072 0.13435329861111112 0.07583912037037033 0.11157407407407405
0 0.5139105902777777 0.06684027777777778 0.07724247685185182 0.07452256944444444
0 0.4409722222222222 0.08951822916666666 0.08138020833333326 0.09026331018518519
0 0.8009910300925926 0.056380208333333334 0.07554976851851869 0.09204282407407408
0 0.6908492476851852 0.13975694444444445 0.08953993055555554 0.11393229166666669
0 0.745044849537037 0.10493344907407408 0.05219907407407387 0.09720775462962963
0 0.8610026041666667 0.029911747685185185 0.09103009259259265 0.05982349537037037
0 0.6467664930555556 0.0658347800925926 0.061646412037037024 0.0760127314814815
0 0.5740234375 0.03883101851851852 0.06176215277777786 0.07766203703703704
0 0.03807146990740741 0.12978877314814816 0.07394386574074074 0.11542245370370369
0 0.1341724537037037 0.0878616898148148 0.07750289351851852 0.09210069444444444
0 0.2392650462962963 0.05934606481481482 0.07356770833333337 0.09003182870370371
0 0.3730685763888889 0.05635850694444444 0.06377314814814816 0.08778935185185185
0 0.7591941550925926 0.016493055555555556 0.053544560185185164 0.03298611111111111
0 0.6829499421296297 0.01273871527777778 0.053399884259259345 0.02547743055555556
0 0.6274450231481481 0.023817274305555556 0.05368923611111098 0.04763454861111111