0 0.5975766782407408 0.4151475694444444 0.21300636574074083 0.28242187500000004
0 0.9038194444444445 0.6052517361111112 0.18524305555555554 0.22537615740740735
0 0.7279441550925926 0.6153428819444444 0.15587384259259252 0.21517650462962967
0 0.671752025462963 0.9439670138888889 0.1395688657407408 0.11206597222222214
0 0.6323929398148148 0.8571180555555555 0.17504340277777786 0.16663773148148153
0 0.8394603587962963 0.8553023726851852 0.18712384259259274 0.21563946759259256
0 0.19287471064814815 0.5956958912037037 0.1992476851851852 0.2705005787037038
0 0.041919849537037035 0.4127459490740741 0.08383969907407407 0.25908564814814816
0 0.03846209490740741 0.7935763888888889 0.07692418981481482 0.20824652777777786
0 0.25828993055555555 0.8623191550925926 0.19301215277777783 0.21963252314814818
0 0.05542534722222222 0.16490162037037037 0.09934895833333333 0.2299623842592593
0 0.7427806712962963 0.06276765046296297 0.19014756944444455 0.09655671296296295
0 0.9466652199074075 0.22693865740740743 0.1050202546296295 0.20465856481481481
0 0.9184751157407407 0.07709056712962963 0.16287615740740735 0.10591724537037037
0 0.8039496527777779 0.2433810763888889 0.16173321759259274 0.21526331018518519
0 0.7829861111111112 0.4364510995370371 0.16927083333333348 0.1782696759259259
0 0.6149305555555555 0.7093822337962963 0.1537615740740741 0.19366319444444446