0 0.392578125 0.4248046875 0.189453125 0.2568359375
0 0.091796875 0.5908203125 0.18359375 0.205078125
0 0.263671875 0.607421875 0.138671875 0.1962890625
0 0.3046875 0.935546875 0.123046875 0.12890625
0 0.34375 0.83984375 0.158203125 0.1494140625
0 0.1494140625 0.828125 0.16796875 0.193359375
0 0.7646484375 0.6142578125 0.1767578125 0.24609375
0 0.94140625 0.453125 0.1162109375 0.2412109375
0 0.935546875 0.8115234375 0.1279296875 0.19140625
0 0.693359375 0.861328125 0.1728515625 0.19921875
0 0.935546875 0.21484375 0.1279296875 0.2138671875
0 0.2734375 0.064453125 0.1748046875 0.12890625
0 0.0595703125 0.232421875 0.119140625 0.1875
0 0.0908203125 0.0703125 0.181640625 0.140625
0 0.20703125 0.25390625 0.1435546875 0.1962890625
0 0.21875 0.4365234375 0.1513671875 0.16015625
0 0.3662109375 0.701171875 0.13671875 0.17578125