0 0.5848958333333334 0.43235677083333335 0.21501736111111125 0.27209201388888893
0 0.8845920138888889 0.5954210069444444 0.18914930555555554 0.21688368055555562
0 0.7154947916666667 0.6170789930555556 0.15746527777777786 0.20642361111111107
0 0.671484375 0.9412760416666667 0.13650173611111116 0.11744791666666665
0 0.6306857638888889 0.8537109375 0.17296006944444442 0.15993923611111116
0 0.8297526041666667 0.8395616319444444 0.18676215277777786 0.2070746527777778
0 0.20264756944444445 0.6310980902777777 0.19887152777777772 0.26002604166666665
0 0.048111979166666666 0.46608072916666665 0.09622395833333333 0.2524739583333333
0 0.051171875 0.8306857638888889 0.10234375 0.20203993055555558
0 0.2736545138888889 0.8809678819444444 0.1928819444444444 0.21306423611111125
0 0.05505642361111111 0.22686631944444444 0.11011284722222223 0.22326388888888887
0 0.7102864583333333 0.07443576388888888 0.18880208333333348 0.12126736111111111
0 0.9232421875 0.2316623263888889 0.12968749999999996 0.19605034722222225
0 0.8928602430555556 0.07947048611111111 0.18693576388888888 0.12317708333333335
0 0.7754991319444444 0.2567274305555556 0.16341145833333348 0.2085069444444445
0 0.7623263888888889 0.44314236111111116 0.16762152777777795 0.17152777777777772
0 0.6095052083333333 0.7144314236111111 0.15269097222222228 0.18680555555555545