0 0.5475260416666666 0.40325520833333334 0.11197916666666674 0.1244791666666667
0 0.5819661458333334 0.5258463541666667 0.10065104166666661 0.14127604166666652
0 0.0373046875 0.5770833333333334 0.074609375 0.13463541666666679
0 0.048828125 0.1322265625 0.09765625 0.08867187500000001
0 0.43780381944444446 0.367578125 0.080078125 0.09309895833333326
0 0.9134114583333334 0.354296875 0.12309027777777781 0.18567708333333333
0 0.7530815972222222 0.307421875 0.10425347222222214 0.12786458333333328
0 0.7128689236111111 0.44459635416666665 0.07035590277777781 0.09440104166666674
0 0.7664930555555556 0.4080729166666667 0.08407118055555562 0.09726562500000002
0 0.9565538194444445 0.7454427083333333 0.06102430555555571 0.20104166666666679
0 0.19255642361111108 0.91875 0.20690104166666667 0.1625000000000001
0 0.09876302083333333 0.9249348958333333 0.08463541666666669 0.12265624999999991
0 0.1781032986111111 0.6554036458333334 0.11879340277777778 0.16783854166666679
0 0.5287760416666667 0.8069010416666667 0.09752604166666679 0.1761718750000001
0 0.25321180555555556 0.13619791666666667 0.08229166666666665 0.10494791666666664
0 0.07272135416666667 0.3804036458333333 0.07630208333333333 0.09869791666666661
0 0.4393229166666667 0.7833333333333333 0.07821180555555562 0.09687500000000004