0 0.5909794560185185 0.3687065972222222 0.09480613425925921 0.1083622685185186
0 0.5999710648148149 0.49464699074074076 0.07792245370370354 0.13049768518518523
0 0.03859230324074074 0.42415364583333337 0.07718460648148148 0.12565104166666674
0 0.0427662037037037 0.06275318287037038 0.0855324074074074 0.09816261574074076
0 0.49092158564814814 0.31040219907407407 0.06481481481481488 0.08275462962962965
0 0.9531684027777778 0.3994502314814815 0.07322048611111098 0.16912615740740744
0 0.8145978009259259 0.3196976273148148 0.08521412037037046 0.11349826388888895
0 0.7462962962962962 0.44480613425925924 0.05516493055555571 0.0859375
0 0.8067057291666666 0.4208984375 0.07078993055555571 0.08709490740740744
0 0.9443214699074074 0.7971281828703703 0.07374131944444451 0.18670428240740744
0 0.12332899305555556 0.8253761574074074 0.17547743055555554 0.20008680555555558
0 0.03374204282407407 0.7795862268518519 0.06748408564814815 0.11219618055555558
0 0.17311197916666665 0.5325159143518519 0.09223090277777779 0.15299479166666674
0 0.48654513888888884 0.7553891782407407 0.06730324074074079 0.16673900462962976
0 0.3613498263888889 0.05906394675925926 0.06613136574074074 0.06141493055555555
0 0.12779224537037037 0.2453342013888889 0.06108217592592591 0.08832465277777779
0 0.40363136574074077 0.7130353009259259 0.06303530092592591 0.08846932870370372