0 0.4072265625 0.38671875 0.0791015625 0.0888671875
0 0.3994140625 0.5 0.0634765625 0.1103515625
0 0.921875 0.458984375 0.0966796875 0.1015625
0 0.91015625 0.1015625 0.091796875 0.142578125
0 0.802734375 0.05078125 0.0869140625 0.091796875
0 0.4970703125 0.337890625 0.0546875 0.068359375
0 0.0595703125 0.404296875 0.1044921875 0.1484375
0 0.2060546875 0.3359375 0.0703125 0.0947265625
0 0.267578125 0.44921875 0.0458984375 0.072265625
0 0.2138671875 0.42578125 0.05859375 0.0712890625
0 0.060546875 0.76171875 0.1201171875 0.1611328125
0 0.830078125 0.8125 0.1474609375 0.1640625
0 0.91015625 0.775390625 0.0537109375 0.09375
0 0.97265625 0.8095703125 0.0537109375 0.07421875
0 0.783203125 0.548828125 0.07421875 0.1298828125
0 0.5029296875 0.73828125 0.0517578125 0.14453125
0 0.6142578125 0.10546875 0.0556640625 0.078125
0 0.822265625 0.2919921875 0.0498046875 0.07421875
0 0.5771484375 0.7021484375 0.0517578125 0.0732421875