0 0.8717881944444444 0.19780092592592594 0.24791666666666656 0.3064236111111111
0 0.7449001736111112 0.8320601851851852 0.3608072916666667 0.3358796296296296
0 0.44427083333333334 0.15558449074074074 0.20885416666666667 0.30613425925925924
0 0.3501953125 0.08166956018518517 0.11054687500000004 0.1589699074074074
0 0.41089409722222225 0.019639756944444444 0.10303819444444451 0.03395543981481481
0 0.21250000000000002 0.5199580439814815 0.23658854166666665 0.27119502314814814
0 0.37916666666666665 0.8872829861111111 0.1949218749999999 0.21231192129629628
0 0.24418402777777778 0.09064670138888889 0.19930555555555557 0.1791521990740741
0 0.9747612847222222 0.3314019097222222 0.050477430555555536 0.1957609953703704
0 0.9144205729166667 0.7419704861111112 0.17115885416666665 0.2533130787037039
0 0.9342230902777777 0.9621166087962962 0.09544270833333313 0.07576678240740753
0 0.7251085069444444 0.12642505787037037 0.14453125 0.17679398148148145
0 0.7186848958333334 0.2894097222222222 0.10256076388888902 0.15500578703703705