0 0.162109375 0.95703125 0.07421875 0.0849609375
0 0.267578125 0.1708984375 0.1748046875 0.2509765625
0 0.30859375 0.783203125 0.265625 0.31640625
0 0.6494140625 0.1953125 0.1376953125 0.2568359375
0 0.740234375 0.1337890625 0.0703125 0.154296875
0 0.6943359375 0.0439453125 0.0849609375 0.087890625
0 0.818359375 0.556640625 0.169921875 0.21875
0 0.6337890625 0.8876953125 0.142578125 0.224609375
0 0.8369140625 0.119140625 0.14453125 0.23828125
0 0.0986328125 0.2724609375 0.13671875 0.166015625
0 0.1572265625 0.6513671875 0.1455078125 0.2099609375
0 0.05859375 0.751953125 0.1162109375 0.1787109375
0 0.0791015625 0.908203125 0.158203125 0.18359375
0 0.40234375 0.12890625 0.1015625 0.14453125
0 0.3916015625 0.275390625 0.06640625 0.130859375