0 0.873046875 0.2327907986111111 0.25390625 0.31633391203703703
0 0.6689453125 0.833912037037037 0.365234375 0.32497106481481497
0 0.4580078125 0.15871672453703703 0.21484375 0.3121383101851852
0 0.3759765625 0.08085214120370371 0.115234375 0.16170428240740742
0 0.4482421875 0.021976273148148148 0.107421875 0.043952546296296295
0 0.181640625 0.5015842013888889 0.240234375 0.28107638888888875
0 0.3017578125 0.8708116319444444 0.1953125 0.2123842592592593
0 0.2763671875 0.08725405092592593 0.208984375 0.17450810185185187
0 0.9658203125 0.37565827546296293 0.068359375 0.1997251157407407
0 0.865234375 0.7738642939814815 0.20703125 0.2612991898148147
0 0.8974609375 0.8956958912037037 0.080078125 0.19590567129629632
0 0.841796875 0.9722800925925926 0.109375 0.043778935185185164
0 0.7412109375 0.15173611111111113 0.146484375 0.18272569444444442
0 0.7138671875 0.3120949074074074 0.10546875 0.15898437499999996