0 0.5830078125 0.5929253472222222 0.115234375 0.18334780092592595
0 0.96875 0.7668981481481482 0.0625 0.215769675925926
0 0.6572265625 0.9365523726851852 0.12109375 0.09749710648148158
0 0.6044921875 0.8621383101851852 0.11328125 0.16183449074074074
0 0.541015625 0.7439380787037038 0.09765625 0.20261863425925908
0 0.4423828125 0.7209852430555556 0.083984375 0.14772858796296306
0 0.4033203125 0.9041811342592593 0.095703125 0.1596209490740741
0 0.2958984375 0.7456163194444445 0.111328125 0.18524305555555554
0 0.390625 0.45417390046296297 0.10546875 0.24179687500000002
0 0.31640625 0.551953125 0.08984375 0.17711226851851847
0 0.1416015625 0.8641131365740742 0.123046875 0.17955729166666679
0 0.1923828125 0.9629701967592592 0.068359375 0.0693721064814814
0 0.056640625 0.9376374421296296 0.0625 0.123972800925926
0 0.0419921875 0.8362919560185185 0.05078125 0.18239293981481497
0 0.0283203125 0.6226273148148148 0.0546875 0.19026331018518516
0 0.017578125 0.13645833333333332 0.03515625 0.21145833333333336
0 0.26953125 0.12198350694444444 0.138671875 0.22080439814814815
0 0.5009765625 0.049406828703703706 0.103515625 0.09881365740740741
0 0.44921875 0.1740089699074074 0.111328125 0.14813368055555554
0 0.7060546875 0.07915219907407407 0.107421875 0.15830439814814815
0 0.634765625 0.3030960648148148 0.08203125 0.16918402777777775
0 0.5576171875 0.3882233796296296 0.083984375 0.17311921296296306
0 0.955078125 0.5551866319444445 0.08984375 0.1712528935185187
0 0.9345703125 0.2215060763888889 0.111328125 0.2418836805555556
0 0.8251953125 0.0890552662037037 0.119140625 0.1781105324074074
0 0.837890625 0.24832899305555556 0.087890625 0.16145833333333337
0 0.708984375 0.32641059027777775 0.078125 0.15350115740740744
0 0.72265625 0.7002314814814815 0.15234375 0.27178819444444446
0 0.859375 0.7392216435185186 0.08203125 0.13598090277777786
0 0.9189453125 0.7129484953703704 0.060546875 0.11808449074074057
0 0.92578125 0.04811921296296296 0.078125 0.09623842592592592
0 0.421875 0.025426793981481483 0.0625 0.050853587962962965
0 0.3603515625 0.04351851851851852 0.078125 0.08703703703703704
0 0.1953125 0.27542679398148145 0.06640625 0.1181712962962963
0 0.12890625 0.28910590277777776 0.095703125 0.1537615740740741
0 0.2451171875 0.43191550925925926 0.125 0.18153935185185177
0 0.1376953125 0.4501085069444445 0.12890625 0.1327690972222222
0 0.0859375 0.5456018518518518 0.09765625 0.1655092592592593
0 0.09765625 0.6626157407407407 0.103515625 0.1362991898148147
0 0.0927734375 0.1236255787037037 0.091796875 0.1615162037037037
0 0.1806640625 0.12818287037037038 0.099609375 0.17530381944444445
0 0.3779296875 0.7092447916666667 0.099609375 0.2221788194444445
0 0.79296875 0.3896195023148148 0.087890625 0.15559895833333326