0 0.41015625 0.60546875 0.0927734375 0.1552734375
0 0.05078125 0.7919921875 0.0986328125 0.1884765625
0 0.3671875 0.9404296875 0.103515625 0.119140625
0 0.4091796875 0.8466796875 0.091796875 0.13671875
0 0.4580078125 0.736328125 0.0751953125 0.1748046875
0 0.54296875 0.708984375 0.0673828125 0.125
0 0.58984375 0.8681640625 0.076171875 0.13671875
0 0.6748046875 0.7197265625 0.0888671875 0.1572265625
0 0.5732421875 0.4677734375 0.0791015625 0.208984375
0 0.6455078125 0.5498046875 0.068359375 0.15234375
0 0.8203125 0.814453125 0.099609375 0.15234375
0 0.783203125 0.9228515625 0.056640625 0.0888671875
0 0.9267578125 0.90234375 0.095703125 0.166015625
0 0.93359375 0.7822265625 0.083984375 0.158203125
0 0.931640625 0.5927734375 0.0859375 0.1669921875
0 0.9296875 0.1513671875 0.103515625 0.201171875
0 0.6611328125 0.1630859375 0.111328125 0.1875
0 0.44921875 0.091796875 0.0869140625 0.13671875
0 0.50390625 0.2236328125 0.0908203125 0.125
0 0.2685546875 0.15234375 0.0859375 0.1494140625
0 0.3466796875 0.3515625 0.0625 0.14453125
0 0.4208984375 0.421875 0.064453125 0.1494140625
0 0.0693359375 0.6025390625 0.0859375 0.1435546875
0 0.0712890625 0.3046875 0.0927734375 0.20703125
0 0.1611328125 0.166015625 0.0947265625 0.171875
0 0.162109375 0.3193359375 0.068359375 0.138671875
0 0.2822265625 0.3779296875 0.060546875 0.1318359375
0 0.2939453125 0.7109375 0.1201171875 0.232421875
0 0.173828125 0.755859375 0.064453125 0.1171875
0 0.119140625 0.7373046875 0.0478515625 0.1005859375
0 0.0703125 0.1357421875 0.0634765625 0.1064453125
0 0.51953125 0.0556640625 0.052734375 0.111328125
0 0.5751953125 0.068359375 0.0654296875 0.13671875
0 0.7353515625 0.294921875 0.0517578125 0.1005859375
0 0.7958984375 0.3017578125 0.076171875 0.130859375
0 0.701171875 0.4375 0.1015625 0.1533203125
0 0.798828125 0.4453125 0.107421875 0.109375
0 0.849609375 0.5263671875 0.078125 0.1416015625
0 0.8466796875 0.630859375 0.0859375 0.115234375
0 0.8173828125 0.15234375 0.0732421875 0.138671875
0 0.740234375 0.1630859375 0.078125 0.1494140625
0 0.6005859375 0.693359375 0.076171875 0.19140625
0 0.2119140625 0.4404296875 0.068359375 0.1328125