0 0.5633897569444445 0.6331090856481482 0.13893229166666665 0.19448784722222223
0 0.8722222222222222 0.8697337962962963 0.09357638888888897 0.17262731481481497
0 0.5359157986111112 0.9476490162037037 0.12408854166666661 0.053255208333333304
0 0.5049696180555555 0.8917028356481481 0.13250868055555554 0.16879340277777777
0 0.4804470486111111 0.7661675347222222 0.12365451388888893 0.20930266203703707
0 0.3955946180555555 0.7217954282407407 0.10486111111111107 0.15370370370370368
0 0.3071614583333333 0.8824508101851852 0.11684027777777772 0.1660300925925926
0 0.25340711805555555 0.7116102430555555 0.13502604166666665 0.194285300925926
0 0.4249131944444444 0.455931712962963 0.1381944444444445 0.249074074074074
0 0.32762586805555555 0.5321831597222222 0.11137152777777781 0.18330439814814814
0 0.07515190972222222 0.788158275462963 0.1447482638888889 0.1928385416666667
0 0.09136284722222222 0.8926649305555556 0.073828125 0.07405960648148158
0 0.006163194444444443 0.8332248263888888 0.012326388888888887 0.14214409722222232
0 0.014409722222222223 0.7303313078703704 0.028819444444444446 0.19168113425925926
0 0.039149305555555555 0.5270182291666666 0.07829861111111111 0.19986979166666674
0 0.13283420138888888 0.08529369212962963 0.14839409722222224 0.17058738425925926
0 0.4081814236111111 0.11448929398148149 0.16714409722222223 0.22897858796296297
0 0.6509982638888889 0.07840711805555556 0.12673611111111116 0.15681423611111112
0 0.5602647569444444 0.20310329861111112 0.1284288194444445 0.16077835648148148
0 0.8293185763888888 0.16671730324074072 0.12899305555555562 0.18616898148148148
0 0.6960720486111112 0.3687138310185185 0.10338541666666679 0.17508680555555556
0 0.5990668402777778 0.4322699652777777 0.10737847222222219 0.1791956018518519
0 0.9134114583333333 0.6842158564814815 0.09748263888888875 0.17282986111111098
0 0.9596137152777777 0.3609013310185185 0.06775173611111107 0.23956886574074077
0 0.9319661458333333 0.20041232638888887 0.12955729166666652 0.21155960648148148
0 0.9009765625 0.36589265046296293 0.10911458333333335 0.1695312499999999
0 0.7575954861111112 0.40941840277777775 0.09913194444444429 0.1592592592592592
0 0.6618489583333333 0.7674913194444444 0.18776041666666665 0.28480902777777795
0 0.7773654513888889 0.8366102430555555 0.09882812500000004 0.1455873842592592
0 0.841015625 0.8255063657407407 0.07686631944444455 0.12298900462962958
0 0.5855902777777777 0.04341362847222222 0.0805989583333333 0.08682725694444444
0 0.5220052083333333 0.0521484375 0.10052083333333339 0.104296875
0 0.29509548611111114 0.2402633101851852 0.08077256944444455 0.12319155092592593
0 0.22881944444444446 0.2378472222222222 0.11480034722222221 0.1620225694444445
0 0.29542100694444445 0.40119357638888886 0.14869791666666665 0.19499421296296293
0 0.1912326388888889 0.39293981481481477 0.1418402777777778 0.14976851851851847
0 0.11536458333333333 0.4710069444444444 0.11901041666666667 0.17589699074074072
0 0.09233940972222222 0.5853515625 0.12035590277777777 0.14865451388888884
0 0.24420572916666666 0.07853370949074073 0.11302083333333335 0.15706741898148147
0 0.3236545138888889 0.09636863425925926 0.12113715277777781 0.1838107638888889
0 0.33862847222222225 0.6954861111111111 0.1299479166666666 0.22913773148148153
0 0.8172743055555556 0.4892361111111111 0.10703124999999991 0.1635706018518519