0 0.828125 0.0751953125 0.1142578125 0.1376953125
0 0.400390625 0.1044921875 0.13671875 0.140625
0 0.3525390625 0.541015625 0.1044921875 0.2763671875
0 0.4111328125 0.8046875 0.0908203125 0.158203125
0 0.5 0.7705078125 0.0712890625 0.1220703125
0 0.3349609375 0.75390625 0.05859375 0.1259765625
0 0.7001953125 0.5810546875 0.1015625 0.1630859375
0 0.9384765625 0.7451171875 0.1220703125 0.244140625
0 0.951171875 0.9287109375 0.09765625 0.142578125
0 0.921875 0.2578125 0.091796875 0.2275390625
0 0.9619140625 0.5146484375 0.0751953125 0.166015625
0 0.7294921875 0.3525390625 0.0625 0.103515625
0 0.736328125 0.244140625 0.080078125 0.1240234375
0 0.779296875 0.3876953125 0.072265625 0.109375
0 0.6796875 0.41015625 0.0595703125 0.11328125
0 0.8095703125 0.7548828125 0.109375 0.2099609375