0 0.8472439236111111 0.08135850694444444 0.13103298611111103 0.09856770833333334
0 0.38049045138888893 0.06903211805555556 0.15698784722222214 0.12452256944444445
0 0.29713541666666665 0.5224826388888889 0.1357204861111111 0.3095052083333334
0 0.33854166666666663 0.8135850694444444 0.11137152777777781 0.18012152777777768
0 0.4369140625 0.7835286458333334 0.08897569444444442 0.1386284722222222
0 0.2607855902777778 0.7512803819444445 0.07343750000000004 0.1421874999999999
0 0.669748263888889 0.5942708333333333 0.12322048611111125 0.18624131944444455
0 0.9086805555555555 0.7901041666666666 0.14084201388888884 0.2764322916666666
0 0.9077256944444445 0.9541015625 0.1020833333333333 0.091796875
0 0.9370659722222222 0.2601996527777778 0.11888020833333335 0.2544704861111111
0 0.9503255208333333 0.5428602430555556 0.08025173611111103 0.18528645833333335
0 0.7201822916666667 0.3472222222222222 0.07682291666666652 0.11883680555555554
0 0.7364583333333333 0.23033854166666667 0.09683159722222223 0.14075520833333333
0 0.7710286458333333 0.38938802083333335 0.08671874999999996 0.12491319444444438
0 0.6612196180555555 0.40648871527777775 0.07508680555555558 0.12855902777777772
0 0.7747829861111111 0.7920138888888888 0.13606770833333348 0.23728298611111098