0 0.9208984375 0.20885416666666667 0.150390625 0.15846354166666665
0 0.4609375 0.10787760416666667 0.1796875 0.16627604166666665
0 0.302734375 0.5367838541666666 0.1796875 0.33229166666666665
0 0.30078125 0.8325520833333333 0.13671875 0.20052083333333348
0 0.4033203125 0.8247395833333333 0.10546875 0.15546875000000004
0 0.2314453125 0.7556640625 0.09375 0.1566406250000001
0 0.6630859375 0.6897135416666667 0.1484375 0.20911458333333321
0 0.8662109375 0.8912109375 0.173828125 0.21757812499999996
0 0.951171875 0.41888020833333334 0.09765625 0.27213541666666663
0 0.9482421875 0.6999348958333333 0.103515625 0.1983072916666666
0 0.7509765625 0.45826822916666665 0.09375 0.1332031250000001
0 0.78515625 0.3462890625 0.115234375 0.16002604166666656
0 0.794921875 0.5110026041666667 0.103515625 0.1416666666666666
0 0.6826171875 0.503515625 0.091796875 0.14088541666666665
0 0.7373046875 0.88798828125 0.16796875 0.2240234375000001