0 0.7513310185185185 0.9554759837962963 0.17855902777777777 0.08904803240740744
0 0.870290798611111 0.6306423611111112 0.10225694444444455 0.17100694444444464
0 0.7132306134259259 0.3407841435185185 0.21795428240740744 0.3760850694444444
0 0.5949146412037037 0.19777199074074076 0.0688802083333333 0.12767650462962965
0 0.5697989004629629 0.5013744212962963 0.14968171296296306 0.2601273148148149
0 0.4508246527777777 0.608326099537037 0.1655092592592593 0.2651909722222223
0 0.5657986111111111 0.8182146990740741 0.12751736111111112 0.20789930555555558
0 0.36377314814814815 0.8431351273148149 0.1591724537037037 0.21802662037037024
0 0.4638599537037037 0.7659143518518519 0.09558738425925939 0.15494791666666674
0 0.22879050925925926 0.7163990162037037 0.14189814814814816 0.22258391203703698
0 0.13701533564814816 0.6162109375 0.08683449074074073 0.17375578703703698
0 0.20208333333333334 0.5577980324074074 0.15737847222222223 0.14590567129629628
0 0.3207537615740741 0.4449869791666667 0.09743923611111116 0.15313946759259267
0 0.916529224537037 0.9203197337962963 0.09599247685185186 0.15936053240740744
0 0.5976924189814814 0.9602502893518519 0.13878761574074083 0.07949942129629628
0 0.5070240162037036 0.9612991898148149 0.05840567129629637 0.07740162037037024
0 0.46924189814814815 0.9658564814814815 0.05193865740740744 0.06828703703703698
0 0.3784577546296296 0.9818431712962963 0.05772569444444442 0.03631365740740744
0 0.32552083333333337 0.9760561342592593 0.05422453703703711 0.0478877314814814
0 0.2733434606481482 0.9847005208333333 0.060923032407407485 0.03059895833333348
0 0.15805844907407407 0.9791666666666667 0.0766493055555556 0.04166666666666652
0 0.10953414351851853 0.9839409722222222 0.036979166666666674 0.03211805555555558
0 0.08193721064814816 0.9784071180555556 0.01795428240740743 0.04318576388888884
0 0.05888310185185185 0.6853298611111112 0.04551504629629628 0.16485821759259256
0 0.09193431712962963 0.6848596643518519 0.05769675925925927 0.099609375
0 0.09790943287037038 0.8000940393518519 0.07669270833333336 0.12825520833333326
0 0.18409288194444445 0.8862485532407407 0.09477719907407411 0.13932291666666652
0 0.13840422453703705 0.4178602430555556 0.06901041666666663 0.09266493055555558
0 0.08770978009259259 0.4345341435185185 0.055844907407407385 0.10141782407407418
0 0.03678385416666667 0.3529369212962963 0.046831597222222215 0.19024884259259256
0 0.0464988425925926 0.22135416666666666 0.07659143518518519 0.12630208333333331
0 0.16376591435185184 0.32537615740740744 0.07837094907407405 0.08557581018518512
0 0.09616608796296297 0.3349609375 0.05442708333333335 0.07407407407407407
0 0.4212962962962963 0.3765552662037037 0.07608506944444438 0.11653645833333326
0 0.5623842592592592 0.3208550347222222 0.06375868055555545 0.10394965277777779
0 0.7512514467592593 0.09845196759259259 0.06109664351851851 0.09013310185185186
0 0.7050347222222222 0.10767505787037038 0.07022569444444438 0.11610243055555552
0 0.6289134837962963 0.10300925925925927 0.0820457175925926 0.1189236111111111
0 0.5646267361111111 0.08268229166666669 0.055034722222222276 0.08579282407407407
0 0.5165581597222222 0.09371383101851852 0.06827256944444438 0.11595775462962965
0 0.43853443287037036 0.08987991898148148 0.06601562500000002 0.10995370370370372
0 0.38647280092592595 0.08018663194444445 0.057595486111111205 0.09765625
0 0.33990162037037036 0.08257378472222222 0.06170428240740744 0.10185185185185183
0 0.28706597222222224 0.07671440972222222 0.06530671296296298 0.09628182870370369
0 0.2297019675925926 0.07732928240740741 0.06530671296296298 0.09628182870370372
0 0.18580729166666665 0.07505063657407407 0.05348668981481486 0.09346064814814814
0 0.13795572916666665 0.0715060763888889 0.05924479166666663 0.09194155092592593
0 0.0890625 0.08539496527777778 0.0627170138888889 0.12138310185185183
0 0.03935908564814815 0.08365885416666666 0.04816261574074074 0.06582754629629628
0 0.009049479166666667 0.061957465277777776 0.015465856481481483 0.07313368055555555
0 0.8311197916666666 0.17538339120370372 0.07824074074074083 0.12058738425925924
0 0.9986472800925925 0.8255570023148149 0.0027054398148149694 0.1064091435185186
0 0.9983217592592593 0.7231626157407407 0.003356481481481488 0.07682291666666652
0 0.98994140625 0.6570818865740741 0.02011718749999991 0.06582754629629628
0 0.9854962384259259 0.553638599537037 0.02900752314814814 0.12680844907407396
0 0.9784866898148148 0.4564525462962963 0.043026620370370416 0.09794560185185186
0 0.9793909143518518 0.36863425925925924 0.04121817129629646 0.07769097222222221
0 0.9709997106481482 0.2840711805555556 0.058000578703703676 0.10561342592592593
0 0.9681278935185185 0.20985243055555558 0.048770254629629584 0.07754629629629628
0 0.9603370949074074 0.11588541666666667 0.04516782407407405 0.08311631944444445
0 0.6895182291666666 0.6902126736111112 0.1410879629629629 0.2069589120370372
0 0.6614728009259259 0.8622685185185185 0.054195601851851904 0.10713252314814814
0 0.7083767361111111 0.8287760416666667 0.04701967592592604 0.08130787037037024
0 0.7503978587962963 0.794921875 0.05483217592592604 0.08188657407407396
0 0.8094690393518518 0.8459924768518519 0.04456018518518512 0.07139756944444442
0 0.4892361111111111 0.2609592013888889 0.14139178240740735 0.2128182870370371
0 0.3335069444444444 0.2406684027777778 0.09690393518518525 0.18033854166666663
0 0.23180700231481483 0.34306278935185186 0.06898148148148142 0.12962962962962965
0 0.24754774305555555 0.4590205439814815 0.059042245370370394 0.08803530092592582
0 0.1687065972222222 0.25180844907407407 0.04321469907407405 0.08297164351851849
0 0.14167390046296297 0.18073640046296297 0.055338541666666685 0.09165219907407407
0 0.19092158564814815 0.17368344907407407 0.057595486111111094 0.09765625
0 0.25505642361111114 0.19108072916666669 0.10124421296296293 0.15147569444444442
0 0.4066984953703704 0.2451171875 0.0644675925925926 0.11762152777777779
0 0.3932002314814815 0.15364583333333331 0.07106481481481486 0.09476273148148151
0 0.21521990740740743 0.9729817708333333 0.052170138888888884 0.05403645833333348