0 0.29364149305555554 0.9202184606481482 0.17660590277777777 0.13401331018518525
0 0.1474609375 0.5629846643518519 0.0935329861111111 0.17067418981481497
0 0.28971354166666663 0.26297743055555556 0.20147569444444446 0.37526041666666665
0 0.40225694444444443 0.11472800925925927 0.06332465277777777 0.1281394675925926
0 0.44898003472222225 0.4263961226851852 0.13841145833333335 0.2588396990740741
0 0.5782552083333333 0.5347945601851851 0.15217013888888897 0.26345486111111116
0 0.47395833333333337 0.7508969907407408 0.1177083333333333 0.20509259259259238
0 0.6831597222222223 0.7741898148148147 0.14913194444444455 0.21452546296296315
0 0.5746744791666667 0.6959273726851852 0.08923611111111107 0.1528935185185185
0 0.8138888888888889 0.6415798611111111 0.13172743055555558 0.22142650462962954
0 0.9029947916666667 0.5384403935185185 0.07799479166666679 0.17377025462962958
0 0.8321397569444444 0.47871093750000004 0.15334201388888902 0.1406105324074074
0 0.7019965277777778 0.36548032407407405 0.09114583333333326 0.15104166666666674
0 0.11935763888888888 0.8619502314814815 0.0875 0.1625578703703705
0 0.4516710069444445 0.9198278356481482 0.1352864583333333 0.11821469907407423
0 0.5444444444444445 0.9150173611111111 0.051302083333333304 0.11385995370370372
0 0.5833984375 0.9178747106481482 0.047178819444444464 0.10389178240740726
0 0.6767144097222222 0.932544849537037 0.054123263888888884 0.06523437500000018
0 0.7315321180555555 0.9238498263888889 0.050477430555555536 0.07675057870370372
0 0.7859809027777778 0.9317563657407408 0.057812500000000044 0.05567129629629619
0 0.9042317708333334 0.9217230902777778 0.07556423611111107 0.06439525462962958
0 0.9529296875 0.925050636574074 0.03233506944444464 0.05044849537037033
0 0.9774956597222222 0.6096860532407408 0.01540798611111116 0.16662326388888893
0 0.9521701388888888 0.6080729166666666 0.05486111111111125 0.09843749999999996
0 0.9486111111111111 0.7243344907407407 0.06332465277777777 0.12813946759259265
0 0.8724609375 0.8150969328703703 0.08893229166666661 0.1392216435185185
0 0.8879991319444445 0.3353515625 0.06640625 0.09123263888888888
0 0.9412977430555556 0.3511212384259259 0.05104166666666665 0.10214120370370372
0 0.98125 0.265162037037037 0.027690972222222054 0.19262152777777786
0 0.9647786458333334 0.1284794560185185 0.06523437500000018 0.12628761574074077
0 0.8559895833333333 0.2394675925925926 0.07404513888888875 0.08382523148148147
0 0.9259765625 0.25047019675925924 0.05234374999999991 0.07294560185185184
0 0.5932942708333333 0.2969835069444444 0.07087673611111112 0.11682581018518512
0 0.4433376736111111 0.24135561342592593 0.058897569444444464 0.1044994212962963
0 0.2306640625 0.029839409722222224 0.05429687500000002 0.05967881944444445
0 0.28116319444444443 0.04131944444444444 0.06267361111111114 0.08263888888888889
0 0.35831163194444443 0.039496527777777776 0.07634548611111114 0.07899305555555555
0 0.42413194444444446 0.01989293981481481 0.05017361111111107 0.03978587962962962
0 0.474609375 0.03240017361111111 0.0625 0.06480034722222222
0 0.5547309027777778 0.027857349537037036 0.060416666666666785 0.05571469907407407
0 0.6105034722222222 0.020941840277777776 0.05234374999999991 0.04188368055555555
0 0.6563585069444444 0.02126736111111111 0.056293402777777724 0.04253472222222222
0 0.7120442708333334 0.018410011574074073 0.06011284722222232 0.03682002314814815
0 0.7696397569444444 0.017429832175925922 0.06206597222222232 0.034859664351851845
0 0.8136067708333333 0.014673755787037036 0.050260416666666696 0.029347511574074073
0 0.8644097222222222 0.012431278935185183 0.054123263888888884 0.024862557870370366
0 0.9157986111111112 0.02720269097222222 0.054817708333333215 0.05440538194444444
0 0.9668619791666667 0.011624710648148146 0.046310763888888884 0.023249421296296292
0 0.9953993055555556 0.0016203703703703692 0.008854166666666607 0.0032407407407407385
0 0.15785590277777778 0.09521122685185185 0.07482638888888887 0.11898148148148147
0 0.011610243055555556 0.7646122685185186 0.023220486111111112 0.1074942129629628
0 0.009678819444444445 0.6592954282407407 0.01935763888888889 0.07594039351851856
0 0.016221788194444444 0.5915581597222223 0.03244357638888889 0.06472800925925926
0 0.01579861111111111 0.48428819444444443 0.03159722222222222 0.12517361111111114
0 0.021126302083333333 0.3854021990740741 0.042252604166666666 0.09628182870370372
0 0.018120659722222224 0.29473379629629626 0.03624131944444445 0.07624421296296302
0 0.02265625 0.20859375000000002 0.0453125 0.10584490740740737
0 0.02048611111111111 0.13159722222222223 0.03875868055555556 0.07614293981481479
0 0.021614583333333333 0.037934027777777775 0.034895833333333334 0.07586805555555555
0 0.3373480902777778 0.6214192708333333 0.1313802083333333 0.20580150462962976
0 0.3773220486111111 0.7978515625 0.04921874999999998 0.10789930555555549
0 0.3263888888888889 0.763425925925926 0.04279513888888886 0.08220486111111125
0 0.2822916666666667 0.7286458333333333 0.05056423611111116 0.08065682870370372
0 0.22454427083333334 0.7813874421296296 0.04058159722222221 0.07038483796296302
0 0.5139756944444445 0.17916666666666664 0.13146701388888893 0.20970775462962965
0 0.6754340277777777 0.15616319444444443 0.08984375 0.1802372685185185
0 0.7862847222222222 0.2596643518518519 0.06336805555555558 0.13009259259259265
0 0.7777994791666667 0.3781322337962963 0.054600694444444375 0.08671874999999996
0 0.8459201388888888 0.16585648148148147 0.038932291666666785 0.08395543981481479
0 0.8690104166666667 0.09247685185185184 0.05078125 0.09042245370370372
0 0.8174696180555556 0.08539496527777776 0.054817708333333215 0.09648437500000001
0 0.7516710069444444 0.10538917824074073 0.09505208333333326 0.15124421296296298
0 0.6001953125 0.16201533564814813 0.05920138888888893 0.1181712962962963
0 0.6071831597222223 0.06703559027777778 0.06644965277777781 0.09318576388888888
0 0.8438585069444444 0.9170500578703704 0.04856770833333335 0.07860243055555571