0 0.318359375 0.9326171875 0.1640625 0.134765625
0 0.1640625 0.578125 0.0830078125 0.1572265625
0 0.2900390625 0.296875 0.1787109375 0.345703125
0 0.392578125 0.158203125 0.0556640625 0.1181640625
0 0.4482421875 0.45703125 0.123046875 0.2392578125
0 0.5771484375 0.564453125 0.13671875 0.2421875
0 0.484375 0.7685546875 0.10546875 0.189453125
0 0.6865234375 0.796875 0.134765625 0.1962890625
0 0.5791015625 0.7197265625 0.0791015625 0.140625
0 0.806640625 0.67578125 0.1181640625 0.203125
0 0.8876953125 0.580078125 0.068359375 0.1611328125
0 0.8173828125 0.51953125 0.140625 0.125
0 0.6884765625 0.4072265625 0.08203125 0.138671875
0 0.1484375 0.86328125 0.078125 0.150390625
0 0.4697265625 0.9384765625 0.125 0.1220703125
0 0.5595703125 0.9384765625 0.0458984375 0.123046875
0 0.5966796875 0.9423828125 0.041015625 0.115234375
0 0.6865234375 0.9599609375 0.048828125 0.080078125
0 0.7412109375 0.955078125 0.0458984375 0.08984375
0 0.7919921875 0.962890625 0.052734375 0.07421875
0 0.9052734375 0.9599609375 0.068359375 0.080078125
0 0.953125 0.9638671875 0.03125 0.072265625
0 0.986328125 0.9541015625 0.02734375 0.076171875
0 0.9794921875 0.6513671875 0.0400390625 0.1591796875
0 0.9384765625 0.6474609375 0.048828125 0.091796875
0 0.9443359375 0.7607421875 0.0634765625 0.1171875
0 0.869140625 0.8427734375 0.0810546875 0.126953125
0 0.8662109375 0.384765625 0.0595703125 0.0830078125
0 0.91796875 0.4013671875 0.044921875 0.0947265625
0 0.9736328125 0.3232421875 0.052734375 0.181640625
0 0.9423828125 0.193359375 0.07421875 0.1162109375
0 0.9892578125 0.2080078125 0.021484375 0.0966796875
0 0.83203125 0.29296875 0.068359375 0.076171875
0 0.8994140625 0.3046875 0.0478515625 0.06640625
0 0.58203125 0.3388671875 0.064453125 0.1064453125
0 0.4365234375 0.2802734375 0.052734375 0.0966796875
0 0.2265625 0.05078125 0.048828125 0.1005859375
0 0.2734375 0.0615234375 0.05859375 0.123046875
0 0.34765625 0.060546875 0.068359375 0.12109375
0 0.41015625 0.0439453125 0.044921875 0.087890625
0 0.458984375 0.05859375 0.056640625 0.107421875
0 0.53515625 0.0556640625 0.0546875 0.1015625
0 0.587890625 0.046875 0.046875 0.09375
0 0.6318359375 0.05078125 0.05078125 0.0927734375
0 0.685546875 0.0458984375 0.0546875 0.091796875
0 0.7412109375 0.0478515625 0.0556640625 0.0869140625
0 0.783203125 0.046875 0.0439453125 0.0849609375
0 0.83203125 0.0439453125 0.05078125 0.087890625
0 0.8798828125 0.0576171875 0.048828125 0.115234375
0 0.9296875 0.05859375 0.0419921875 0.05859375
0 0.9755859375 0.0361328125 0.044921875 0.072265625
0 0.15625 0.1318359375 0.06640625 0.109375
0 0.0263671875 0.767578125 0.052734375 0.1015625
0 0.0224609375 0.66796875 0.0439453125 0.0703125
0 0.0341796875 0.6005859375 0.0400390625 0.0595703125
0 0.025390625 0.501953125 0.05078125 0.1162109375
0 0.02734375 0.404296875 0.0546875 0.0888671875
0 0.0234375 0.3173828125 0.0458984375 0.0712890625
0 0.025390625 0.2353515625 0.05078125 0.09765625
0 0.0224609375 0.1630859375 0.0439453125 0.072265625
0 0.0205078125 0.0712890625 0.041015625 0.078125
0 0.349609375 0.640625 0.119140625 0.1875
0 0.39453125 0.810546875 0.0439453125 0.099609375
0 0.34375 0.7763671875 0.0380859375 0.076171875
0 0.2998046875 0.7412109375 0.0458984375 0.07421875
0 0.24609375 0.7900390625 0.0361328125 0.0654296875
0 0.501953125 0.2236328125 0.119140625 0.1923828125
0 0.6552734375 0.20703125 0.0791015625 0.166015625
0 0.765625 0.3095703125 0.0556640625 0.1201171875
0 0.7626953125 0.421875 0.0498046875 0.080078125
0 0.8193359375 0.2216796875 0.0341796875 0.078125
0 0.8388671875 0.1513671875 0.044921875 0.0830078125
0 0.7890625 0.1435546875 0.0478515625 0.0888671875
0 0.7265625 0.16015625 0.0849609375 0.1376953125
0 0.583984375 0.208984375 0.052734375 0.109375
0 0.5869140625 0.119140625 0.060546875 0.0849609375
0 0.84765625 0.9521484375 0.0439453125 0.095703125