0 0.06246744791666667 0.3550491898148148 0.12493489583333334 0.1514033564814815
0 0.8175130208333333 0.4144603587962963 0.1752604166666667 0.16918402777777786
0 0.6072265625 0.06605179398148148 0.16028645833333321 0.12026909722222223
0 0.689453125 0.3128761574074074 0.19127604166666656 0.20444155092592586
0 0.39322916666666663 0.2716001157407407 0.1338541666666666 0.133738425925926
0 0.05455729166666667 0.7261501736111111 0.10911458333333333 0.15542534722222223
0 0.0169921875 0.5774016203703703 0.033984375 0.1235532407407407
0 0.076953125 0.6043836805555556 0.10234374999999998 0.12960069444444455
0 0.10052083333333334 0.4853587962962963 0.14557291666666666 0.1338252314814814
0 0.023567708333333333 0.46609519675925926 0.047135416666666666 0.11969039351851851
0 0.2107421875 0.09242621527777778 0.17226562499999998 0.1828269675925926
0 0.32233072916666666 0.14796730324074073 0.15117187499999996 0.21780960648148145
0 0.49153645833333337 0.02806712962962963 0.10286458333333326 0.04956597222222223
0 0.4337890625 0.04424913194444445 0.06210937500000002 0.08245081018518519
0 0.5438151041666667 0.2258174189814815 0.1088541666666667 0.19797453703703705
0 0.460546875 0.3316984953703704 0.10468750000000004 0.13547453703703705
0 0.4498046875 0.4781756365740741 0.10143229166666656 0.14521122685185184
0 0.36054687500000004 0.42475405092592594 0.15312499999999996 0.18854166666666672
0 0.24733072916666668 0.4669053819444444 0.09257812500000001 0.12952835648148153
0 0.21419270833333334 0.3191261574074074 0.07890625000000001 0.07086226851851851
0 0.059375 0.10596064814814814 0.084375 0.21145833333333333
0 0.8193359375 0.07934751157407408 0.10130208333333335 0.08469328703703705
0 0.8294921875000001 0.2787398726851852 0.07552083333333348 0.1079282407407407
0 0.7064453125000001 0.0726490162037037 0.09244791666666652 0.09829282407407408
0 0.9149088541666667 0.6096137152777779 0.09414062500000009 0.12368344907407414
0 0.8479817708333334 0.7195240162037038 0.1196614583333333 0.15510706018518539
0 0.756640625 0.7559751157407407 0.1292968750000001 0.15322627314814818
0 0.6934244791666666 0.8834997106481481 0.13359375000000018 0.129832175925926
0 0.6231119791666666 0.7510778356481481 0.1273437500000001 0.18249421296296298
0 0.5123697916666667 0.5216290509259259 0.10729166666666679 0.17453703703703694
0 0.6286458333333333 0.4775462962962963 0.11588541666666674 0.15703124999999996
0 0.7270833333333333 0.5105179398148149 0.14973958333333348 0.167042824074074
0 0.8125651041666666 0.5912688078703704 0.12630208333333348 0.16686921296296298
0 0.8692057291666666 0.5330656828703704 0.07682291666666652 0.0981770833333333
0 0.940625 0.31180555555555556 0.08671875000000018 0.12948495370370372
0 0.9828125 0.08935185185185185 0.027083333333333348 0.05486111111111111
0 0.8979166666666667 0.08774594907407407 0.08528645833333348 0.07871817129629632
0 0.9577473958333333 0.18687065972222222 0.07070312500000009 0.1527922453703704
0 0.8489583333333333 0.19192708333333336 0.12005208333333339 0.13168402777777777
0 0.7455729166666667 0.15989583333333335 0.1397135416666666 0.1630642361111111
0 0.17727864583333333 0.6969690393518518 0.13033854166666664 0.16885127314814818
0 0.3761067708333333 0.7043041087962962 0.119140625 0.14729456018518539
0 0.9046223958333333 0.7345992476851853 0.06992187499999991 0.1410734953703705
0 0.5784505208333333 0.3511357060185185 0.1312500000000001 0.21180555555555558
0 0.4742838541666667 0.15495515046296296 0.12903645833333333 0.17860243055555558
0 0.18463541666666666 0.24953703703703703 0.11302083333333335 0.1433449074074074
0 0.11302083333333333 0.2538917824074074 0.12526041666666668 0.15124421296296298
0 0.8004557291666666 0.8461877893518519 0.08958333333333335 0.11388888888888893
0 0.8632161458333334 0.8574001736111111 0.07708333333333339 0.1020833333333333
0 0.49680989583333335 0.7550274884259259 0.11015624999999996 0.12965856481481475
0 0.9270833333333334 0.42699652777777775 0.0981770833333333 0.12566550925925934