0 0.1240234375 0.43359375 0.1142578125 0.1259765625
0 0.8330078125 0.39453125 0.1357421875 0.1376953125
0 0.5810546875 0.078125 0.130859375 0.1533203125
0 0.6982421875 0.318359375 0.14453125 0.169921875
0 0.421875 0.31640625 0.1015625 0.111328125
0 0.1611328125 0.7724609375 0.1357421875 0.126953125
0 0.044921875 0.8251953125 0.0849609375 0.1376953125
0 0.0771484375 0.64453125 0.1201171875 0.10546875
0 0.1904296875 0.6552734375 0.0732421875 0.111328125
0 0.19140625 0.5439453125 0.1142578125 0.1103515625
0 0.0908203125 0.5400390625 0.0791015625 0.1015625
0 0.2216796875 0.1376953125 0.1259765625 0.232421875
0 0.3359375 0.212890625 0.103515625 0.1884765625
0 0.4677734375 0.05078125 0.087890625 0.1015625
0 0.4189453125 0.0947265625 0.04296875 0.091796875
0 0.388671875 0.03125 0.0703125 0.0625
0 0.55078125 0.2568359375 0.06640625 0.1748046875
0 0.4931640625 0.361328125 0.0751953125 0.115234375
0 0.5087890625 0.4970703125 0.0693359375 0.125
0 0.41796875 0.458984375 0.111328125 0.16015625
0 0.3212890625 0.509765625 0.064453125 0.111328125
0 0.2666015625 0.380859375 0.0615234375 0.0576171875
0 0.0546875 0.19921875 0.109375 0.2099609375
0 0.0380859375 0.05078125 0.076171875 0.1015625
0 0.7763671875 0.0625 0.080078125 0.125
0 0.8203125 0.2705078125 0.05078125 0.09375
0 0.671875 0.0869140625 0.0693359375 0.1103515625
0 0.9609375 0.5615234375 0.078125 0.10546875
0 0.9130859375 0.66796875 0.083984375 0.1328125
0 0.8369140625 0.7109375 0.0947265625 0.12890625
0 0.80078125 0.8349609375 0.103515625 0.10546875
0 0.7138671875 0.7236328125 0.0869140625 0.158203125
0 0.5732421875 0.5283203125 0.0693359375 0.15234375
0 0.6708984375 0.474609375 0.0810546875 0.1357421875
0 0.767578125 0.4921875 0.1103515625 0.140625
0 0.8583984375 0.5546875 0.08984375 0.1416015625
0 0.900390625 0.49609375 0.0556640625 0.0830078125
0 0.93359375 0.287109375 0.0712890625 0.1103515625
0 0.958984375 0.05078125 0.076171875 0.1005859375
0 0.8505859375 0.0869140625 0.06640625 0.0751953125
0 0.9501953125 0.1708984375 0.099609375 0.12890625
0 0.822265625 0.189453125 0.0888671875 0.1103515625
0 0.7236328125 0.1728515625 0.103515625 0.138671875
0 0.296875 0.7265625 0.09375 0.14453125
0 0.48046875 0.7099609375 0.0859375 0.1259765625
0 0.0419921875 0.3701171875 0.083984375 0.1376953125
0 0.9736328125 0.6767578125 0.052734375 0.125
0 0.603515625 0.3662109375 0.0859375 0.1845703125
0 0.474609375 0.201171875 0.0888671875 0.1533203125
0 0.2275390625 0.3212890625 0.080078125 0.123046875
0 0.1630859375 0.3330078125 0.091796875 0.1279296875
0 0.892578125 0.7880859375 0.064453125 0.0986328125
0 0.951171875 0.7900390625 0.0546875 0.087890625
0 0.599609375 0.7412109375 0.0810546875 0.109375
0 0.033203125 0.544921875 0.0654296875 0.1357421875
0 0.9384765625 0.392578125 0.0751953125 0.1064453125