0 0.09536313657407408 0.3667317708333333 0.13825231481481481 0.1483940972222222
0 0.8877893518518518 0.3021484375 0.1625000000000001 0.1650607638888889
0 0.5935185185185186 0.02119140625 0.14982638888888888 0.0423828125
0 0.7337673611111111 0.219921875 0.17408854166666665 0.2006510416666667
0 0.4237919560185185 0.22586805555555556 0.12191840277777777 0.13402777777777775
0 0.14934172453703703 0.7470486111111112 0.16179108796296293 0.15138888888888902
0 0.054571759259259264 0.8070529513888889 0.033391203703703715 0.15542534722222223
0 0.07431278935185186 0.6025824652777778 0.09211516203703704 0.12296006944444438
0 0.17863859953703703 0.6136067708333333 0.09056712962962965 0.13068576388888875
0 0.17416087962962962 0.48949652777777775 0.13744212962962965 0.1327690972222222
0 0.06535734953703703 0.48650173611111114 0.0861545138888889 0.12074652777777772
0 0.19283130787037037 0.08138020833333333 0.15128761574074073 0.16276041666666666
0 0.32396556712962965 0.11284722222222221 0.13028067129629628 0.22013888888888888
0 0.41229745370370374 0.0138671875 0.051157407407407485 0.027734375
0 0.5659577546296297 0.15494791666666669 0.08835358796296289 0.2007378472222222
0 0.5066044560185186 0.2750434027777778 0.09272280092592577 0.1346788194444445
0 0.528125 0.4258029513888889 0.0874710648148147 0.14613715277777772
0 0.4262369791666667 0.3862847222222222 0.13832465277777772 0.18736979166666667
0 0.3197482638888889 0.4468098958333333 0.08080150462962965 0.13025173611111107
0 0.2516059027777778 0.30301649305555556 0.073755787037037 0.06953125000000004
0 0.039952256944444445 0.11124131944444444 0.07209201388888889 0.2224826388888889
0 0.8136140046296296 0.0019856770833333315 0.09156539351851856 0.003971354166666663
0 0.8678023726851851 0.1620876736111111 0.06406249999999991 0.10807291666666663
0 0.6947265625 0.010850694444444444 0.08065682870370372 0.021701388888888888
0 0.9945746527777778 0.48465711805555556 0.01085069444444442 0.12070312499999991
0 0.9669596354166667 0.6042100694444444 0.06608072916666652 0.15455729166666665
0 0.9042679398148148 0.6577039930555555 0.11697048611111116 0.15134548611111098
0 0.8684389467592593 0.7973090277777778 0.1254195601851853 0.12638888888888888
0 0.7661530671296297 0.674609375 0.1108796296296295 0.18420138888888893
0 0.6022641782407407 0.45872395833333335 0.08899016203703702 0.17543402777777772
0 0.7086516203703703 0.39624565972222225 0.10175057870370363 0.15846354166666665
0 0.8181640625 0.41291232638888886 0.1333043981481481 0.16571180555555554
0 0.9224971064814815 0.4807074652777778 0.1118200231481481 0.16475694444444444
0 0.9661241319444445 0.41315104166666666 0.06775173611111107 0.09856770833333328
0 0.9747540509259259 0.1756076388888889 0.05049189814814814 0.12760416666666669
0 0.9739872685185185 0.060004340277777776 0.052025462962963065 0.12000868055555555
0 0.8679253472222221 0.07007378472222223 0.10804398148148131 0.12951388888888887
0 0.7555844907407407 0.06861979166666667 0.1273437500000001 0.13723958333333333
0 0.3001302083333333 0.69140625 0.11592881944444444 0.16883680555555558
0 0.5053240740740741 0.6656467013888889 0.1070023148148147 0.1470052083333333
0 0.03287037037037037 0.294140625 0.037297453703703715 0.15559895833333337
0 0.6300564236111111 0.2773871527777778 0.11044560185185182 0.2134114583333333
0 0.4786313657407407 0.09422743055555555 0.11252893518518525 0.17842881944444444
0 0.2060691550925926 0.2365234375 0.0990885416666667 0.14470486111111114
0 0.13446180555555556 0.2524305555555556 0.1130642361111111 0.15117187499999996
0 0.9651765046296297 0.7429036458333333 0.06964699074074066 0.11453993055555545
0 0.6391854745370371 0.6988498263888889 0.10023148148148131 0.12916666666666665
0 0.9788194444444445 0.2937282986111111 0.04236111111111107 0.12556423611111112