0 0.7197265625 0.2490234375 0.1796875 0.21484375
0 0.4443359375 0.19921875 0.1494140625 0.2001953125
0 0.23828125 0.607421875 0.1494140625 0.15234375
0 0.8759765625 0.4375 0.1826171875 0.16796875
0 0.255859375 0.2275390625 0.150390625 0.2431640625
0 0.341796875 0.5146484375 0.125 0.1513671875
0 0.224609375 0.91015625 0.16796875 0.1796875
0 0.6513671875 0.9208984375 0.115234375 0.14453125
0 0.2294921875 0.439453125 0.1318359375 0.13671875
0 0.3857421875 0.3271484375 0.1650390625 0.162109375
0 0.0810546875 0.2392578125 0.1357421875 0.1787109375
0 0.1748046875 0.0634765625 0.0869140625 0.126953125
0 0.0703125 0.0830078125 0.140625 0.150390625
0 0.1220703125 0.65625 0.1064453125 0.1513671875
0 0.03515625 0.7138671875 0.0703125 0.162109375
0 0.078125 0.7880859375 0.0771484375 0.0927734375
0 0.1748046875 0.7587890625 0.099609375 0.1533203125
0 0.2666015625 0.75 0.091796875 0.140625
0 0.3779296875 0.078125 0.1318359375 0.11328125
0 0.6640625 0.041015625 0.0869140625 0.08203125
0 0.5771484375 0.638671875 0.126953125 0.1796875
0 0.703125 0.6044921875 0.1240234375 0.1123046875
0 0.8193359375 0.5927734375 0.0888671875 0.119140625
0 0.787109375 0.73046875 0.076171875 0.130859375
0 0.8525390625 0.763671875 0.1044921875 0.1533203125
0 0.890625 0.669921875 0.0869140625 0.083984375
0 0.9443359375 0.576171875 0.1103515625 0.115234375
0 0.9482421875 0.708984375 0.103515625 0.162109375
0 0.923828125 0.9052734375 0.1513671875 0.1845703125
0 0.798828125 0.91796875 0.1064453125 0.119140625
0 0.5224609375 0.8076171875 0.1484375 0.146484375
0 0.43359375 0.75390625 0.0595703125 0.0703125
0 0.48046875 0.947265625 0.107421875 0.10546875
0 0.658203125 0.3857421875 0.07421875 0.1005859375
0 0.8857421875 0.1826171875 0.1328125 0.16796875
0 0.1181640625 0.8876953125 0.0869140625 0.1142578125
0 0.0673828125 0.96484375 0.111328125 0.0703125
0 0.033203125 0.8583984375 0.06640625 0.1181640625
0 0.033203125 0.4599609375 0.06640625 0.171875
0 0.0732421875 0.515625 0.0712890625 0.1162109375
0 0.134765625 0.5390625 0.09765625 0.134765625
0 0.51171875 0.0419921875 0.0859375 0.083984375
0 0.763671875 0.509765625 0.0751953125 0.1044921875
0 0.736328125 0.4345703125 0.0517578125 0.0693359375
0 0.6875 0.482421875 0.0703125 0.10546875
0 0.62109375 0.4755859375 0.048828125 0.0625
0 0.59765625 0.4423828125 0.0439453125 0.0546875
0 0.5234375 0.416015625 0.0556640625 0.0712890625
0 0.474609375 0.509765625 0.05859375 0.0810546875
0 0.5625 0.2177734375 0.0634765625 0.0771484375
0 0.734375 0.8056640625 0.078125 0.142578125
0 0.6787109375 0.72265625 0.08203125 0.0966796875
0 0.34765625 0.953125 0.0537109375 0.0771484375
0 0.0908203125 0.3837890625 0.1015625 0.1455078125
0 0.814453125 0.2900390625 0.09375 0.111328125
0 0.611328125 0.318359375 0.0712890625 0.078125