0 0.6994791666666667 0.2026982060185185 0.1981770833333334 0.22962962962962963
0 0.426171875 0.17317708333333334 0.16796875 0.21422164351851852
0 0.19733072916666666 0.6001374421296297 0.16276041666666663 0.16527777777777786
0 0.8491536458333333 0.37961516203703705 0.19700520833333335 0.18287037037037035
0 0.23365885416666668 0.21571180555555555 0.17265625 0.25535300925925924
0 0.3052734375 0.4984157986111111 0.1391927083333333 0.16193576388888886
0 0.16764322916666669 0.8995442708333334 0.18346354166666667 0.1840133101851853
0 0.5986979166666666 0.8827546296296296 0.12903645833333321 0.15549768518518503
0 0.196875 0.4318865740740741 0.14401041666666664 0.14665798611111114
0 0.3598958333333333 0.30647424768518516 0.17903645833333326 0.17596932870370363
0 0.0666015625 0.2427300347222222 0.133203125 0.1919270833333333
0 0.15950520833333331 0.06235894097222222 0.09635416666666663 0.12471788194444444
0 0.0650390625 0.08401331018518518 0.130078125 0.16009837962962964
0 0.07773437500000001 0.6578052662037037 0.11966145833333333 0.16077835648148153
0 0.014257812500000001 0.722410300925926 0.028515625000000003 0.17006655092592604
0 0.03450520833333333 0.7940827546296296 0.06901041666666666 0.09837962962962954
0 0.1255859375 0.7571035879629631 0.11197916666666669 0.16226851851851842
0 0.22005208333333331 0.7408058449074074 0.10520833333333335 0.14824942129629637
0 0.3639322916666667 0.05893012152777778 0.14244791666666667 0.11786024305555556
0 0.652734375 0.019972511574074075 0.09296875000000004 0.03994502314814815
0 0.5384114583333334 0.6052155671296297 0.1430989583333333 0.19134837962962958
0 0.6668619791666667 0.5606409143518518 0.13463541666666656 0.12275752314814814
0 0.783984375 0.5400824652777778 0.09986979166666687 0.1265335648148147
0 0.7444010416666667 0.6815248842592592 0.08697916666666661 0.13744212962962976
0 0.8096354166666666 0.7097583912037038 0.11783854166666652 0.16261574074074092
0 0.8511718749999999 0.6119719328703703 0.09361979166666679 0.09114583333333348
0 0.907421875 0.5123408564814815 0.1171875 0.12366898148148131
0 0.9033854166666666 0.6458405671296297 0.11067708333333348 0.1719184027777776
0 0.866796875 0.8444950810185186 0.15885416666666674 0.19422743055555558
0 0.746484375 0.8691333912037037 0.11744791666666665 0.12757523148148153
0 0.47428385416666663 0.7792390046296296 0.16236979166666665 0.15941840277777786
0 0.38795572916666665 0.7318287037037037 0.06536458333333339 0.07585358796296293
0 0.42415364583333337 0.9183883101851852 0.11835937500000004 0.11206597222222214
0 0.631640625 0.3448423032407407 0.08307291666666661 0.10802951388888893
0 0.8711588541666666 0.12248987268518519 0.14817708333333313 0.17997685185185186
0 0.062174479166666664 0.8912037037037037 0.09752604166666666 0.12055844907407409
0 0.03125 0.9646412037037038 0.0625 0.06909722222222214
0 0.009147135416666667 0.8678023726851851 0.018294270833333334 0.1250289351851852
0 0.01953125 0.4658637152777778 0.0390625 0.17764756944444438
0 0.03821614583333333 0.5202473958333333 0.07643229166666667 0.1235387731481481
0 0.09635416666666667 0.5390046296296296 0.10872395833333334 0.1426215277777778
0 0.49921875 0.027473958333333333 0.09531250000000002 0.054947916666666666
0 0.7319010416666667 0.4604890046296296 0.08333333333333348 0.11193576388888893
0 0.7075520833333333 0.38800636574074077 0.059374999999999956 0.07355324074074066
0 0.6564453125 0.4396701388888889 0.07942708333333348 0.11170428240740737
0 0.5904296874999999 0.43774594907407405 0.05507812500000009 0.06746238425925921
0 0.5673177083333334 0.4050708912037037 0.048567708333333126 0.057349537037037046
0 0.49375 0.3851128472222222 0.06145833333333339 0.07562210648148149
0 0.4405598958333333 0.48261718750000004 0.06601562500000002 0.08561921296296293
0 0.5431640625 0.18375289351851853 0.07161458333333348 0.08206018518518521
0 0.6865885416666666 0.7608217592592592 0.08971354166666679 0.14927662037037015
0 0.6354166666666667 0.6821469907407407 0.09049479166666652 0.10263310185185182
0 0.2904296875 0.9399305555555555 0.05989583333333326 0.08136574074074066
0 0.059895833333333336 0.3855324074074074 0.11536458333333334 0.15468749999999998
0 0.7935546875 0.23603153935185187 0.10325520833333335 0.11895254629629631
0 0.58828125 0.2802951388888889 0.0795572916666667 0.0844762731481481