0 0.7498842592592593 0.25473090277777777 0.21059027777777772 0.24483506944444444
0 0.4688151041666667 0.18287760416666668 0.17712673611111107 0.22651909722222224
0 0.20983796296296295 0.5967013888888888 0.17249710648148148 0.17760416666666679
0 0.8922670717592592 0.4624348958333333 0.20400752314814818 0.19587673611111112
0 0.2684461805555556 0.1990451388888889 0.18365162037037042 0.27157118055555557
0 0.3273509837962963 0.5062282986111111 0.14704861111111112 0.17313368055555545
0 0.16346209490740743 0.8935329861111111 0.1899884259259259 0.17213541666666665
0 0.6061704282407407 0.9276258680555556 0.13259548611111116 0.12009548611111098
0 0.2192925347222222 0.4197916666666667 0.15267650462962967 0.15763888888888888
0 0.3936631944444444 0.31341145833333334 0.19021990740740735 0.18776041666666665
0 0.08881655092592593 0.19913194444444443 0.15331307870370373 0.20060763888888888
0 0.20044849537037035 0.04715711805555556 0.1030092592592593 0.09431423611111112
0 0.09967447916666666 0.06117621527777778 0.14049479166666667 0.12235243055555556
0 0.08326822916666667 0.6395399305555556 0.12748842592592594 0.17074652777777777
0 0.016008391203703703 0.6948567708333333 0.03201678240740741 0.1766927083333334
0 0.03468605324074074 0.7735243055555556 0.06937210648148148 0.10529513888888875
0 0.1275028935185185 0.7508246527777778 0.11970486111111112 0.17252604166666674
0 0.22419704861111112 0.7476996527777777 0.11168981481481477 0.1586805555555557
0 0.4111834490740741 0.058745659722222225 0.15028935185185177 0.11749131944444445
0 0.7140625 0.03898654513888889 0.09884259259259265 0.07797309027777778
0 0.5614366319444444 0.65234375 0.15334201388888902 0.20256076388888888
0 0.6955729166666667 0.6259331597222222 0.1425347222222222 0.13203124999999982
0 0.8176721643518519 0.6212673611111111 0.1054832175925926 0.13511284722222228
0 0.7696903935185185 0.7629123263888888 0.09393807870370363 0.14657118055555562
0 0.8354890046296296 0.8024522569444444 0.12556423611111112 0.17265624999999996
0 0.8837673611111111 0.7066840277777777 0.09907407407407409 0.09787326388888884
0 0.9359809027777778 0.6088758680555556 0.10151909722222219 0.13111979166666665
0 0.9270760995370371 0.7486762152777777 0.09638310185185173 0.17981770833333321
0 0.8826388888888889 0.9146484374999999 0.1464699074074074 0.13407118055555545
0 0.7612702546296296 0.9358940972222223 0.12248263888888888 0.09644097222222214
0 0.48566261574074077 0.8248697916666667 0.1704282407407407 0.16974826388888875
0 0.39871238425925926 0.7633463541666667 0.06951678240740744 0.07964409722222232
0 0.42625144675925924 0.9472439236111112 0.12041377314814816 0.08858506944444455
0 0.6716869212962963 0.3931423611111111 0.08953993055555554 0.11328125
0 0.9254991319444444 0.19615885416666667 0.14535590277777777 0.19066840277777775
0 0.054289641203703706 0.8822916666666667 0.10344328703703703 0.12921006944444446
0 0.027394386574074073 0.9386935763888888 0.054788773148148145 0.04839409722222232
0 0.004955150462962963 0.8444878472222221 0.009910300925925927 0.1274305555555557
0 0.02777054398148148 0.42901475694444446 0.05554108796296296 0.18493923611111107
0 0.047439236111111116 0.48804253472222225 0.08784722222222222 0.1308159722222222
0 0.10947627314814815 0.5179036458333333 0.1174334490740741 0.15099826388888893
0 0.5540798611111111 0.03539496527777778 0.09887152777777786 0.07078993055555556
0 0.7692418981481481 0.5296006944444445 0.08962673611111116 0.119140625
0 0.7479673032407408 0.45002170138888886 0.06167534722222223 0.07751736111111107
0 0.6926142939814814 0.49615885416666666 0.08376736111111116 0.11901041666666667
0 0.6234664351851852 0.4850043402777778 0.05768229166666661 0.07157118055555556
0 0.6025318287037037 0.4483723958333333 0.05167824074074079 0.06167534722222223
0 0.5278428819444444 0.41586371527777777 0.06561053240740744 0.0795572916666667
0 0.46688368055555557 0.5109375 0.06969039351851858 0.09136284722222232
0 0.5894603587962963 0.21046006944444445 0.07549189814814827 0.08758680555555554
0 0.706105324074074 0.8375434027777777 0.09801793981481488 0.15837673611111125
0 0.6566695601851852 0.7478515625 0.09537037037037033 0.11145833333333321
0 0.2875795717592593 0.9503255208333333 0.06141493055555558 0.05993923611111107
0 0.07972366898148148 0.35162760416666666 0.12151331018518519 0.16280381944444444
0 0.8448206018518518 0.3043619791666667 0.109273726851852 0.1273871527777778
0 0.629832175925926 0.3189019097222222 0.08333333333333348 0.08971354166666667