0 0.9132161458333333 0.6880642361111111 0.11349826388888884 0.1430844907407407
0 0.9297092013888889 0.8429253472222222 0.06801215277777772 0.17155671296296293
0 0.8130208333333333 0.7290653935185185 0.10308159722222232 0.17168692129629637
0 0.7279079861111111 0.8032624421296297 0.07018229166666679 0.13272569444444438
0 0.6725477430555555 0.8873842592592593 0.09157986111111116 0.13204571759259265
0 0.5935546875 0.7800564236111112 0.09244791666666652 0.15157696759259265
0 0.4571614583333333 0.8027488425925926 0.13255208333333335 0.17732928240740753
0 0.3061631944444444 0.9129918981481482 0.09574652777777781 0.1381365740740741
0 0.3881727430555556 0.8867042824074074 0.09509548611111107 0.16731770833333326
0 0.3238715277777778 0.7337022569444445 0.06805555555555554 0.12870370370370376
0 0.25566406249999996 0.7124204282407407 0.08181423611111116 0.13146701388888893
0 0.18513454861111112 0.7652994791666667 0.08654513888888893 0.10642361111111098
0 0.14307725694444445 0.8788266782407408 0.09999999999999998 0.14618055555555554
0 0.06796875 0.7511646412037037 0.1359375 0.1684895833333333
0 0.016514756944444445 0.8492476851851851 0.03302951388888889 0.11675347222222232
0 0.8008463541666666 0.8495876736111111 0.08502604166666661 0.11607349537037037