0 0.056640625 0.759765625 0.11328125 0.1328125
0 0.0390625 0.9169921875 0.0673828125 0.166015625
0 0.162109375 0.791015625 0.08984375 0.1630859375
0 0.2470703125 0.857421875 0.0595703125 0.126953125
0 0.30078125 0.9365234375 0.0810546875 0.125
0 0.380859375 0.8212890625 0.0810546875 0.1435546875
0 0.517578125 0.83203125 0.1201171875 0.1650390625
0 0.6669921875 0.931640625 0.0849609375 0.1357421875
0 0.5859375 0.9091796875 0.0830078125 0.16015625
0 0.6513671875 0.75 0.05859375 0.1220703125
0 0.7197265625 0.7216796875 0.072265625 0.125
0 0.7900390625 0.7685546875 0.0791015625 0.0986328125
0 0.8310546875 0.8779296875 0.0888671875 0.13671875
0 0.9130859375 0.7421875 0.1357421875 0.15625
0 0.97265625 0.8349609375 0.0546875 0.111328125
0 0.1728515625 0.9111328125 0.0771484375 0.109375