0 0.05650318287037037 0.6875 0.07666377314814815 0.1484375
0 0.13216869212962962 0.736328125 0.12055844907407409 0.1796875
0 0.21269531249999998 0.8173828125 0.08418692129629629 0.138671875
0 0.2582103587962963 0.9033203125 0.10366030092592593 0.13671875
0 0.35374710648148144 0.798828125 0.10820312499999996 0.158203125
0 0.49334490740740744 0.830078125 0.15198206018518512 0.185546875
0 0.6332465277777778 0.9375 0.10917245370370376 0.125
0 0.5554325810185186 0.9150390625 0.11245659722222223 0.169921875
0 0.63984375 0.7646484375 0.08206018518518521 0.1328125
0 0.7135127314814815 0.74609375 0.09590567129629646 0.138671875
0 0.7806495949074074 0.8037109375 0.09900173611111107 0.111328125
0 0.8114945023148148 0.921875 0.11584201388888893 0.15234375
0 0.9102719907407407 0.794921875 0.1674334490740741 0.1796875
0 0.954296875 0.896484375 0.062181712962963154 0.12109375
0 0.13001302083333333 0.861328125 0.09934895833333335 0.123046875