0 0.4924045138888889 0.03025896990740741 0.05881076388888895 0.06051793981481482
0 0.8365523726851851 0.04049840856481482 0.08832465277777768 0.08099681712962964
0 0.7701099537037037 0.39282407407407405 0.10489004629629628 0.1484809027777778
0 0.9334129050925926 0.4947193287037037 0.072265625 0.10951967592592582
0 0.7471788194444444 0.8306857638888889 0.08434606481481488 0.11997974537037037
0 0.8787615740740741 0.8424623842592593 0.11046006944444442 0.1410156250000001
0 0.9798177083333333 0.8279369212962963 0.04036458333333348 0.10319733796296293
0 0.9348777488425926 0.07779224537037037 0.13024450231481488 0.15558449074074074
0 0.6735387731481481 0.06750578703703704 0.10120081018518512 0.13501157407407408
0 0.7495659722222222 0.07596209490740741 0.09657118055555558 0.13434606481481481
0 0.2611038773148148 0.5228153935185185 0.13664641203703698 0.21662326388888875
0 0.1265190972222222 0.5356843171296297 0.1644965277777778 0.1792968749999999
0 0.23343460648148148 0.7006221064814815 0.1052517361111111 0.1582465277777778
0 0.37047887731481477 0.7013093171296296 0.12326388888888884 0.17100694444444442
0 0.43135127314814814 0.7329354745370371 0.0776186342592593 0.0961950231481481
0 0.4539207175925926 0.6552589699074074 0.05707465277777779 0.06769386574074066
0 0.49312789351851855 0.6832754629629629 0.03732638888888895 0.060677083333333215
0 0.48408564814814814 0.8619357638888889 0.119140625 0.16491608796296298
0 0.3901186342592593 0.8616319444444445 0.07400173611111116 0.10377604166666665
0 0.6814959490740741 0.8013020833333333 0.06575520833333326 0.09159432870370354
0 0.8063874421296297 0.6324146412037037 0.09237557870370372 0.12630208333333326
0 0.894603587962963 0.7416956018518519 0.08514178240740744 0.08884548611111098
0 0.9175708912037037 0.6219111689814815 0.08478009259259256 0.13169849537037037
0 0.864330150462963 0.4528139467592593 0.09599247685185164 0.11872106481481481
0 0.562572337962963 0.03940972222222222 0.09389467592592604 0.07881944444444444
0 0.19625289351851852 0.1987919560185185 0.08608217592592593 0.1142361111111111
0 0.2363642939814815 0.3040726273148148 0.076171875 0.10975115740740737
0 0.15306712962962962 0.3011791087962963 0.07971643518518517 0.10021701388888893
0 0.0978732638888889 0.3964482060185185 0.09809027777777779 0.12274305555555554
0 0.12847222222222224 0.19204282407407408 0.060474537037037035 0.10687210648148149
0 0.3693576388888889 0.4067853009259259 0.06380208333333337 0.09147858796296293
0 0.6129918981481481 0.16724537037037035 0.05787037037037046 0.08917824074074077
0 0.5404369212962963 0.11086516203703704 0.06387442129629628 0.09343171296296296
0 0.45251012731481477 0.1679470486111111 0.0815248842592593 0.09642650462962965
0 0.48357928240740744 0.3197627314814815 0.06184895833333326 0.09136284722222221
0 0.519603587962963 0.3675419560185185 0.0702401620370372 0.10745081018518521
0 0.5703486689814815 0.36355613425925926 0.06893807870370372 0.07229456018518521
0 0.612377025462963 0.3884693287037037 0.04911747685185164 0.06332465277777777
0 0.8510561342592593 0.20011574074074076 0.07848668981481488 0.11963252314814815
0 0.2547743055555556 0.04378616898148148 0.10329861111111116 0.08757233796296296
0 0.1462673611111111 0.06473524305555556 0.09476273148148151 0.08551793981481481
0 0.05262586805555555 0.049399594907407404 0.0779079861111111 0.09879918981481481
0 0.05859375 0.2607783564814815 0.07320601851851852 0.08229166666666665
0 0.2909071180555556 0.16480034722222223 0.11928530092592593 0.16882233796296298
0 0.16395399305555555 0.8329499421296296 0.07602719907407407 0.10584490740740726
0 0.22996238425925924 0.8711226851851852 0.08174189814814814 0.10228587962962976
0 0.2787543402777778 0.9201027199074074 0.09020543981481477 0.12032696759259265
0 0.3442201967592593 0.8379267939814814 0.06618923611111116 0.10331307870370354
0 0.755787037037037 0.5610315393518519 0.06134259259259256 0.07769097222222232
0 0.7699652777777777 0.23036747685185188 0.08355034722222232 0.09849537037037037
0 0.7083333333333333 0.23108362268518517 0.0615596064814814 0.08355034722222221
0 0.9797092013888888 0.15111400462962965 0.04058159722222232 0.08090277777777777
0 0.6562861689814815 0.7019892939814816 0.0864438657407407 0.12400173611111098
0 0.7326388888888888 0.9137586805555555 0.07364004629629628 0.09401041666666665
0 0.6634476273148149 0.8953486689814815 0.07443576388888884 0.11549479166666665
0 0.8137659143518519 0.9109085648148147 0.07118055555555558 0.08022280092592604
0 0.860423900462963 0.34734519675925923 0.08434606481481488 0.11997974537037037
0 0.5069444444444444 0.23714554398148147 0.06951678240740744 0.08791956018518521
0 0.6126302083333334 0.2896050347222222 0.04969618055555558 0.07894965277777777
0 0.5822482638888888 0.8962456597222221 0.09035011574074092 0.12423321759259265
0 0.5985243055555556 0.463671875 0.08159722222222232 0.09837962962962965
0 0.5618127893518519 0.4501880787037037 0.05070891203703698 0.05367476851851849
0 0.5047019675925926 0.4936993634259259 0.0614872685185186 0.08159722222222232
0 0.3686342592592593 0.28155381944444446 0.0473813657407407 0.06906828703703705
0 0.6564308449074074 0.6266203703703703 0.04506655092592604 0.0591869212962961
0 0.5061848958333333 0.7451388888888889 0.04947916666666652 0.07309027777777777
0 0.6997974537037037 0.47626591435185184 0.03725405092592604 0.05872395833333344
0 0.6718388310185186 0.43485966435185186 0.05114293981481488 0.06539351851851849
0 0.938548900462963 0.34271556712962964 0.119140625 0.1122974537037037
0 0.9674840856481481 0.41088686342592595 0.06503182870370372 0.12779224537037037
0 0.9929832175925926 0.2236617476851852 0.01403356481481488 0.058029513888888884
0 0.07447193287037038 0.9273148148148148 0.08427372685185186 0.11802662037037037
0 0.07939091435185186 0.8487268518518518 0.04159432870370372 0.07067418981481488
0 0.05530237268518519 0.6211371527777778 0.06908275462962962 0.12881944444444438
0 0.8849103009259259 0.9292028356481481 0.06987847222222232 0.04506655092592604