0 0.525390625 0.0595703125 0.0556640625 0.056640625
0 0.181640625 0.0576171875 0.080078125 0.1142578125
0 0.248046875 0.4287109375 0.0947265625 0.138671875
0 0.0859375 0.5341796875 0.0654296875 0.1025390625
0 0.2724609375 0.865234375 0.076171875 0.1123046875
0 0.140625 0.8798828125 0.1005859375 0.1318359375
0 0.0283203125 0.8681640625 0.056640625 0.0986328125
0 0.0810546875 0.1103515625 0.1240234375 0.1591796875
0 0.34375 0.091796875 0.0908203125 0.14453125
0 0.2685546875 0.111328125 0.0869140625 0.125
0 0.7578125 0.5458984375 0.1220703125 0.2041015625
0 0.8916015625 0.5556640625 0.15234375 0.1650390625
0 0.78515625 0.72265625 0.09375 0.1494140625
0 0.6484375 0.7265625 0.111328125 0.1611328125
0 0.587890625 0.759765625 0.0703125 0.0888671875
0 0.5654296875 0.6826171875 0.052734375 0.0625
0 0.525390625 0.7119140625 0.0322265625 0.056640625
0 0.53515625 0.8896484375 0.1083984375 0.1552734375
0 0.62890625 0.8876953125 0.06640625 0.0966796875
0 0.337890625 0.833984375 0.060546875 0.0849609375
0 0.212890625 0.6689453125 0.083984375 0.119140625
0 0.125 0.7802734375 0.0791015625 0.0810546875
0 0.1015625 0.6611328125 0.0751953125 0.1240234375
0 0.154296875 0.4912109375 0.0888671875 0.109375
0 0.455078125 0.052734375 0.0859375 0.10546875
0 0.8212890625 0.220703125 0.078125 0.107421875
0 0.78125 0.3271484375 0.0693359375 0.1025390625
0 0.865234375 0.322265625 0.0732421875 0.09375
0 0.919921875 0.416015625 0.08984375 0.11328125
0 0.8896484375 0.212890625 0.052734375 0.1025390625
0 0.6494140625 0.4326171875 0.056640625 0.0869140625
0 0.4052734375 0.19921875 0.052734375 0.083984375
0 0.4775390625 0.1416015625 0.0576171875 0.0869140625
0 0.5654296875 0.1962890625 0.07421875 0.0888671875
0 0.5341796875 0.3486328125 0.0556640625 0.0859375
0 0.4990234375 0.3974609375 0.0625 0.1015625
0 0.4482421875 0.39453125 0.0634765625 0.0654296875
0 0.40625 0.4208984375 0.044921875 0.05859375
0 0.1669921875 0.23828125 0.0693359375 0.11328125
0 0.76171875 0.0537109375 0.0966796875 0.107421875
0 0.87109375 0.0859375 0.08984375 0.076171875
0 0.96484375 0.0576171875 0.0693359375 0.1142578125
0 0.958984375 0.279296875 0.068359375 0.076171875
0 0.7265625 0.189453125 0.107421875 0.1591796875
0 0.85546875 0.853515625 0.068359375 0.0986328125
0 0.7890625 0.8935546875 0.07421875 0.0947265625
0 0.740234375 0.943359375 0.08203125 0.11328125
0 0.6748046875 0.8623046875 0.05859375 0.0966796875
0 0.2626953125 0.5966796875 0.056640625 0.0732421875
0 0.248046875 0.2666015625 0.0771484375 0.0908203125
0 0.3095703125 0.265625 0.0556640625 0.0791015625
0 0.0283203125 0.193359375 0.0556640625 0.076171875
0 0.36328125 0.734375 0.0771484375 0.1171875
0 0.287109375 0.9521484375 0.06640625 0.095703125
0 0.3564453125 0.927734375 0.06640625 0.1083984375
0 0.2060546875 0.947265625 0.0654296875 0.0732421875
0 0.158203125 0.3857421875 0.0771484375 0.1123046875
0 0.5107421875 0.2666015625 0.0634765625 0.0810546875
0 0.4052734375 0.322265625 0.044921875 0.07421875
0 0.4375 0.9267578125 0.0810546875 0.1171875
0 0.419921875 0.4951171875 0.0751953125 0.091796875
0 0.45703125 0.48046875 0.046875 0.048828125
0 0.513671875 0.5234375 0.056640625 0.076171875
0 0.6494140625 0.3076171875 0.0419921875 0.064453125
0 0.3623046875 0.6591796875 0.0419921875 0.0556640625
0 0.5126953125 0.7744140625 0.044921875 0.0693359375
0 0.3193359375 0.5107421875 0.033203125 0.0546875
0 0.3466796875 0.46875 0.046875 0.060546875
0 0.080078125 0.3828125 0.111328125 0.1015625
0 0.0400390625 0.4521484375 0.076171875 0.12109375
0 0.0146484375 0.2666015625 0.0283203125 0.056640625
0 0.9521484375 0.9453125 0.0947265625 0.109375
0 0.939453125 0.8671875 0.037109375 0.0673828125
0 0.9658203125 0.640625 0.068359375 0.1220703125
0 0.1337890625 0.9736328125 0.06640625 0.052734375