0 0.3345341435185185 0.04162326388888889 0.0786168981481481 0.0775173611111111
0 0.7050708912037037 0.0021050347222222217 0.1093894675925926 0.004210069444444443
0 0.7062355324074074 0.34359809027777777 0.1469039351851853 0.17795138888888884
0 0.9014033564814814 0.4031032986111111 0.10506365740740753 0.1293402777777778
0 0.7683015046296295 0.8083550347222221 0.11954571759259247 0.1436197916666666
0 0.895435474537037 0.7832248263888889 0.1211660879629628 0.1709635416666666
0 0.8166160300925926 0.029578993055555555 0.1753616898148147 0.05915798611111111
0 0.5352430555555556 0.05390625 0.13654513888888875 0.1078125
0 0.6194589120370371 0.04809027777777777 0.13217592592592586 0.09618055555555555
0 0.18113425925925924 0.6250434027777778 0.19829282407407411 0.25620659722222205
0 0.07443938078703705 0.6695312499999999 0.1488787615740741 0.21662326388888875
0 0.18719618055555554 0.8185980902777777 0.14955150462962963 0.18975694444444446
0 0.3346137152777778 0.7799045138888889 0.1719618055555555 0.20633680555555545
0 0.4076750578703704 0.7961371527777779 0.10436921296296298 0.11762152777777768
0 0.41587094907407407 0.7071397569444444 0.07701099537037037 0.08328993055555545
0 0.4644603587962963 0.7254340277777778 0.05287905092592582 0.07052951388888884
0 0.4874204282407408 0.8968098958333334 0.15976562500000002 0.16488715277777777
0 0.3890046296296297 0.9304036458333333 0.10355902777777781 0.10394965277777768
0 0.6911024305555555 0.7962022569444445 0.09218750000000009 0.10928819444444438
0 0.7933304398148149 0.5832248263888888 0.1298900462962962 0.1538194444444443
0 0.9068576388888889 0.67265625 0.10781250000000009 0.10998263888888893
0 0.9098451967592593 0.5400607638888889 0.12035590277777786 0.1572916666666666
0 0.8200737847222221 0.3784722222222222 0.13126446759259247 0.14414062500000002
0 0.4092158564814815 0.04088541666666667 0.11516203703703698 0.08177083333333333
0 0.05296947337962963 0.30377604166666666 0.10593894675925926 0.13971354166666672
0 0.11051793981481481 0.4031901041666667 0.10908564814814814 0.13146701388888893
0 0.03702980324074074 0.42267795138888886 0.07405960648148148 0.12339409722222228
0 0.024312789351851855 0.5315104166666667 0.04862557870370371 0.1401041666666667
0 0.008043981481481482 0.31571180555555556 0.016087962962962964 0.12248263888888888
0 0.2739728009259259 0.4718967013888889 0.0903501157407407 0.11115451388888886
0 0.4906756365740741 0.1515625 0.08425925925925926 0.10698784722222221
0 0.4013671875 0.11365017361111111 0.0903501157407407 0.11115451388888889
0 0.31746238425925927 0.1982204861111111 0.10827546296296298 0.11779513888888893
0 0.3816189236111111 0.3482855902777778 0.08828124999999998 0.10911458333333335
0 0.42985387731481484 0.3889973958333333 0.1010416666666667 0.12721354166666665
0 0.48454861111111114 0.3700086805555556 0.09103009259259265 0.08975694444444438
0 0.5343460648148148 0.3843532986111111 0.0668981481481481 0.07699652777777777
0 0.7556206597222221 0.11835937499999999 0.11173321759259247 0.14327256944444444
0 0.08019386574074074 0.1259765625 0.129296875 0.11093750000000002
0 0.012897858796296296 0.17601996527777777 0.025795717592592592 0.10499131944444445
0 0.14252748842592594 0.24105902777777777 0.1679398148148148 0.20421006944444442
0 0.13831018518518517 0.9532335069444444 0.10217013888888893 0.08051215277777768
0 0.21763599537037037 0.9623697916666667 0.10847800925925921 0.055468749999999956
0 0.2743851273148148 0.9744574652777778 0.10478877314814816 0.026085069444444553
0 0.33368778935185184 0.9270182291666667 0.09448784722222214 0.115234375
0 0.7248263888888888 0.5229600694444445 0.0835648148148147 0.09526909722222232
0 0.6735098379629629 0.17265625 0.11229745370370381 0.11992187499999996
0 0.6070963541666667 0.1921657986111111 0.0858651620370372 0.10121527777777778
0 0.8845630787037038 0.0384765625 0.0601273148148147 0.076953125
0 0.6432942708333333 0.6989800347222223 0.12184606481481475 0.14956597222222223
0 0.7653428819444444 0.8747178819444444 0.08573495370370376 0.06614583333333335
0 0.6881944444444444 0.8781467013888888 0.09574652777777781 0.10360243055555562
0 0.8533564814814815 0.8523003472222221 0.08343460648148149 0.060199652777777946
0 0.7953052662037037 0.2704861111111111 0.11954571759259247 0.1436197916666666
0 0.3910807291666667 0.2543619791666667 0.09586226851851842 0.10555555555555562
0 0.5161241319444444 0.28094618055555554 0.07368344907407409 0.09288194444444442
0 0.6000651041666667 0.9025173611111111 0.11171875000000009 0.11015624999999996
0 0.534425636574074 0.4651909722222222 0.11046006944444442 0.12178819444444444
0 0.49180410879629627 0.46124131944444446 0.06620370370370365 0.06527777777777777
0 0.43927228009259256 0.5259114583333333 0.08574942129629637 0.09926215277777795
0 0.24961660879629632 0.34051649305555554 0.06724537037037037 0.08285590277777777
0 0.6294270833333333 0.6207031249999999 0.06276041666666665 0.07291666666666652
0 0.4909722222222222 0.7875651041666667 0.07149884259259254 0.08888888888888902
0 0.6463324652777778 0.45047743055555556 0.05471643518518521 0.06866319444444446
0 0.6084346064814815 0.4161241319444444 0.06896701388888893 0.07903645833333339
0 0.8777488425925926 0.24344618055555556 0.15263310185185186 0.14314236111111112
0 0.9257450810185186 0.30462239583333334 0.09829282407407414 0.1465711805555555
0 0.9133680555555556 0.10258246527777778 0.02507233796296293 0.061501736111111094
0 0.06436631944444444 0.9847656250000001 0.03631365740740741 0.02109374999999991