0 0.8849464699074074 0.21022135416666665 0.19032118055555558 0.1938802083333333
0 0.37713396990740744 0.9048828125 0.1987123842592593 0.15742187500000004
0 0.5679976851851852 0.8774739583333333 0.11856192129629628 0.15013020833333335
0 0.05226417824074074 0.3802734375 0.08036747685185186 0.11835937500000004
0 0.9849175347222222 0.7281901041666667 0.03016493055555558 0.16002604166666679
0 0.6501012731481481 0.18671875000000002 0.26193576388888884 0.286328125
0 0.4677372685185185 0.7872395833333334 0.15075231481481488 0.17760416666666679
0 0.16594328703703703 0.8592447916666667 0.1560329861111111 0.16236979166666665
0 0.13925057870370372 0.9579427083333334 0.10807291666666663 0.07734374999999982
0 0.056061921296296294 0.11276041666666667 0.10865162037037038 0.14557291666666666
0 0.14015480324074073 0.11009114583333333 0.15075231481481483 0.17760416666666665
0 0.28718171296296297 0.11497395833333333 0.15625 0.16822916666666668
0 0.8080150462962963 0.88203125 0.0830439814814814 0.0854166666666667
0 0.06127025462962963 0.5177083333333333 0.08940972222222222 0.15208333333333335
0 0.8729383680555556 0.8639973958333333 0.07168692129629628 0.09440104166666674
0 0.9548611111111112 0.7677083333333333 0.09027777777777768 0.16145833333333326
0 0.8828125 0.7869791666666667 0.07544849537037046 0.09075520833333339
0 0.6791449652777778 0.5479817708333333 0.07154224537037046 0.09049479166666674
0 0.4154369212962963 0.115234375 0.06532118055555558 0.08033854166666665
0 0.029911747685185185 0.2789713541666667 0.04463252314814815 0.15299479166666663
0 0.27025462962962965 0.873828125 0.10091145833333326 0.1470052083333333
0 0.6665943287037037 0.790625 0.10995370370370372 0.12812500000000004