0 0.8916015625 0.3154296875 0.162109375 0.1591796875
0 0.296875 0.9169921875 0.1728515625 0.1650390625
0 0.484375 0.900390625 0.0966796875 0.1298828125
0 0.0517578125 0.3291015625 0.09375 0.1015625
0 0.953125 0.8408203125 0.09375 0.14453125
0 0.669921875 0.25 0.21875 0.2373046875
0 0.40234375 0.7958984375 0.1240234375 0.150390625
0 0.1015625 0.8095703125 0.1318359375 0.134765625
0 0.05078125 0.935546875 0.1015625 0.12890625
0 0.1005859375 0.064453125 0.1123046875 0.12890625
0 0.193359375 0.0791015625 0.1259765625 0.158203125
0 0.33203125 0.11328125 0.1318359375 0.140625
0 0.71484375 0.95703125 0.0712890625 0.0849609375
0 0.0439453125 0.4609375 0.087890625 0.134765625
0 0.7802734375 0.9501953125 0.0556640625 0.0927734375
0 0.8828125 0.8681640625 0.0888671875 0.1416015625
0 0.7998046875 0.87109375 0.060546875 0.0771484375
0 0.6416015625 0.603515625 0.05859375 0.078125
0 0.455078125 0.13671875 0.052734375 0.0673828125
0 0.0361328125 0.22265625 0.072265625 0.140625
0 0.0224609375 0.048828125 0.0439453125 0.09765625
0 0.19921875 0.841796875 0.0791015625 0.1279296875
0 0.591796875 0.8349609375 0.08984375 0.1083984375