0 0.08407118055555556 0.35833333333333334 0.1681423611111111 0.20494791666666667
0 0.7844401041666667 0.9066080729166667 0.21345486111111112 0.18678385416666665
0 0.5867404513888889 0.9234375 0.1264322916666667 0.15312499999999996
0 0.9248914930555556 0.2777994791666667 0.07482638888888893 0.12005208333333339
0 0.09212239583333334 0.91435546875 0.1228298611111111 0.1712890625000001
0 0.2884982638888889 0.26471354166666666 0.2778645833333333 0.3052083333333333
0 0.6559244791666667 0.8065755208333334 0.16024305555555562 0.19010416666666652
0 0.937109375 0.7842447916666666 0.09730902777777772 0.1664062500000001
0 0.8552083333333333 0.06875 0.1294270833333333 0.03203125000000001
0 0.7618923611111111 0.08697916666666666 0.15199652777777772 0.08229166666666665
0 0.6206814236111111 0.10397135416666667 0.16488715277777777 0.13580729166666666
0 0.3564236111111111 0.97890625 0.0893229166666667 0.042187500000000044
0 0.9511284722222222 0.4174479166666667 0.07161458333333348 0.15104166666666674
0 0.2880642361111111 0.9768229166666667 0.0776041666666667 0.046354166666666696
0 0.16605902777777776 0.9251302083333333 0.12265625000000002 0.14973958333333348
0 0.25312500000000004 0.9322916666666667 0.08016493055555562 0.09700520833333348
0 0.37519531250000004 0.6323567708333333 0.07625868055555562 0.09674479166666661
0 0.4951171875 0.12102864583333334 0.06818576388888897 0.0845052083333333
0 0.9215277777777777 0.16510416666666666 0.056076388888889106 0.15390625000000002
0 0.8753906250000001 0.8329427083333334 0.10872395833333348 0.15351562499999982
0 0.4638020833333333 0.8700520833333334 0.11614583333333339 0.13645833333333313