0 0.9541015625 0.2745153356481482 0.091796875 0.15192418981481481
0 0.8583984375 0.25967881944444443 0.103515625 0.16824363425925926
0 0.765625 0.20658275462962966 0.09375 0.16375868055555554
0 0.681640625 0.1988642939814815 0.083984375 0.14755497685185187
0 0.5888671875 0.18092447916666665 0.123046875 0.2065104166666667
0 0.4775390625 0.12990451388888888 0.130859375 0.18353587962962964
0 0.447265625 0.30259693287037037 0.107421875 0.1723813657407407
0 0.3544921875 0.28368055555555555 0.109375 0.15882523148148153
0 0.36328125 0.4628472222222222 0.095703125 0.14434317129629637
0 0.271484375 0.426294849537037 0.08984375 0.1283709490740741
0 0.408203125 0.6584273726851853 0.0859375 0.14376446759259265
0 0.3125 0.6377314814814814 0.125 0.19490740740740753
0 0.1748046875 0.41835214120370373 0.111328125 0.18237847222222225
0 0.06640625 0.3681351273148148 0.1328125 0.24615162037037042
0 0.138671875 0.22811053240740742 0.103515625 0.15261863425925926
0 0.255859375 0.06647858796296297 0.12109375 0.13295717592592593
0 0.4091796875 0.009859664351851852 0.099609375 0.019719328703703704
0 0.515625 0.7155381944444444 0.064453125 0.11319444444444438
0 0.595703125 0.7371600115740741 0.076171875 0.10021701388888893
0 0.5830078125 0.8892795138888889 0.123046875 0.1596354166666667
0 0.7216796875 0.8996166087962962 0.142578125 0.12368344907407414
0 0.94921875 0.8958984375 0.046875 0.09848090277777777
0 0.91015625 0.8034866898148149 0.09375 0.15008680555555554
0 0.96484375 0.5180193865740741 0.0703125 0.18971354166666665
0 0.900390625 0.4603153935185185 0.078125 0.11791087962962965
0 0.7763671875 0.4129774305555556 0.126953125 0.15205439814814814
0 0.7509765625 0.5648726851851852 0.091796875 0.12653356481481493
0 0.689453125 0.5587528935185185 0.07421875 0.1118200231481481
0 0.6201171875 0.5277054398148149 0.064453125 0.10147569444444438
0 0.537109375 0.5140697337962963 0.078125 0.12767650462962976
0 0.595703125 0.35141782407407407 0.08984375 0.1283709490740741
0 0.525390625 0.3438657407407407 0.0625 0.12284432870370376
0 0.0556640625 0.039228877314814815 0.056640625 0.07845775462962963
0 0.0322265625 0.16312934027777778 0.029296875 0.1423611111111111
0 0.9658203125 0.1146412037037037 0.068359375 0.14858217592592593
0 0.845703125 0.05158420138888889 0.09765625 0.10316840277777778
0 0.76171875 0.036660879629629634 0.04296875 0.07332175925925927
0 0.6943359375 0.02070674189814815 0.05078125 0.0414134837962963
0 0.0302734375 0.5314091435185185 0.060546875 0.10905671296296293
0 0.083984375 0.5799840856481482 0.0703125 0.10182291666666665
0 0.1669921875 0.5867838541666667 0.083984375 0.12607060185185182
0 0.6923828125 0.7372902199074074 0.056640625 0.08538773148148149
0 0.7607421875 0.7674189814814815 0.056640625 0.07171585648148149