0 0.8629340277777777 0.20539641203703704 0.11571180555555571 0.14905960648148148
0 0.7694444444444444 0.2168113425925926 0.12013888888888902 0.16100983796296298
0 0.6725694444444444 0.1961154513888889 0.10824652777777777 0.15640914351851848
0 0.5958116319444444 0.20947627314814815 0.09787326388888884 0.14215856481481481
0 0.508984375 0.2165798611111111 0.14131944444444455 0.19927662037037042
0 0.3976779513888889 0.20163483796296294 0.14427083333333335 0.17802372685185186
0 0.42024739583333337 0.35695891203703706 0.12226562500000004 0.1650318287037037
0 0.33337673611111107 0.3630859375 0.12183159722222214 0.1552662037037037
0 0.3930121527777778 0.515234375 0.10746527777777781 0.13883101851851842
0 0.30158420138888886 0.5069444444444444 0.10099826388888888 0.12481192129629637
0 0.48806423611111105 0.6711588541666667 0.09965277777777781 0.13836805555555554
0 0.3991970486111111 0.6764250578703703 0.14275173611111114 0.18767361111111125
0 0.21421440972222222 0.5238715277777778 0.12864583333333335 0.17709780092592586
0 0.10010850694444445 0.5120298032407408 0.16462673611111112 0.24156539351851847
0 0.12710503472222223 0.37041377314814816 0.11571180555555555 0.14905960648148153
0 0.18196614583333334 0.19483506944444445 0.13142361111111112 0.15193865740740742
0 0.28901909722222224 0.07001591435185185 0.11271701388888888 0.12550636574074073
0 0.5996744791666666 0.6929398148148148 0.07695312500000018 0.10975115740740748
0 0.675 0.6914134837962963 0.08424479166666665 0.09849537037037037
0 0.7151041666666667 0.8447193287037037 0.14301215277777768 0.19353298611111103
0 0.8424262152777777 0.8234664351851853 0.15794270833333313 0.17883391203703702
0 0.9587890625 0.8420283564814814 0.07105034722222214 0.06459780092592604
0 0.9982855902777779 0.8198857060185185 0.0034288194444442865 0.06688368055555549
0 0.9593641493055556 0.6679036458333334 0.08127170138888884 0.14469039351851842
0 0.9446831597222223 0.40446325231481484 0.11063368055555545 0.19307002314814814
0 0.8636935763888889 0.37669994212962965 0.0888454861111112 0.11435185185185182
0 0.7409288194444444 0.36830873842592593 0.13728298611111112 0.15228587962962958
0 0.7626736111111111 0.505078125 0.10091145833333326 0.12285879629629637
0 0.7072699652777779 0.5142361111111111 0.08272569444444455 0.10814525462962954
0 0.6363932291666667 0.5057074652777778 0.07456597222222205 0.09986979166666665
0 0.5603949652777778 0.5141276041666667 0.08919270833333326 0.12216435185185182
0 0.5643663194444445 0.36114728009259256 0.10099826388888888 0.12481192129629637
0 0.5002170138888888 0.37180266203703705 0.07534722222222223 0.11744791666666665
0 0.026063368055555557 0.3440899884259259 0.02747395833333334 0.13603877314814816
0 0.09906684027777778 0.09204282407407408 0.08463541666666666 0.06345486111111112
0 0.8399088541666667 0.06879340277777778 0.12361111111111112 0.13758680555555555
0 0.6948784722222223 0.04742476851851852 0.10642361111111098 0.09484953703703704
0 0.6180772569444445 0.04953703703703704 0.04991319444444442 0.07113715277777778
0 0.5510633680555556 0.03980034722222223 0.055685763888888795 0.06953124999999999
0 0.9991102430555556 0.5469618055555556 0.0017795138888887507 0.1499421296296295
0 0.09995659722222222 0.6628255208333333 0.11024305555555558 0.11367187500000009
0 0.18125 0.685423900462963 0.07847222222222222 0.1001012731481481
0 0.25601128472222223 0.6712022569444445 0.09309895833333326 0.12239583333333348
0 0.7600694444444445 0.6667896412037038 0.06410590277777772 0.08366608796296315
0 0.8289930555555556 0.6754340277777777 0.06154513888888902 0.06987847222222232
0 0.9539713541666667 0.26751302083333334 0.09205729166666665 0.13606770833333337