0 0.107421875 0.3349609375 0.0849609375 0.1259765625
0 0.19921875 0.3212890625 0.083984375 0.1396484375
0 0.287109375 0.275390625 0.0751953125 0.1376953125
0 0.36328125 0.2685546875 0.0673828125 0.125
0 0.4482421875 0.2529296875 0.0986328125 0.173828125
0 0.5517578125 0.2080078125 0.107421875 0.150390625
0 0.568359375 0.36328125 0.0869140625 0.1435546875
0 0.6533203125 0.34765625 0.0888671875 0.130859375
0 0.634765625 0.5087890625 0.078125 0.119140625
0 0.7197265625 0.4765625 0.0732421875 0.1064453125
0 0.58203125 0.6826171875 0.0693359375 0.1201171875
0 0.66796875 0.666015625 0.1025390625 0.1611328125
0 0.8076171875 0.4697265625 0.0908203125 0.1533203125
0 0.923828125 0.4267578125 0.1318359375 0.208984375
0 0.8525390625 0.2998046875 0.083984375 0.1259765625
0 0.7568359375 0.1455078125 0.1005859375 0.125
0 0.623046875 0.0546875 0.0869140625 0.10546875
0 0.48046875 0.734375 0.052734375 0.095703125
0 0.4072265625 0.7529296875 0.0634765625 0.08203125
0 0.4072265625 0.9111328125 0.1015625 0.1669921875
0 0.2802734375 0.92578125 0.123046875 0.1484375
0 0.173828125 0.9736328125 0.05859375 0.052734375
0 0.0556640625 0.896484375 0.0771484375 0.09375
0 0.0888671875 0.9755859375 0.08203125 0.048828125
0 0.1181640625 0.80859375 0.076171875 0.125
0 0.0576171875 0.556640625 0.115234375 0.1650390625
0 0.1484375 0.5 0.064453125 0.0986328125
0 0.263671875 0.4599609375 0.1064453125 0.123046875
0 0.27734375 0.5966796875 0.076171875 0.1044921875
0 0.3330078125 0.5908203125 0.060546875 0.0927734375
0 0.3984375 0.564453125 0.052734375 0.0849609375
0 0.4736328125 0.5517578125 0.0634765625 0.1064453125
0 0.4306640625 0.4052734375 0.0732421875 0.1064453125
0 0.49609375 0.3994140625 0.048828125 0.1044921875
0 0.958984375 0.1123046875 0.08203125 0.1044921875
0 0.97265625 0.244140625 0.0546875 0.1259765625
0 0.810546875 0.0244140625 0.07421875 0.048828125
0 0.11328125 0.0380859375 0.0576171875 0.076171875
0 0.09375 0.19140625 0.091796875 0.126953125
0 0.224609375 0.12890625 0.08203125 0.09375
0 0.3017578125 0.12109375 0.0341796875 0.0625
0 0.3642578125 0.0947265625 0.041015625 0.05859375
0 0.0234375 0.7109375 0.0458984375 0.1416015625
0 0.9521484375 0.576171875 0.0888671875 0.0927734375
0 0.87890625 0.6171875 0.0576171875 0.083984375
0 0.8037109375 0.6220703125 0.0673828125 0.1044921875
0 0.3203125 0.751953125 0.0458984375 0.0703125
0 0.255859375 0.7783203125 0.046875 0.0576171875
0 0.0341796875 0.4228515625 0.0673828125 0.119140625