0 0.4023799189814815 0.31159577546296297 0.08506944444444442 0.08324652777777775
0 0.7640335648148149 0.44694010416666663 0.11537905092592604 0.11102430555555554
0 0.38190827546296297 0.3920211226851852 0.08723958333333337 0.08913483796296295
0 0.5498046875 0.6777777777777778 0.19118923611111116 0.20779803240740735
0 0.86328125 0.46208043981481484 0.1338252314814814 0.1347222222222222
0 0.34342447916666663 0.17078993055555555 0.13151041666666674 0.12492766203703703
0 0.03211805555555555 0.28679108796296293 0.04701967592592593 0.11001157407407414
0 0.037181712962962965 0.5290364583333333 0.038628472222222224 0.0942708333333333
0 0.3744936342592593 0.7722222222222221 0.1904658564814814 0.18826678240740735
0 0.23234953703703703 0.2848017939814815 0.09729456018518523 0.09709201388888888
0 0.7160011574074074 0.28447627314814816 0.09592013888888884 0.11268807870370368
0 0.18681278935185186 0.4271556712962963 0.11371527777777779 0.11880787037037033
0 0.905345775462963 0.9118995949074074 0.1240596064814814 0.08187210648148158
0 0.8232060185185186 0.46169704861111116 0.15559895833333348 0.14285300925925926
0 0.8604600694444444 0.20123697916666666 0.109375 0.10703125000000002
0 0.5749421296296297 0.5650390625 0.10127314814814814 0.0991030092592593
0 0.7524956597222223 0.7421947337962963 0.09722222222222232 0.09513888888888888
0 0.8602430555555556 0.7493923611111111 0.11675347222222232 0.09542824074074074
0 0.15986689814814814 0.17448640046296296 0.11140046296296297 0.10901331018518517
0 0.7161820023148149 0.8961371527777777 0.1093026620370372 0.10507812499999991
0 0.39858217592592593 0.9213614004629629 0.24565972222222232 0.15004340277777795
0 0.34107349537037035 0.45027488425925927 0.09143518518518512 0.09700520833333337
0 0.3911675347222222 0.35182291666666665 0.10431134259259256 0.1284288194444445
0 0.9697627314814815 0.39001736111111107 0.06047453703703698 0.17294560185185182
0 0.07407407407407407 0.6809172453703703 0.07378472222222221 0.09479166666666661
0 0.2807074652777778 0.4032913773148148 0.09121817129629628 0.09114583333333326
0 0.16247106481481483 0.060127314814814814 0.18815104166666663 0.07306134259259259
0 0.9095775462962963 0.03068576388888889 0.08478009259259256 0.06137152777777778
0 0.8011067708333333 0.029716435185185186 0.13346354166666652 0.05943287037037037
0 0.2572337962962963 0.2179904513888889 0.07313368055555558 0.07721354166666661
0 0.11498119212962964 0.12336516203703704 0.08723958333333334 0.08913483796296295
0 0.3234592013888889 0.31765046296296295 0.11161747685185186 0.11487268518518512
0 0.30595341435185186 0.5045355902777777 0.0708188657407407 0.0674189814814814
0 0.8217592592592593 0.10605468750000001 0.12000868055555558 0.13061342592592592
0 0.9554217303240741 0.5592809606481481 0.08915653935185186 0.10892650462962972
0 0.7091652199074074 0.6275390625 0.1133535879629628 0.10904224537037033
0 0.9112774884259259 0.3069878472222222 0.12188946759259256 0.12868923611111116
0 0.2062355324074074 0.8460431134259259 0.2068142361111111 0.20802951388888902
0 0.9527994791666667 0.8415653935185186 0.09440104166666652 0.16588541666666679
0 0.11357060185185185 0.349095775462963 0.13353587962962962 0.1269097222222222
0 0.6802300347222222 0.5058304398148148 0.12912326388888884 0.16588541666666679
0 0.45739293981481477 0.6097728587962963 0.11335358796296302 0.10904224537037033
0 0.23824508101851852 0.5495081018518518 0.11335358796296297 0.10904224537037033