0 0.16868489583333332 0.09454571759259259 0.17391493055555557 0.18472222222222223
0 0.572265625 0.2465422453703704 0.1445746527777778 0.18190104166666665
0 0.05368923611111111 0.6866825810185185 0.10737847222222222 0.14616608796296293
0 0.7525390624999999 0.7857638888888889 0.16896701388888902 0.1377314814814814
0 0.13480902777777778 0.5649667245370371 0.10399305555555555 0.11238425925925943
0 0.06692708333333333 0.8090060763888889 0.11788194444444444 0.1225549768518519
0 0.23398437500000002 0.9328776041666667 0.17981770833333333 0.09901620370370368
0 0.2938368055555556 0.045500578703703706 0.14279513888888884 0.09100115740740741
0 0.3034939236111111 0.791261574074074 0.203125 0.1816840277777778
0 0.9222439236111111 0.48308015046296293 0.1371093750000001 0.1972945601851852
0 0.9301866319444445 0.21349103009259257 0.1299479166666666 0.13852719907407407
0 0.9203776041666667 0.0412109375 0.15802951388888875 0.082421875
0 0.4535373263888889 0.020384837962962962 0.23355034722222223 0.040769675925925924
0 0.03999565972222222 0.3101634837962963 0.07999131944444444 0.17809606481481488
0 0.41338975694444446 0.28150318287037035 0.09600694444444446 0.10434027777777777
0 0.2511067708333333 0.46978443287037036 0.1483506944444445 0.17615740740740737
0 0.7703993055555556 0.20163483796296297 0.16762152777777772 0.16501736111111115
0 0.5325737847222223 0.934765625 0.12521701388888884 0.10130208333333335
0 0.053125 0.11260850694444445 0.06896701388888889 0.20503472222222222
0 0.7636284722222222 0.9015697337962962 0.11749131944444446 0.1049768518518519
0 0.5947916666666666 0.5064453125 0.09592013888888884 0.10043402777777777
0 0.8235894097222223 0.39914641203703705 0.13910590277777768 0.11147280092592593
0 0.3729166666666667 0.4778862847222222 0.09001736111111114 0.09830729166666663
0 0.12287326388888889 0.22374855324074075 0.08368055555555554 0.07664930555555555
0 0.2520616319444444 0.2511501736111111 0.13593750000000004 0.1445601851851852
0 0.6304470486111111 0.6586082175925926 0.1468750000000001 0.10975115740740748
0 0.6916232638888888 0.5406611689814815 0.12764756944444455 0.12284432870370354
0 0.5541232638888889 0.7994502314814815 0.13875868055555562 0.18368055555555562
0 0.7816623263888889 0.30962818287037036 0.09609375000000009 0.10824652777777777
0 0.464453125 0.1794704861111111 0.12105034722222219 0.08946759259259263
0 0.8241102430555556 0.6392071759259259 0.24709201388888902 0.22787905092592586
0 0.7466796875 0.04656032986111111 0.20342881944444446 0.09312065972222222
0 0.05789930555555556 0.5176793981481481 0.11579861111111112 0.21464120370370376
0 0.413671875 0.6640552662037037 0.12200520833333339 0.13243634259259252
0 0.2810546875 0.615285011574074 0.1616319444444444 0.15898437500000018
0 0.8758680555555556 0.9450882523148147 0.10086805555555545 0.05959201388888902