0 0.9345703125 0.5576171875 0.130859375 0.12890625
0 0.244140625 0.3193359375 0.1142578125 0.1220703125
0 0.5830078125 0.8203125 0.146484375 0.140625
0 0.43359375 0.7939453125 0.1640625 0.1455078125
0 0.8701171875 0.4658203125 0.1337890625 0.1279296875
0 0.431640625 0.392578125 0.1220703125 0.111328125
0 0.6767578125 0.7041015625 0.1630859375 0.1474609375
0 0.1611328125 0.13671875 0.140625 0.14453125
0 0.6337890625 0.9365234375 0.146484375 0.126953125
0 0.287109375 0.1884765625 0.1533203125 0.146484375
0 0.4912109375 0.3251953125 0.1103515625 0.1142578125
0 0.83984375 0.939453125 0.14453125 0.12109375
0 0.62890625 0.513671875 0.126953125 0.1396484375
0 0.3017578125 0.7763671875 0.142578125 0.1552734375
0 0.7216796875 0.8212890625 0.138671875 0.125
0 0.177734375 0.873046875 0.1171875 0.1005859375
0 0.408203125 0.056640625 0.1005859375 0.09765625
0 0.04296875 0.904296875 0.083984375 0.080078125
0 0.912109375 0.6708984375 0.140625 0.1298828125
0 0.8701171875 0.302734375 0.1240234375 0.119140625
0 0.4423828125 0.4931640625 0.12109375 0.1142578125
0 0.966796875 0.4306640625 0.06640625 0.111328125
0 0.580078125 0.2578125 0.1328125 0.1220703125
0 0.1884765625 0.759765625 0.13671875 0.130859375
0 0.05859375 0.74609375 0.11328125 0.0927734375
0 0.5908203125 0.3818359375 0.1669921875 0.1376953125
0 0.9755859375 0.888671875 0.046875 0.1015625
0 0.7412109375 0.041015625 0.103515625 0.08203125
0 0.154296875 0.6533203125 0.1328125 0.1494140625
0 0.9677734375 0.2744140625 0.0615234375 0.1318359375
0 0.0595703125 0.19140625 0.119140625 0.158203125
0 0.462890625 0.2275390625 0.138671875 0.1162109375
0 0.16015625 0.4501953125 0.1357421875 0.12890625
0 0.3623046875 0.6943359375 0.1064453125 0.1025390625
0 0.34765625 0.5869140625 0.173828125 0.1376953125
0 0.0537109375 0.048828125 0.107421875 0.09765625
0 0.095703125 0.8330078125 0.1083984375 0.109375
0 0.517578125 0.6689453125 0.1796875 0.1611328125
0 0.7548828125 0.123046875 0.0986328125 0.1005859375
0 0.6025390625 0.1279296875 0.0986328125 0.111328125
0 0.828125 0.638671875 0.0888671875 0.0927734375
0 0.970703125 0.048828125 0.05859375 0.09765625
0 0.0439453125 0.3154296875 0.087890625 0.099609375
0 0.439453125 0.962890625 0.1455078125 0.07421875
0 0.212890625 0.5849609375 0.0986328125 0.1005859375
0 0.0166015625 0.96875 0.033203125 0.0625
0 0.25390625 0.0146484375 0.076171875 0.02734375
0 0.251953125 0.419921875 0.1259765625 0.1015625
0 0.5224609375 0.1376953125 0.1201171875 0.107421875
0 0.8984375 0.01953125 0.12109375 0.037109375
0 0.4765625 0.025390625 0.0830078125 0.05078125
0 0.3349609375 0.3671875 0.103515625 0.1103515625
0 0.9482421875 0.77734375 0.103515625 0.1328125
0 0.7841796875 0.5517578125 0.1494140625 0.125
0 0.0498046875 0.607421875 0.099609375 0.1220703125
0 0.14453125 0.3330078125 0.119140625 0.12109375
0 0.052734375 0.4814453125 0.1044921875 0.1171875
0 0.318359375 0.53125 0.142578125 0.1572265625
0 0.134765625 0.5517578125 0.119140625 0.107421875
0 0.3076171875 0.916015625 0.119140625 0.1171875
0 0.115234375 0.947265625 0.087890625 0.0703125
0 0.8544921875 0.806640625 0.1279296875 0.1484375
0 0.8466796875 0.1689453125 0.1005859375 0.099609375
0 0.69921875 0.2236328125 0.1259765625 0.1640625
0 0.1669921875 0.05078125 0.126953125 0.1015625
0 0.9228515625 0.095703125 0.1044921875 0.123046875
0 0.6064453125 0.05078125 0.1806640625 0.1005859375
0 0.330078125 0.0380859375 0.087890625 0.076171875
0 0.810546875 0.3896484375 0.18359375 0.099609375
0 0.5302734375 0.92578125 0.1025390625 0.0927734375