0 0.1298828125 0.751953125 0.1064453125 0.109375
0 0.5068359375 0.9345703125 0.091796875 0.109375
0 0.63671875 0.6494140625 0.134765625 0.1201171875
0 0.8564453125 0.201171875 0.0966796875 0.1064453125
0 0.4873046875 0.3486328125 0.107421875 0.0947265625
0 0.861328125 0.107421875 0.0986328125 0.0869140625
0 0.3349609375 0.126953125 0.1103515625 0.1103515625
0 0.3076171875 0.724609375 0.0986328125 0.095703125
0 0.16796875 0.4765625 0.1064453125 0.1044921875
0 0.0908203125 0.32421875 0.0908203125 0.0947265625
0 0.130859375 0.2568359375 0.1142578125 0.1064453125
0 0.1630859375 0.3798828125 0.1025390625 0.09375
0 0.4716796875 0.474609375 0.0849609375 0.087890625
0 0.046875 0.201171875 0.083984375 0.1162109375
0 0.2587890625 0.2958984375 0.095703125 0.0986328125
0 0.0888671875 0.58203125 0.080078125 0.083984375
0 0.109375 0.8623046875 0.109375 0.1064453125
0 0.4462890625 0.537109375 0.078125 0.0830078125
0 0.8369140625 0.2890625 0.1044921875 0.09765625
0 0.587890625 0.35546875 0.083984375 0.0869140625
0 0.2548828125 0.9609375 0.1025390625 0.0771484375
0 0.5673828125 0.14453125 0.1015625 0.0927734375
0 0.509765625 0.587890625 0.0751953125 0.0927734375
0 0.4580078125 0.8505859375 0.095703125 0.10546875
0 0.2509765625 0.123046875 0.087890625 0.080078125
0 0.4541015625 0.6279296875 0.0751953125 0.07421875
0 0.2783203125 0.40625 0.087890625 0.0927734375
0 0.19921875 0.900390625 0.1083984375 0.10546875
0 0.4267578125 0.4375 0.080078125 0.0927734375
0 0.2744140625 0.85546875 0.099609375 0.1259765625
0 0.37109375 0.5205078125 0.072265625 0.0791015625
0 0.3046875 0.5126953125 0.0947265625 0.0908203125
0 0.02734375 0.873046875 0.0546875 0.0947265625
0 0.4482421875 0.14453125 0.111328125 0.1220703125
0 0.7744140625 0.12109375 0.0751953125 0.08203125
0 0.328125 0.640625 0.0859375 0.0927734375
0 0.5419921875 0.8349609375 0.0888671875 0.10546875
0 0.044921875 0.400390625 0.0810546875 0.09765625
0 0.5771484375 0.56640625 0.0712890625 0.0751953125
0 0.701171875 0.1318359375 0.078125 0.0869140625
0 0.6298828125 0.404296875 0.0908203125 0.0908203125
0 0.1435546875 0.05859375 0.138671875 0.1171875
0 0.09765625 0.9208984375 0.0859375 0.08203125
0 0.623046875 0.28125 0.0859375 0.09375
0 0.052734375 0.9658203125 0.0849609375 0.068359375
0 0.03515625 0.0146484375 0.0703125 0.02734375
0 0.451171875 0.5869140625 0.0947265625 0.1220703125
0 0.0390625 0.5234375 0.0771484375 0.111328125
0 0.1669921875 0.1357421875 0.099609375 0.0927734375
0 0.9462890625 0.228515625 0.0966796875 0.0927734375
0 0.490234375 0.1396484375 0.16796875 0.103515625
0 0.53125 0.5205078125 0.0771484375 0.0791015625
0 0.017578125 0.0634765625 0.0322265625 0.0927734375
0 0.373046875 0.7294921875 0.0927734375 0.087890625
0 0.3896484375 0.7978515625 0.1044921875 0.095703125
0 0.5263671875 0.5712890625 0.1044921875 0.083984375
0 0.2119140625 0.751953125 0.0966796875 0.1083984375
0 0.0283203125 0.77734375 0.0556640625 0.1064453125
0 0.9580078125 0.1162109375 0.0830078125 0.0830078125
0 0.2822265625 0.056640625 0.0927734375 0.1123046875
0 0.39453125 0.337890625 0.09375 0.0771484375