0 0.439453125 0.3916015625 0.1396484375 0.1982421875
0 0.53125 0.7568359375 0.1591796875 0.185546875
0 0.5263671875 0.2744140625 0.1494140625 0.1435546875
0 0.2802734375 0.6875 0.19921875 0.234375
0 0.16796875 0.90234375 0.1953125 0.1953125
0 0.703125 0.912109375 0.1259765625 0.1455078125
0 0.1123046875 0.30859375 0.130859375 0.1201171875
0 0.16796875 0.5126953125 0.1455078125 0.1640625
0 0.9013671875 0.69921875 0.19140625 0.2265625
0 0.3876953125 0.916015625 0.1806640625 0.166015625
0 0.90625 0.072265625 0.181640625 0.1357421875
0 0.06640625 0.6689453125 0.1220703125 0.208984375
0 0.1943359375 0.1552734375 0.2119140625 0.224609375
0 0.947265625 0.4208984375 0.10546875 0.212890625
0 0.720703125 0.755859375 0.1953125 0.1962890625
0 0.7919921875 0.447265625 0.1328125 0.173828125
0 0.650390625 0.5595703125 0.1396484375 0.1630859375
0 0.6689453125 0.1240234375 0.2265625 0.18359375
0 0.7255859375 0.279296875 0.1298828125 0.1728515625
0 0.3203125 0.4248046875 0.19921875 0.2890625
0 0.4228515625 0.169921875 0.205078125 0.14453125
0 0.8681640625 0.9091796875 0.224609375 0.177734375