0 0.7104600694444445 0.3123697916666667 0.08975694444444438 0.08784722222222219
0 0.17786458333333333 0.6654079861111111 0.1369357638888889 0.13962673611111098
0 0.41822916666666665 0.05904947916666667 0.12152777777777779 0.10026041666666666
0 0.8548394097222223 0.11460503472222222 0.12026909722222223 0.11584201388888887
0 0.5664930555555556 0.058441840277777775 0.10173611111111125 0.09396701388888888
0 0.91484375 0.16959635416666666 0.091796875 0.08984375
0 0.7014322916666667 0.6360677083333333 0.1273437500000001 0.14331597222222214
0 0.8347873263888889 0.409765625 0.13259548611111116 0.12977430555555558
0 0.7389105902777777 0.22812500000000002 0.10394965277777768 0.09986979166666665
0 0.9462131076388889 0.8415364583333333 0.10757378472222223 0.11367187500000009
0 0.22654079861111112 0.98984375 0.08502604166666666 0.020312499999999956
0 0.15110677083333335 0.9616102430555555 0.09917534722222221 0.07677951388888893
0 0.8333333333333333 0.04778645833333334 0.12369791666666652 0.06128472222222223
0 0.9477864583333333 0.29618055555555556 0.09921874999999991 0.12513020833333333
0 0.05670572916666667 0.0685763888888889 0.10941840277777777 0.04730902777777779
0 0.7153428819444445 0.4002821180555556 0.1020833333333333 0.10177951388888884
0 0.8052734375 0.6237413194444444 0.091796875 0.08984375
0 0.10572916666666667 0.9301432291666667 0.04474826388888889 0.08489583333333339
0 0.13385416666666666 0.07029079861111111 0.08862847222222225 0.062456597222222215
0 0.9557508680555555 0.19001736111111112 0.04340277777777768 0.09852430555555558
0 0.36406249999999996 0.025651041666666666 0.11236979166666661 0.02591145833333333
0 0.5028645833333334 0.03166232638888889 0.08776041666666679 0.04292534722222223
0 0.7805338541666667 0.1549045138888889 0.10802951388888893 0.10386284722222222
0 0.5998046875 0.9547309027777777 0.12756076388888893 0.09053819444444455
0 0.30149739583333335 0.9631293402777779 0.1265190972222222 0.07374131944444429
0 0.20631510416666665 0.44945746527777775 0.04618055555555556 0.0732204861111112
0 0.9835828993055555 0.43569878472222223 0.03283420138888893 0.06549479166666661
0 0.6917751736111111 0.08951822916666667 0.11618923611111098 0.11184895833333333
0 0.31265190972222223 0.16401909722222222 0.10173611111111114 0.0939670138888889
0 0.8607855902777777 0.9508246527777777 0.09891493055555545 0.07439236111111125
0 0.5806206597222222 0.7933810763888889 0.09001736111111103 0.09370659722222219
0 0.1890190972222222 0.8285807291666667 0.09392361111111114 0.09379340277777781
0 0.3098958333333333 0.8702907986111111 0.1015625 0.09006076388888884
0 0.9479383680555555 0.9361762152777777 0.07769097222222232 0.07977430555555554
0 0.11115451388888889 0.7888020833333333 0.08576388888888892 0.08580729166666679
0 0.5073784722222222 0.13322482638888888 0.08958333333333335 0.08394097222222224