0 0.4008246527777778 0.20569299768518517 0.12780671296296298 0.11776620370370372
0 0.5206524884259259 0.21502459490740738 0.12413194444444442 0.12152777777777779
0 0.5129484953703703 0.3615451388888889 0.09574652777777781 0.10293692129629628
0 0.4220775462962963 0.34252025462962965 0.11999421296296298 0.11747685185185186
0 0.1665509259259259 0.3604600694444444 0.11896701388888886 0.13302951388888884
0 0.5241247106481481 0.9450231481481481 0.08885995370370381 0.10995370370370372
0 0.7158492476851852 0.884837962962963 0.1079282407407407 0.11118344907407396
0 0.9105758101851852 0.9184751157407407 0.07977430555555554 0.09649884259259256
0 0.9476200810185185 0.6732132523148149 0.03577835648148131 0.11046006944444464
0 0.20109230324074073 0.7189670138888888 0.12654803240740742 0.12941261574074092
0 0.009045862268518522 0.8548177083333334 0.018091724537037043 0.11161747685185186
0 0.05607638888888889 0.930736400462963 0.11215277777777778 0.10575810185185164
0 0.09827112268518519 0.17491319444444445 0.1075810185185185 0.10532407407407407
0 0.04709201388888889 0.12485532407407407 0.09418402777777778 0.13252314814814814
0 0.22298177083333331 0.18442563657407407 0.1142505787037037 0.11921296296296297
0 0.2689091435185185 0.3838252314814815 0.12711226851851853 0.10604745370370372
0 0.7471571180555555 0.09226707175925927 0.09874131944444442 0.12058738425925924
0 0.8697989004629629 0.10366030092592593 0.10138888888888875 0.1323784722222222
0 0.6726851851851852 0.27546296296296297 0.10827546296296298 0.11704282407407407
0 0.19264322916666665 0.06879340277777778 0.1044849537037037 0.11885127314814817
0 0.33467881944444444 0.13277633101851852 0.10241608796296298 0.11682581018518517
0 0.5551576967592593 0.12821903935185186 0.08023726851851842 0.10431134259259256
0 0.9483579282407408 0.2974175347222222 0.07012442129629637 0.09809027777777779
0 0.7710865162037037 0.2830222800925926 0.10379050925925926 0.10713252314814814
0 0.8944516782407408 0.6125217013888888 0.10562789351851842 0.10525173611111116
0 0.9261863425925926 0.8202039930555556 0.06059027777777781 0.10163483796296302
0 0.42703993055555556 0.9503942418981481 0.10551215277777781 0.09921151620370372
0 0.1674262152777778 0.8576750578703703 0.08977141203703703 0.10076678240740744
0 0.01722728587962963 0.7504701967592593 0.03445457175925926 0.12572337962962976
0 0.08320312500000002 0.34660734953703703 0.10149016203703703 0.10120081018518523
0 0.010677083333333334 0.36888744212962965 0.021354166666666667 0.1401186342592593
0 0.834252025462963 0.9861291956018519 0.12031250000000004 0.02774160879629628
0 0.4415075231481481 0.44404658564814814 0.09046585648148153 0.11248553240740744
0 0.28237847222222223 0.3216869212962963 0.11780960648148142 0.11349826388888884
0 0.3770109953703704 0.2772352430555556 0.10081018518518525 0.12261284722222221
0 0.20439091435185186 0.2669270833333333 0.11655092592592586 0.12514467592592593
0 0.42065248842592595 0.05277054398148148 0.1001012731481481 0.07776331018518517
0 0.004094328703703704 0.5152994791666667 0.008188657407407408 0.12044270833333348
0 0.12065972222222224 0.606372974537037 0.09758391203703703 0.10105613425925908
0 0.02768012152777778 0.6188512731481481 0.05536024305555556 0.10677083333333326
0 0.09858217592592593 0.5164930555555556 0.13527199074074073 0.11219618055555558
0 0.23253761574074072 0.9315321180555556 0.09723668981481481 0.0951967592592593
0 0.5265480324074074 0.5284288194444444 0.10091145833333326 0.09143518518518512
0 0.5153862847222223 0.039641203703703706 0.09813368055555549 0.04456018518518519
0 0.25572193287037037 0.9795283564814815 0.09871238425925921 0.04094328703703698
0 0.6952112268518518 0.6550564236111112 0.09252025462962976 0.08138020833333348
0 0.7544198495370371 0.5642722800925926 0.08689236111111098 0.08506944444444442