0 0.947265625 0.55859375 0.0966796875 0.095703125
0 0.5166015625 0.77734375 0.1044921875 0.1015625
0 0.740234375 0.2392578125 0.099609375 0.109375
0 0.111328125 0.3203125 0.1123046875 0.125
0 0.4052734375 0.6640625 0.091796875 0.0888671875
0 0.5263671875 0.20703125 0.09765625 0.095703125
0 0.0400390625 0.9482421875 0.0791015625 0.1015625
0 0.5966796875 0.5400390625 0.0869140625 0.09375
0 0.951171875 0.3154296875 0.0849609375 0.0908203125
0 0.609375 0.4443359375 0.0849609375 0.0927734375
0 0.2080078125 0.576171875 0.08984375 0.0869140625
0 0.8955078125 0.4521484375 0.091796875 0.0859375
0 0.91796875 0.06640625 0.1005859375 0.1015625
0 0.3671875 0.3896484375 0.0771484375 0.0791015625
0 0.7294921875 0.70703125 0.0947265625 0.08984375
0 0.91015625 0.197265625 0.095703125 0.09765625
0 0.6064453125 0.0361328125 0.0927734375 0.072265625
0 0.9697265625 0.234375 0.060546875 0.0751953125
0 0.9453125 0.3974609375 0.0849609375 0.0869140625
0 0.197265625 0.759765625 0.078125 0.0927734375
0 0.1220703125 0.7578125 0.09375 0.103515625
0 0.0498046875 0.44140625 0.0859375 0.0947265625
0 0.73046875 0.126953125 0.08984375 0.0908203125
0 0.3662109375 0.275390625 0.1044921875 0.1103515625
0 0.8076171875 0.7216796875 0.083984375 0.08984375
0 0.244140625 0.3271484375 0.115234375 0.1083984375
0 0.568359375 0.3876953125 0.07421875 0.0712890625
0 0.6796875 0.505859375 0.0849609375 0.0859375
0 0.6181640625 0.9345703125 0.0732421875 0.078125
0 0.81640625 0.4091796875 0.1142578125 0.1162109375
0 0.9267578125 0.9541015625 0.1025390625 0.0908203125
0 0.6923828125 0.7861328125 0.0947265625 0.09765625
0 0.509765625 0.552734375 0.0908203125 0.08984375
0 0.2783203125 0.5244140625 0.0927734375 0.09375
0 0.0703125 0.5615234375 0.076171875 0.0810546875
0 0.935546875 0.7099609375 0.0986328125 0.0908203125
0 0.904296875 0.33984375 0.07421875 0.0703125
0 0.154296875 0.833984375 0.0888671875 0.0830078125
0 0.6787109375 0.0849609375 0.0751953125 0.0810546875
0 0.73828125 0.03125 0.087890625 0.0625
0 0.41015625 0.794921875 0.091796875 0.08984375
0 0.494140625 0.373046875 0.0908203125 0.0859375
0 0.5771484375 0.3037109375 0.0888671875 0.0947265625
0 0.7626953125 0.609375 0.083984375 0.0986328125
0 0.02734375 0.33984375 0.0537109375 0.134765625
0 0.13671875 0.556640625 0.0712890625 0.083984375
0 0.859375 0.1259765625 0.0927734375 0.08984375
0 0.51953125 0.435546875 0.080078125 0.072265625
0 0.8564453125 0.6083984375 0.119140625 0.1044921875
0 0.447265625 0.076171875 0.05859375 0.0634765625
0 0.4296875 0.4296875 0.080078125 0.0888671875
0 0.5146484375 0.03515625 0.091796875 0.0703125
0 0.1728515625 0.2060546875 0.1357421875 0.1171875
0 0.4521484375 0.9580078125 0.0673828125 0.076171875
0 0.2841796875 0.8935546875 0.103515625 0.08203125
0 0.494140625 0.634765625 0.0859375 0.0810546875
0 0.294921875 0.966796875 0.072265625 0.0654296875
0 0.169921875 0.455078125 0.087890625 0.091796875