0 0.8961660879629629 0.5957175925925926 0.11895254629629637 0.12521701388888884
0 0.7734592013888889 0.8962311921296297 0.12495659722222219 0.1352864583333333
0 0.2121238425925926 0.9792173032407407 0.09840856481481486 0.04156539351851851
0 0.8305555555555555 0.8024377893518518 0.1327690972222224 0.135691550925926
0 0.26082899305555557 0.6673466435185185 0.1050202546296296 0.1069299768518519
0 0.6055700231481482 0.8161820023148149 0.1030671296296295 0.10682870370370368
0 0.8952256944444444 0.26338252314814814 0.11880787037037033 0.11545138888888884
0 0.4598307291666667 0.9457429108796296 0.12486979166666656 0.10851417824074083
0 0.9760127314814815 0.8793692129629629 0.024826388888888884 0.09496527777777786
0 0.4482494212962963 0.6164713541666667 0.10907118055555554 0.11689814814814814
0 0.815625 0.3589409722222222 0.15063657407407405 0.15613425925925917
0 0.7271629050925925 0.06311487268518519 0.11989293981481497 0.05695891203703704
0 0.3677517361111111 0.6406394675925926 0.09927662037037033 0.11443865740740744
0 0.16409143518518518 0.534302662037037 0.08922164351851852 0.09440104166666674
0 0.9001591435185186 0.8539351851851852 0.11096643518518512 0.11309317129629637
0 0.26927083333333335 0.4273654513888889 0.10706018518518512 0.11289062500000002
0 0.9350549768518519 0.2136501736111111 0.03634259259259265 0.08190104166666667
0 0.021694155092592593 0.41532841435185186 0.043388310185185186 0.09628182870370372
0 0.9498553240740741 0.929810474537037 0.07563657407407387 0.09955150462962958
0 0.7527416087962964 0.970142505787037 0.10837673611111098 0.05971498842592604
0 0.09144965277777778 0.29207175925925927 0.10114293981481481 0.10868055555555556
0 0.12806712962962963 0.9816695601851853 0.11779513888888887 0.036660879629629495
0 0.309765625 0.982472511574074 0.11791087962962965 0.03505497685185199
0 0.6042751736111112 0.04599247685185186 0.10004340277777768 0.03446180555555556
0 0.2528935185185185 0.34539930555555554 0.10706018518518512 0.11289062499999991
0 0.9410156249999999 0.7348668981481481 0.09973958333333321 0.14568865740740744
0 0.31566840277777775 0.06621093750000001 0.09074074074074079 0.0652054398148148
0 0.2576171875 0.7522063078703703 0.09315682870370368 0.09655671296296298
0 0.8825086805555555 0.06628327546296298 0.08263888888888893 0.04526909722222222
0 0.1599609375 0.35133101851851856 0.08126446759259259 0.08423032407407405
0 0.19046585648148148 0.6011501736111111 0.09712094907407409 0.10066550925925921
0 0.264966724537037 0.3880497685185185 0.11746238425925926 0.15636574074074072
0 0.39439380787037037 0.6234519675925927 0.11691261574074074 0.11925636574074083
0 0.07586805555555556 0.5522063078703704 0.08120659722222223 0.08032407407407405
0 0.03435329861111111 0.5654513888888889 0.06870659722222222 0.12309027777777781
0 0.18602430555555555 0.9009548611111111 0.10507812500000002 0.1108362268518519
0 0.5938440393518518 0.09040798611111112 0.10499131944444429 0.10497685185185185
0 0.5133174189814815 0.7762152777777778 0.1265046296296295 0.10804398148148153
0 0.3735532407407407 0.11710069444444444 0.0991030092592593 0.10271990740740741
0 0.21492332175925927 0.07173755787037037 0.08272569444444444 0.05112847222222222
0 0.03660300925925926 0.10543981481481482 0.07320601851851852 0.07416087962962964
0 0.13561921296296298 0.08130787037037038 0.09642650462962965 0.05379050925925927