0 0.8889612268518519 0.08678385416666666 0.08651620370370372 0.07333622685185184
0 0.3140914351851852 0.1404152199074074 0.10951967592592593 0.11562499999999998
0 0.5030381944444444 0.059042245370370366 0.09982638888888884 0.06438078703703703
0 0.9039713541666667 0.7209201388888888 0.19205729166666652 0.22355324074074057
0 0.20685040509259262 0.4809534143518519 0.10713252314814814 0.10379050925925926
0 0.46043113425925924 0.4872106481481482 0.09302662037037035 0.09126157407407409
0 0.8650896990740741 0.15260416666666665 0.08731192129629628 0.09482060185185182
0 0.12076822916666666 0.8929036458333334 0.10734953703703703 0.10964988425925926
0 0.717701099537037 0.19843750000000002 0.11111111111111116 0.10597511574074076
0 0.15494791666666669 0.26350549768518516 0.08709490740740744 0.08896122685185182
0 0.7139756944444444 0.2820167824074074 0.1088686342592593 0.09804687499999998
0 0.6234809027777778 0.20649594907407406 0.0889033564814814 0.08517071759259259
0 0.06155960648148148 0.5834273726851852 0.07913773148148148 0.08459201388888893
0 0.7860966435185186 0.17715567129629628 0.0810908564814814 0.08470775462962965
0 0.11950231481481483 0.33253761574074076 0.09309895833333331 0.09321469907407409
0 0.06987847222222222 0.12399450231481482 0.12174479166666666 0.12999131944444442
0 0.2654079861111111 0.5886863425925926 0.10322627314814814 0.10355902777777781
0 0.5078125 0.24056712962962962 0.11704282407407418 0.10827546296296298
0 0.0837673611111111 0.7357783564814815 0.10004340277777779 0.12285879629629637
0 0.3949652777777778 0.32450086805555556 0.10112847222222221 0.09953703703703698
0 0.7617549189814814 0.0724247685185185 0.1055410879629628 0.060821759259259256
0 0.26667390046296297 0.80703125 0.11747685185185186 0.11999421296296298
0 0.4268301504629629 0.05355179398148148 0.09577546296296302 0.060243055555555564
0 0.36613859953703703 0.9405743634259259 0.107421875 0.11160300925925926
0 0.947193287037037 0.13310908564814813 0.07790798611111116 0.10400752314814815
0 0.25473813657407407 0.06381655092592592 0.10640914351851849 0.08425925925925926
0 0.17693865740740738 0.40999710648148147 0.08109085648148151 0.08470775462962965
0 0.15046296296296297 0.5633608217592593 0.08347800925925924 0.09654224537037037
0 0.5085358796296297 0.12855179398148148 0.0912905092592593 0.09700520833333337
0 0.2663845486111111 0.40457899305555556 0.09534143518518523 0.10114293981481481
0 0.17375578703703703 0.19251302083333333 0.09526909722222221 0.09918981481481481
0 0.47573061342592593 0.5845847800925925 0.0849971064814814 0.08493923611111098
0 0.45587384259259256 0.732494212962963 0.109375 0.11171875000000009
0 0.028428819444444444 0.3466290509259259 0.03443287037037037 0.08778935185185177
0 0.2880859375 0.30647424768518516 0.11342592592592593 0.11585648148148153
0 0.1779513888888889 0.7004340277777779 0.08506944444444442 0.08689236111111098
0 0.5874565972222222 0.07573784722222221 0.10069444444444442 0.08781828703703703
0 0.04307725694444444 0.4264250578703704 0.05808738425925926 0.09503761574074077
0 0.3735170717592593 0.24527633101851853 0.10959201388888884 0.11757812499999998
0 0.3760127314814815 0.4968243634259259 0.10923032407407418 0.10781249999999998
0 0.3688151041666667 0.40772569444444445 0.10590277777777779 0.12320601851851853
0 0.5669126157407407 0.7838975694444444 0.08760127314814814 0.10263310185185182
0 0.5111762152777778 0.9733796296296297 0.1142216435185186 0.0532407407407407
0 0.2103587962962963 0.12842158564814815 0.09411168981481483 0.12055844907407409
0 0.1752025462962963 0.7840711805555556 0.09165219907407407 0.10677083333333348
0 0.5824291087962963 0.3872540509259259 0.08282696759259256 0.07896412037037037
0 0.07027633101851852 0.23997395833333335 0.11964699074074076 0.1259693287037037
0 0.5466218171296297 0.4991391782407407 0.07725694444444442 0.0864293981481481
0 0.8162977430555556 0.25592447916666666 0.0751591435185186 0.08240740740740737
0 0.13346354166666666 0.0517578125 0.10170717592592593 0.06254340277777778
0 0.4090711805555556 0.8369068287037037 0.09136284722222232 0.09895833333333326