0 0.2550130208333333 0.42183159722222224 0.2880208333333334 0.31718750000000007
0 0.16378038194444444 0.7956380208333333 0.24782986111111116 0.264670138888889
0 0.44125434027777777 0.7335503472222222 0.23263888888888884 0.28350694444444446
0 0.7090494791666666 0.5801866319444444 0.25082465277777777 0.3116319444444444
0 0.9232855902777778 0.6857855902777779 0.12677951388888897 0.2612413194444443
0 0.6018446180555556 0.8825086805555555 0.22860243055555562 0.18967013888888884
0 0.4443793402777778 0.9002387152777778 0.1636718749999999 0.16532118055555545
0 0.31538628472222224 0.9537760416666667 0.17521701388888888 0.07022569444444438
0 0.1733940972222222 0.9776475694444444 0.16857638888888893 0.034809027777777724
0 0.8751953125 0.8303602430555556 0.21401909722222223 0.1480468749999999
0 0.4623697916666667 0.5296875 0.2036458333333333 0.2080729166666666
0 0.44817708333333334 0.20251736111111113 0.24396701388888886 0.26644965277777777
0 0.6162760416666666 0.14705946180555557 0.2875868055555557 0.29411892361111114
0 0.7205078125 0.03901909722222222 0.2113281250000001 0.07803819444444444
0 0.8526909722222222 0.06360677083333333 0.14227430555555554 0.12721354166666665
0 0.08880208333333334 0.2967447916666667 0.17760416666666667 0.24635416666666665
0 0.027039930555555557 0.20284288194444444 0.05407986111111111 0.18025173611111112
0 0.093359375 0.4819878472222222 0.18671875 0.20789930555555558
0 0.1349826388888889 0.5988715277777777 0.19171006944444446 0.1977864583333333
0 0.06948784722222222 0.7091579861111111 0.13897569444444444 0.22873263888888884
0 0.31078559027777775 0.7217881944444444 0.2059895833333334 0.22573784722222223
0 0.2962239583333333 0.19171006944444444 0.21931423611111112 0.2107204861111111
0 0.9268012152777778 0.48368055555555556 0.12877604166666679 0.2632812499999999
0 0.642404513888889 0.41827256944444446 0.19487847222222232 0.16475694444444433
0 0.26705729166666664 0.8895833333333334 0.16770833333333335 0.1713541666666667
0 0.8737630208333333 0.5435980902777778 0.1870225694444445 0.25026041666666665
0 0.6087022569444445 0.66171875 0.25911458333333326 0.3334635416666667
0 0.45668402777777783 0.9611545138888888 0.11406249999999996 0.04019097222222223
0 0.8507161458333334 0.39535590277777777 0.17339409722222232 0.16380208333333335
0 0.4602864583333333 0.4039279513888889 0.2216579861111111 0.22838541666666667
0 0.38502604166666665 0.06944444444444445 0.1713541666666667 0.1388888888888889
0 0.08389756944444444 0.13187934027777778 0.14722222222222223 0.12751736111111112
0 0.5804036458333333 0.01792534722222222 0.13997395833333348 0.03585069444444444
0 0.1697482638888889 0.08806423611111111 0.10325520833333335 0.08068576388888887
0 0.6473307291666667 0.28439670138888884 0.16128472222222223 0.14570312500000004