0 0.9368634259259259 0.6162109375 0.11102430555555554 0.111328125
0 0.7908130787037038 0.9091796875 0.11504629629629637 0.119140625
0 0.21655815972222223 0.97265625 0.08870081018518522 0.0546875
0 0.8558883101851852 0.8193359375 0.12478298611111116 0.1171875
0 0.29191984953703703 0.654296875 0.09709201388888888 0.09375
0 0.6274016203703704 0.8212890625 0.09516782407407409 0.095703125
0 0.9504846643518519 0.283203125 0.08741319444444451 0.099609375
0 0.4739945023148148 0.947265625 0.11679687500000002 0.10546875
0 0.9937282986111111 0.9091796875 0.012543402777777768 0.083984375
0 0.48467158564814816 0.61328125 0.1011429398148147 0.103515625
0 0.8737196180555555 0.375 0.138773148148148 0.138671875
0 0.806372974537037 0.0478515625 0.11665219907407409 0.095703125
0 0.401953125 0.6328125 0.09134837962962972 0.1015625
0 0.2058810763888889 0.515625 0.08327546296296295 0.083984375
0 0.921166087962963 0.875 0.10499131944444451 0.099609375
0 0.31863425925925926 0.4140625 0.0971788194444444 0.099609375
0 0.045797164351851855 0.388671875 0.08140914351851852 0.08984375
0 0.9657262731481482 0.9404296875 0.06854745370370363 0.060546875
0 0.7615089699074074 0.974609375 0.10389178240740726 0.025390625
0 0.15145399305555557 0.26953125 0.09321469907407409 0.095703125
0 0.1306351273148148 0.9736328125 0.10820312500000001 0.052734375
0 0.3123914930555556 0.9814453125 0.11187789351851851 0.037109375
0 0.6840422453703704 0.0302734375 0.09855324074074079 0.060546875
0 0.3086299189814815 0.33203125 0.09916087962962972 0.1015625
0 0.44459635416666665 0.017578125 0.0825520833333333 0.03515625
0 0.9631727430555556 0.7607421875 0.07365451388888888 0.126953125
0 0.39127604166666663 0.0439453125 0.08709490740740744 0.078125
0 0.2834129050925926 0.7392578125 0.08721064814814816 0.0859375
0 0.951953125 0.052734375 0.04453124999999991 0.10546875
0 0.2139033564814815 0.33203125 0.07531828703703702 0.07421875
0 0.22740162037037037 0.583984375 0.08919270833333337 0.087890625
0 0.31901765046296293 0.3740234375 0.10562789351851842 0.142578125
0 0.4300419560185185 0.6171875 0.10895543981481481 0.103515625
0 0.1152488425925926 0.5283203125 0.07526041666666666 0.0703125
0 0.05490451388888888 0.5419921875 0.09545717592592592 0.115234375
0 0.1996021412037037 0.8828125 0.09714988425925924 0.09765625
0 0.6703486689814815 0.0947265625 0.09709201388888888 0.09375
0 0.5378689236111112 0.7763671875 0.11854745370370368 0.091796875
0 0.4469328703703704 0.109375 0.09120370370370368 0.091796875
0 0.2906756365740741 0.04296875 0.0810329861111111 0.064453125
0 0.09670138888888889 0.0673828125 0.09502314814814813 0.0859375
0 0.20873119212962965 0.048828125 0.0947048611111111 0.064453125