0 0.932494212962963 0.07168692129629631 0.08813657407407405 0.07740162037037035
0 0.3284722222222222 0.1324146412037037 0.11072048611111107 0.11530671296296297
0 0.5333116319444444 0.04908130787037038 0.10134548611111116 0.062282986111111105
0 0.8876012731481482 0.7289496527777778 0.18995949074074092 0.2216435185185186
0 0.18604600694444445 0.4849537037037037 0.1103732638888889 0.10358796296296302
0 0.44983362268518523 0.4908130787037037 0.09440104166666674 0.0912905092592593
0 0.9001085069444444 0.14185474537037038 0.08865740740740735 0.09497974537037035
0 0.05994646990740741 0.9133752893518519 0.10859375 0.109375
0 0.7432436342592592 0.18981481481481483 0.11238425925925943 0.10561342592592593
0 0.15162760416666665 0.2607783564814815 0.08848379629629632 0.08912037037037035
0 0.7328559027777778 0.27643952546296297 0.11215277777777777 0.09780092592592593
0 0.6442346643518518 0.19885706018518517 0.09032118055555549 0.08528645833333337
0 0.03287037037037037 0.5923755787037037 0.06574074074074074 0.0849971064814814
0 0.816232638888889 0.16807725694444445 0.08055555555555571 0.08492476851851855
0 0.10844184027777778 0.33250144675925924 0.09641203703703705 0.09331597222222221
0 0.07476851851851851 0.11617476851851852 0.12290219907407407 0.13136574074074076
0 0.23746383101851853 0.5973307291666667 0.10445601851851849 0.10141782407407396
0 0.5209490740740741 0.2353515625 0.12019675925925921 0.10590277777777779
0 0.043037471064814814 0.7501446759259259 0.08607494212962963 0.12478298611111116
0 0.39615885416666663 0.32262731481481477 0.10244502314814818 0.09939236111111116
0 0.8009186921296296 0.05801504629629631 0.10910011574074074 0.060619212962962965
0 0.22000868055555556 0.8234953703703703 0.1186487268518519 0.11950231481481488
0 0.45234375 0.04314959490740741 0.09921875000000002 0.05635127314814814
0 0.31177662037037035 0.9525824652777778 0.10859375000000004 0.09483506944444442
0 0.9681568287037037 0.1218894675925926 0.03615451388888902 0.10083912037037038
0 0.27311197916666663 0.054108796296296294 0.10967881944444446 0.08015046296296297
0 0.16179108796296296 0.4126880787037037 0.08250868055555555 0.0849971064814814
0 0.12091290509259259 0.5715060763888888 0.08480902777777777 0.09678819444444464
0 0.5312282986111111 0.11939380787037038 0.09457465277777777 0.09714988425925924
0 0.2548828125 0.4053819444444444 0.09859664351851849 0.10120081018518512
0 0.9637225115740741 0.040581597222222224 0.03739872685185186 0.011140046296296308
0 0.1763165509259259 0.18641493055555555 0.09853877314814818 0.09924768518518517
0 0.4575954861111111 0.591796875 0.08635706018518507 0.08318865740740744
0 0.4227502893518519 0.7449725115740741 0.11060474537037046 0.11140046296296302
0 0.015075231481481481 0.34642650462962965 0.030150462962962962 0.0912905092592593
0 0.2862413194444444 0.30389178240740744 0.11462673611111107 0.11545138888888884
0 0.13627748842592594 0.7128544560185185 0.08647280092592591 0.08709490740740744
0 0.6189019097222221 0.06398292824074076 0.10203993055555571 0.0857204861111111
0 0.025578703703703704 0.43084490740740744 0.05115740740740741 0.09606481481481488
0 0.38101128472222223 0.23994502314814814 0.11077835648148149 0.11725983796296302
0 0.3615379050925926 0.5012297453703703 0.11048900462962963 0.10749421296296302
0 0.3603804976851852 0.4083116319444444 0.10704571759259252 0.12297453703703698
0 0.5345847800925926 0.7979962384259259 0.0888310185185186 0.10083912037037046
0 0.4612702546296297 0.9855685763888888 0.11461226851851847 0.02886284722222232
0 0.2203052662037037 0.12058738425925926 0.09532696759259257 0.12254050925925927
0 0.12683738425925925 0.8004918981481481 0.09291087962962963 0.10684317129629628
0 0.5858868634259259 0.3863570601851852 0.08428819444444446 0.07921006944444442
0 0.06532118055555557 0.23705150462962965 0.12077546296296296 0.1254340277777778
0 0.5384403935185185 0.5028935185185185 0.07670717592592613 0.08673321759259256
0 0.8412037037037037 0.24916811342592593 0.07458043981481488 0.08080150462962965
0 0.14831452546296298 0.04264322916666667 0.10513599537037033 0.058521412037037035
0 0.3657696759259259 0.8533347800925926 0.09267939814814818 0.09903067129629628