0 0.49971788194444444 0.26846788194444443 0.08771701388888897 0.08585069444444449
0 0.7761501736111112 0.5057291666666667 0.11831597222222223 0.11579861111111112
0 0.45460069444444445 0.3310546875 0.08984375 0.08980034722222219
0 0.5102647569444444 0.6377387152777778 0.1987413194444445 0.21319444444444446
0 0.8612847222222222 0.5517361111111111 0.13888888888888884 0.13967013888888902
0 0.49431423611111114 0.12489149305555555 0.13650173611111116 0.1298611111111111
0 0.14001736111111113 0.11516927083333334 0.12825520833333337 0.11992187500000001
0 0.07836371527777779 0.3335503472222222 0.09427083333333333 0.10160590277777781
0 0.32176649305555555 0.6634331597222223 0.19787326388888893 0.19366319444444446
0 0.3573133680555556 0.18756510416666666 0.10004340277777768 0.09978298611111114
0 0.7886501736111111 0.3470920138888889 0.10065104166666661 0.11345486111111114
0 0.26927083333333335 0.2960720486111111 0.11857638888888888 0.12165798611111112
0 0.73828125 0.951345486111111 0.1318576388888888 0.06927083333333339
0 0.8245008680555556 0.537890625 0.15885416666666674 0.1498697916666667
0 0.9434136284722222 0.3221354166666667 0.11317274305555558 0.11180555555555549
0 0.5688151041666667 0.5474826388888889 0.1040364583333333 0.10182291666666665
0 0.6692274305555556 0.7612847222222222 0.10199652777777768 0.09982638888888884
0 0.7629340277777779 0.8022135416666667 0.11762152777777768 0.10017361111111112
0 0.32849392361111107 0.06699218750000001 0.11432291666666661 0.11375868055555557
0 0.9345052083333334 0.8795355902777777 0.07604166666666679 0.1304687499999999
0 0.904296875 0.9476562500000001 0.0849826388888888 0.06822916666666679
0 0.584765625 0.8843749999999999 0.11210937500000018 0.10785590277777768
0 0.28576388888888893 0.8431206597222223 0.26484375000000004 0.25173611111111116
0 0.39858940972222223 0.36846788194444446 0.09613715277777779 0.09969618055555562
0 0.4756727430555555 0.29930555555555555 0.11111111111111116 0.12929687499999998
0 0.03650173611111111 0.5133680555555555 0.031163194444444445 0.08654513888888893
0 0.9694010416666667 0.5314236111111111 0.06119791666666652 0.16979166666666656
0 0.07421875 0.4822265625 0.09809027777777779 0.09973958333333333
0 0.36065538194444446 0.3067491319444444 0.09392361111111103 0.09379340277777781
0 0.3705512152777778 0.006640625 0.17860243055555558 0.01328125
0 0.9442925347222222 0.1265190972222222 0.11141493055555562 0.12560763888888893
0 0.1640407986111111 0.02033420138888889 0.12105034722222219 0.04066840277777778
0 0.4019748263888889 0.13671875 0.07573784722222221 0.07973090277777778
0 0.30598958333333337 0.02638888888888889 0.08854166666666674 0.05277777777777778
0 0.4283637152777778 0.24659288194444445 0.11644965277777775 0.1177083333333333
0 0.4825954861111111 0.9609375 0.16666666666666663 0.06223958333333335
0 0.35034722222222225 0.4047309027777778 0.0713107638888888 0.06792534722222221
0 0.9390733506944444 0.2254123263888889 0.12185329861111116 0.1335503472222222
0 0.9164279513888889 0.6707465277777778 0.1103298611111112 0.11171875000000009
0 0.6680121527777778 0.6459635416666667 0.11618923611111098 0.1118489583333333
0 0.9451388888888889 0.43140190972222225 0.10972222222222228 0.13159722222222214
0 0.14713541666666666 0.6712239583333333 0.21436631944444445 0.21354166666666652
0 0.8411241319444445 0.9119140625 0.1605468750000001 0.1440538194444443
0 0.2300347222222222 0.2050564236111111 0.13854166666666667 0.1318576388888889
0 0.682421875 0.5302951388888888 0.1381510416666667 0.16697048611111098
0 0.4495442708333333 0.5472005208333334 0.1161892361111111 0.1118489583333333
0 0.2748263888888889 0.42107204861111114 0.1161892361111111 0.1118489583333333