0 0.7838179976851851 0.16573350694444444 0.16644965277777768 0.17348090277777783
0 0.40577980324074076 0.3124782986111111 0.13700810185185186 0.1689236111111111
0 0.9206090856481481 0.7239800347222223 0.14171006944444442 0.13780381944444464
0 0.2431640625 0.8221137152777778 0.16087962962962965 0.12847222222222232
0 0.8217230902777778 0.6095703125 0.09953703703703698 0.10564236111111125
0 0.8907335069444444 0.8394314236111111 0.11349826388888884 0.11375868055555549
0 0.7351707175925926 0.9555772569444445 0.17144097222222232 0.08884548611111098
0 0.6659794560185185 0.09286024305555556 0.13787615740740744 0.13967013888888888
0 0.6667028356481481 0.8237196180555556 0.19364872685185186 0.17018229166666665
0 0.0804759837962963 0.5394314236111111 0.12782118055555555 0.18433159722222214
0 0.06904658564814815 0.28352864583333337 0.12188946759259259 0.12955729166666674
0 0.07566550925925926 0.09340277777777778 0.14916087962962962 0.12821180555555556
0 0.510669849537037 0.062087673611111116 0.22837094907407396 0.10655381944444445
0 0.9349681712962963 0.3653428819444444 0.13006365740740744 0.1748697916666666
0 0.5562065972222222 0.3431423611111111 0.09143518518518512 0.09765625
0 0.7110821759259259 0.5202690972222223 0.14272280092592582 0.16514756944444442
0 0.21983506944444445 0.2712673611111111 0.1599392361111111 0.1557725694444445
0 0.45229311342592593 0.9571072048611111 0.12065972222222232 0.08578559027777777
0 0.9248408564814815 0.17960069444444443 0.1283998842592593 0.19995659722222225
0 0.23451967592592593 0.9312065972222222 0.11291956018518523 0.09813368055555549
0 0.38849103009259256 0.5570095486111111 0.0932436342592593 0.09379340277777759
0 0.17212818287037038 0.4585286458333333 0.13071469907407407 0.10438368055555558
0 0.5981626157407407 0.5275173611111111 0.08543113425925908 0.09361979166666656
0 0.8292824074074074 0.2867621527777778 0.08072916666666652 0.07204861111111116
0 0.7093460648148149 0.3153211805555556 0.1299189814814814 0.13559027777777777
0 0.35774739583333337 0.7017144097222222 0.14040798611111116 0.10264756944444442
0 0.29799623842592593 0.5901258680555556 0.12138310185185186 0.11588541666666674
0 0.43091724537037035 0.8331163194444444 0.13324652777777768 0.17274305555555558
0 0.2099609375 0.37350260416666664 0.09157986111111116 0.1015625
0 0.5058232060185185 0.24737413194444446 0.11631944444444442 0.08454861111111112
0 0.1746238425925926 0.683984375 0.23625578703703703 0.21406250000000004
0 0.23661747685185186 0.09210069444444444 0.2007378472222222 0.1508246527777778
0 0.9182581018518519 0.5602647569444444 0.16348379629629628 0.20907118055555562
0 0.5608362268518519 0.7052517361111111 0.11581307870370372 0.1235677083333333
0 0.6859447337962963 0.6582682291666666 0.15386284722222232 0.14978298611111107
0 0.12879774305555555 0.9731553819444445 0.09772858796296297 0.05368923611111098