0 0.4892578125 0.7236328125 0.1337890625 0.166015625
0 0.8310546875 0.6708984375 0.14453125 0.1787109375
0 0.072265625 0.7802734375 0.142578125 0.1162109375
0 0.09765625 0.23828125 0.1494140625 0.14453125
0 0.23828125 0.208984375 0.1513671875 0.1650390625
0 0.736328125 0.826171875 0.1533203125 0.1572265625
0 0.5517578125 0.044921875 0.1474609375 0.0888671875
0 0.0966796875 0.931640625 0.1455078125 0.134765625
0 0.591796875 0.810546875 0.1435546875 0.1318359375
0 0.966796875 0.7763671875 0.064453125 0.1865234375
0 0.9013671875 0.0634765625 0.154296875 0.126953125
0 0.5400390625 0.2353515625 0.271484375 0.267578125
0 0.443359375 0.4453125 0.150390625 0.1552734375
0 0.28125 0.5244140625 0.1552734375 0.1435546875
0 0.7685546875 0.3271484375 0.169921875 0.169921875
0 0.6767578125 0.654296875 0.1669921875 0.1435546875
0 0.8818359375 0.880859375 0.130859375 0.1767578125
0 0.3935546875 0.8466796875 0.16015625 0.158203125
0 0.1171875 0.6279296875 0.2265625 0.181640625
0 0.068359375 0.4296875 0.1357421875 0.14453125
0 0.119140625 0.0927734375 0.1435546875 0.1357421875