0 0.6316840277777778 0.7497468171296297 0.19597800925925934 0.22258391203703698
0 0.2659505208333333 0.7634910300925926 0.21252893518518523 0.23936631944444442
0 0.9908203125 0.7254412615740741 0.018359374999999956 0.150390625
0 0.8497106481481481 0.1630859375 0.17494212962962963 0.1957465277777778
0 0.71328125 0.1578414351851852 0.21562499999999996 0.22598379629629634
0 0.41456163194444445 0.899341724537037 0.2133246527777778 0.20131655092592604
0 0.3464699074074074 0.07136140046296297 0.1689236111111111 0.09418402777777779
0 0.5556785300925926 0.8617621527777778 0.19401041666666652 0.18938078703703698
0 0.16996527777777778 0.8959056712962963 0.11969039351851851 0.20818865740740744
0 0.047750289351851855 0.16590711805555555 0.08369502314814814 0.1325954861111111
0 0.41519097222222223 0.24660011574074076 0.37434895833333326 0.37774884259259256
0 0.5836443865740741 0.4476996527777778 0.21114004629629646 0.21592881944444442
0 0.7762731481481482 0.4989149305555556 0.21056134259259274 0.20616319444444442
0 0.21362847222222223 0.3891782407407407 0.23585069444444445 0.23914930555555558
0 0.4166594328703704 0.7143735532407407 0.22446469907407407 0.21108217592592604
0 0.28194444444444444 0.9395616319444444 0.19134837962962958 0.12087673611111116
0 0.7695384837962963 0.8610749421296295 0.2212528935185185 0.22251157407407396
0 0.9139178240740741 0.5766059027777778 0.17216435185185186 0.25274884259259256
0 0.9334092881944445 0.3618706597222222 0.13318142361111107 0.1811342592592593
0 0.7980324074074074 0.07855902777777779 0.17418981481481488 0.05179398148148148