0 0.9686053240740741 0.1874782986111111 0.06278935185185186 0.11870659722222221
0 0.5074363425925926 0.8881944444444445 0.1172019675925926 0.1157552083333333
0 0.5559895833333333 0.5829861111111111 0.09696180555555545 0.10164930555555562
0 0.6274522569444445 0.7572265625 0.10231481481481497 0.09201388888888884
0 0.4507740162037037 0.3221571180555556 0.11504629629629637 0.11180555555555549
0 0.15991753472222223 0.9019314236111111 0.13097511574074072 0.11801215277777777
0 0.15054976851851853 0.4578993055555555 0.1113425925925926 0.11562499999999998
0 0.6983072916666666 0.919748263888889 0.08658854166666652 0.08971354166666679
0 0.9533528645833333 0.8728298611111112 0.0932942708333333 0.10759548611111125
0 0.29761284722222225 0.7733072916666667 0.11996527777777777 0.13142361111111112
0 0.11773003472222222 0.29524739583333337 0.08227719907407408 0.08181423611111116
0 0.5936993634259259 0.9340060763888889 0.09655671296296298 0.09383680555555562
0 0.34246961805555554 0.9235460069444444 0.10652488425925921 0.09796006944444446
0 0.450072337962963 0.49674479166666663 0.09686053240740744 0.09969618055555562
0 0.7569733796296296 0.9580620659722222 0.09234664351851851 0.08387586805555558
0 0.14650607638888888 0.17298177083333333 0.07826967592592593 0.07977430555555554
0 0.24462528935185185 0.3722005208333333 0.09460358796296298 0.09379340277777781
0 0.9033275462962963 0.7350694444444444 0.08463541666666674 0.08967013888888897
0 0.938404224537037 0.24520399305555557 0.08668981481481497 0.09166666666666667
0 0.5693721064814814 0.42721354166666664 0.09254918981481497 0.091796875
0 0.9740740740740741 0.6383246527777777 0.051851851851851816 0.07178819444444429
0 0.17163628472222223 0.6388237847222222 0.11093749999999997 0.10781250000000009
0 0.13783998842592593 0.08109809027777778 0.10726273148148147 0.07456597222222222
0 0.3939453125 0.03509114583333334 0.06523437499999996 0.054123263888888884
0 0.46205873842592593 0.08830295138888888 0.08321759259259265 0.06232638888888889
0 0.6792534722222222 0.17604166666666665 0.06419270833333335 0.07165798611111107
0 0.6722728587962963 0.0978515625 0.08854166666666674 0.08975694444444446
0 0.6032407407407407 0.49722222222222223 0.07180266203703711 0.0679253472222221
0 0.8851273148148149 0.478125 0.0863859953703705 0.08580729166666656
0 0.5535662615740741 0.19763454861111113 0.08483796296296298 0.09357638888888886
0 0.8366825810185186 0.18344184027777777 0.08382523148148158 0.07404513888888886
0 0.8711588541666666 0.2651692708333333 0.09019097222222205 0.08394097222222219
0 0.9604021990740741 0.10529513888888889 0.07919560185185182 0.060416666666666674
0 0.8703920717592593 0.8523654513888889 0.07581018518518512 0.06996527777777772
0 0.2058738425925926 0.03871527777777777 0.07971643518518517 0.07005208333333333
0 0.310206886574074 0.11321614583333334 0.07776331018518512 0.07000868055555554
0 0.7927300347222221 0.25757378472222225 0.09440104166666652 0.08988715277777781