0 0.5045789930555555 0.15985243055555556 0.22391493055555567 0.22006655092592592
0 0.21146556712962963 0.03341290509259259 0.20988136574074073 0.06364293981481481
0 0.7000940393518519 0.41280381944444444 0.2695601851851852 0.2695601851851852
0 0.12262008101851851 0.09656394675925926 0.14147858796296298 0.19150752314814815
0 0.7043547453703703 0.850462962962963 0.19415509259259256 0.18838252314814818
0 0.1035083912037037 0.5954137731481481 0.17278645833333334 0.19587673611111112
0 0.22003038194444444 0.6420717592592593 0.19246238425925927 0.20593171296296298
0 0.4750434027777778 0.37332899305555556 0.22546296296296298 0.19275173611111107
0 0.6600549768518518 0.6759403935185185 0.20467303240740753 0.239308449074074
0 0.9152560763888888 0.6582320601851852 0.15176504629629628 0.22680844907407405
0 0.9167896412037037 0.2909866898148148 0.16127025462962963 0.2093750000000001
0 0.8519531250000001 0.11811342592592593 0.20104166666666679 0.12599826388888888
0 0.3550853587962963 0.8846354166666667 0.2476128472222222 0.23072916666666665
0 0.6862340856481481 0.1615668402777778 0.2079427083333334 0.19639756944444442
0 0.9541160300925926 0.14502314814814815 0.08956886574074074 0.11458333333333331
0 0.7656901041666666 0.07288049768518519 0.09648437500000018 0.054152199074074064
0 0.571484375 0.06121238425925926 0.3218749999999999 0.11021412037037037
0 0.29231770833333337 0.18015046296296297 0.3291666666666666 0.33878761574074073
0 0.49869791666666663 0.49089265046296293 0.20596064814814818 0.1944155092592592
0 0.11467737268518519 0.36896701388888886 0.14305555555555555 0.16614583333333344
0 0.02777054398148148 0.7162977430555555 0.05554108796296296 0.22947048611111098
0 0.12524956597222223 0.8935980902777778 0.25049913194444445 0.14050925925925917
0 0.5174117476851852 0.8760199652777778 0.19593460648148153 0.1766927083333334
0 0.5171440972222222 0.9555772569444445 0.1381365740740741 0.08884548611111098
0 0.6686125578703703 0.9494791666666667 0.24185474537037033 0.1010416666666667
0 0.7995153356481481 0.9475766782407408 0.22631655092592595 0.10484664351851847
0 0.8142288773148147 0.7524594907407407 0.2143807870370371 0.23554687499999982
0 0.8201678240740741 0.5493778935185185 0.16436631944444446 0.15474537037037028
0 0.8813585069444445 0.4408854166666667 0.22721354166666652 0.17910879629629628
0 0.31080729166666665 0.3826171875 0.18206018518518519 0.16281828703703705
0 0.48423032407407407 0.6762659143518519 0.24448784722222228 0.29066840277777795
0 0.35108506944444445 0.6967592592592593 0.21860532407407407 0.25708912037037024
0 0.051106770833333336 0.4773582175925926 0.10221354166666667 0.25159143518518523
0 0.5125217013888889 0.28304398148148147 0.24231770833333344 0.14418402777777772