0 0.05078125 0.08203125 0.0947265625 0.10546875
0 0.33203125 0.2275390625 0.0859375 0.083984375
0 0.8212890625 0.5869140625 0.078125 0.0732421875
0 0.0537109375 0.365234375 0.1064453125 0.107421875
0 0.951171875 0.6103515625 0.0859375 0.091796875
0 0.77734375 0.357421875 0.109375 0.109375
0 0.55859375 0.50390625 0.0986328125 0.1025390625
0 0.7392578125 0.94921875 0.091796875 0.0927734375
0 0.5859375 0.2822265625 0.0908203125 0.099609375
0 0.6533203125 0.822265625 0.099609375 0.0986328125
0 0.751953125 0.515625 0.0947265625 0.09765625
0 0.8505859375 0.4306640625 0.0966796875 0.1015625
0 0.7353515625 0.1064453125 0.099609375 0.1025390625
0 0.8310546875 0.115234375 0.087890625 0.0869140625
0 0.1328125 0.3310546875 0.083984375 0.0986328125
0 0.78515625 0.8740234375 0.0810546875 0.0810546875
0 0.2451171875 0.2548828125 0.1025390625 0.0966796875
0 0.943359375 0.7529296875 0.0908203125 0.0869140625
0 0.2958984375 0.8603515625 0.1015625 0.091796875
0 0.13671875 0.05859375 0.0859375 0.099609375
0 0.7412109375 0.796875 0.09765625 0.099609375
0 0.8310546875 0.9404296875 0.09765625 0.0947265625
0 0.1826171875 0.6513671875 0.09375 0.0927734375
0 0.2294921875 0.1240234375 0.083984375 0.091796875
0 0.3681640625 0.818359375 0.078125 0.0810546875
0 0.921875 0.287109375 0.111328125 0.109375
0 0.4013671875 0.2783203125 0.0810546875 0.0859375
0 0.8603515625 0.8505859375 0.0771484375 0.0849609375
0 0.9140625 0.8271484375 0.0595703125 0.0654296875
0 0.400390625 0.9521484375 0.0810546875 0.08984375
0 0.2353515625 0.787109375 0.1044921875 0.111328125
0 0.9033203125 0.490234375 0.080078125 0.087890625
0 0.2236328125 0.05078125 0.1083984375 0.1015625
0 0.3095703125 0.3740234375 0.1083984375 0.103515625
0 0.212890625 0.3427734375 0.087890625 0.083984375
0 0.6689453125 0.494140625 0.1123046875 0.109375
0 0.4423828125 0.220703125 0.0966796875 0.09375
0 0.4833984375 0.298828125 0.0810546875 0.0888671875
0 0.279296875 0.1845703125 0.076171875 0.0712890625
0 0.064453125 0.9619140625 0.09375 0.076171875
0 0.6728515625 0.94921875 0.0751953125 0.0859375
0 0.041015625 0.669921875 0.08203125 0.091796875
0 0.3154296875 0.0244140625 0.10546875 0.0478515625
0 0.0341796875 0.451171875 0.068359375 0.0751953125
0 0.712890625 0.888671875 0.076171875 0.0791015625
0 0.3662109375 0.138671875 0.119140625 0.109375
0 0.421875 0.0673828125 0.0849609375 0.0908203125
0 0.0234375 0.884765625 0.044921875 0.119140625
0 0.03125 0.2431640625 0.0615234375 0.1181640625
0 0.138671875 0.181640625 0.0947265625 0.103515625
0 0.7021484375 0.626953125 0.0986328125 0.1015625
0 0.9697265625 0.865234375 0.060546875 0.080078125
0 0.3271484375 0.9609375 0.0830078125 0.078125
0 0.6650390625 0.7490234375 0.07421875 0.0732421875
0 0.392578125 0.4287109375 0.0869140625 0.099609375
0 0.5341796875 0.3525390625 0.0908203125 0.0888671875
0 0.1875 0.9365234375 0.0703125 0.0849609375
0 0.9775390625 0.25 0.044921875 0.1103515625
0 0.876953125 0.5625 0.0693359375 0.0771484375
0 0.1142578125 0.4423828125 0.0732421875 0.080078125
0 0.5576171875 0.2060546875 0.0791015625 0.0771484375
0 0.0576171875 0.814453125 0.0869140625 0.083984375
0 0.7353515625 0.2890625 0.0791015625 0.119140625
0 0.587890625 0.6630859375 0.0986328125 0.1123046875
0 0.2607421875 0.6669921875 0.083984375 0.064453125
0 0.56640625 0.87890625 0.0849609375 0.09375
0 0.12109375 0.8740234375 0.0859375 0.08984375