0 0.51953125 0.20703125 0.1748046875 0.169921875
0 0.81640625 0.08203125 0.177734375 0.16015625
0 0.294921875 0.400390625 0.2099609375 0.2099609375
0 0.91796875 0.2021484375 0.16015625 0.205078125
0 0.208984375 0.794921875 0.15234375 0.14453125
0 0.7998046875 0.6787109375 0.1298828125 0.1572265625
0 0.6865234375 0.69921875 0.1474609375 0.162109375
0 0.505859375 0.40625 0.1826171875 0.142578125
0 0.28125 0.646484375 0.15234375 0.1923828125
0 0.052734375 0.5810546875 0.10546875 0.1923828125
0 0.09765625 0.244140625 0.169921875 0.162109375
0 0.2138671875 0.072265625 0.1728515625 0.14453125
0 0.517578125 0.90234375 0.1953125 0.1953125
0 0.35546875 0.1748046875 0.1640625 0.1513671875
0 0.08984375 0.07421875 0.1220703125 0.1435546875
0 0.30078125 0.048828125 0.08203125 0.09765625
0 0.4794921875 0.0634765625 0.291015625 0.126953125
0 0.6787109375 0.0458984375 0.130859375 0.091796875
0 0.708984375 0.2666015625 0.25390625 0.2646484375
0 0.4619140625 0.5087890625 0.1630859375 0.1474609375
0 0.833984375 0.4716796875 0.1064453125 0.134765625
0 0.919921875 0.8115234375 0.16015625 0.197265625
0 0.728515625 0.9521484375 0.2265625 0.095703125
0 0.373046875 0.853515625 0.1552734375 0.1337890625
0 0.3564453125 0.9482421875 0.111328125 0.1025390625
0 0.21484375 0.93359375 0.2021484375 0.1328125
0 0.0927734375 0.916015625 0.185546875 0.1572265625
0 0.126953125 0.685546875 0.1630859375 0.1865234375
0 0.1611328125 0.5009765625 0.1298828125 0.1171875
0 0.1220703125 0.3916015625 0.1923828125 0.12890625
0 0.6533203125 0.4462890625 0.14453125 0.123046875
0 0.4404296875 0.6796875 0.1806640625 0.2353515625
0 0.5576171875 0.7236328125 0.1630859375 0.2080078125
0 0.921875 0.583984375 0.15625 0.21875
0 0.4892578125 0.318359375 0.2080078125 0.091796875