0 0.5615234375 0.2890625 0.0673828125 0.068359375
0 0.251953125 0.45703125 0.091796875 0.08984375
0 0.5927734375 0.359375 0.068359375 0.0732421875
0 0.48046875 0.6396484375 0.1484375 0.171875
0 0.1640625 0.482421875 0.10546875 0.1103515625
0 0.5947265625 0.15234375 0.10546875 0.1015625
0 0.93359375 0.2197265625 0.1005859375 0.091796875
0 0.9560546875 0.4423828125 0.0791015625 0.0810546875
0 0.654296875 0.7041015625 0.15234375 0.1533203125
0 0.7119140625 0.2421875 0.076171875 0.080078125
0 0.2724609375 0.302734375 0.0732421875 0.0947265625
0 0.775390625 0.3662109375 0.08984375 0.09765625
0 0.193359375 0.921875 0.103515625 0.107421875
0 0.2001953125 0.4775390625 0.125 0.115234375
0 0.12890625 0.24609375 0.087890625 0.0869140625
0 0.4423828125 0.5400390625 0.080078125 0.080078125
0 0.3056640625 0.7236328125 0.078125 0.078125
0 0.2080078125 0.7431640625 0.095703125 0.0751953125
0 0.7626953125 0.1337890625 0.0888671875 0.0888671875
0 0.025390625 0.7802734375 0.0498046875 0.119140625
0 0.03125 0.890625 0.0595703125 0.134765625
0 0.361328125 0.859375 0.087890625 0.0849609375
0 0.65625 0.89453125 0.203125 0.2099609375
0 0.6376953125 0.40625 0.072265625 0.0791015625
0 0.578125 0.32421875 0.078125 0.1083984375
0 0.974609375 0.6259765625 0.0498046875 0.0771484375
0 0.037109375 0.435546875 0.0732421875 0.1533203125
0 0.9248046875 0.583984375 0.07421875 0.0791015625
0 0.6865234375 0.3564453125 0.072265625 0.07421875
0 0.744140625 0.02734375 0.1689453125 0.0546875
0 0.04296875 0.068359375 0.0849609375 0.111328125
0 0.1533203125 0.0537109375 0.1103515625 0.1025390625
0 0.9482421875 0.080078125 0.1025390625 0.1103515625
0 0.068359375 0.9560546875 0.109375 0.087890625
0 0.6796875 0.185546875 0.056640625 0.0634765625
0 0.7958984375 0.0810546875 0.068359375 0.072265625
0 0.6337890625 0.2841796875 0.0869140625 0.0947265625
0 0.44140625 0.97265625 0.1533203125 0.0537109375
0 0.677734375 0.451171875 0.056640625 0.0537109375
0 0.150390625 0.1533203125 0.09375 0.107421875
0 0.087890625 0.583984375 0.0830078125 0.08984375
0 0.3291015625 0.61328125 0.0908203125 0.087890625
0 0.0986328125 0.34765625 0.095703125 0.1064453125
0 0.818359375 0.7490234375 0.1640625 0.169921875
0 0.1103515625 0.8427734375 0.1220703125 0.1357421875
0 0.830078125 0.2861328125 0.107421875 0.1025390625
0 0.3369140625 0.5 0.0966796875 0.1416015625
0 0.5556640625 0.56640625 0.08984375 0.0888671875
0 0.74609375 0.4833984375 0.08984375 0.087890625