0 0.023401331018518517 0.11263020833333333 0.046802662037037035 0.12239583333333334
0 0.29701967592592593 0.21302083333333333 0.10517939814814814 0.10442708333333339
0 0.8402054398148149 0.48658854166666665 0.09302662037037024 0.09192708333333344
0 0.040473090277777776 0.405078125 0.08094618055555555 0.13124999999999998
0 0.9522569444444444 0.4859375 0.05844907407407396 0.10520833333333335
0 0.7735821759259259 0.26015625 0.13360821759259256 0.13554687499999996
0 0.5589192708333334 0.4537109375 0.1196469907407407 0.12682291666666656
0 0.78515625 0.8682291666666666 0.1088686342592593 0.09882812499999982
0 0.5665870949074074 0.22037760416666666 0.11168981481481488 0.12239583333333331
0 0.6858000578703703 0.7628255208333333 0.12145543981481488 0.123046875
0 0.7615379050925926 0.4275390625 0.11552372685185186 0.12070312500000002
0 0.8570601851851851 0.3208333333333333 0.11762152777777768 0.12473958333333335
0 0.7068504050925926 0.0359375 0.12145543981481488 0.071875
0 0.8085575810185186 0.026920572916666666 0.10532407407407396 0.05384114583333333
0 0.09776475694444445 0.3587890625 0.10380497685185186 0.11992187499999996
0 0.8279803240740741 0.7903645833333333 0.09722222222222232 0.10000000000000009
0 0.20959924768518517 0.2587890625 0.12333622685185186 0.12122395833333333
0 0.9515335648148149 0.6369791666666667 0.04861111111111116 0.10260416666666661
0 0.3154296875 0.8732421875 0.12116608796296302 0.115234375
0 0.07769097222222222 0.08541666666666667 0.1031539351851852 0.10234375000000001
0 0.7751012731481481 0.7188802083333334 0.11950231481481488 0.12291666666666679
0 0.8814742476851851 0.8452473958333333 0.1171151620370372 0.11106770833333335
0 0.17939814814814814 0.6796875 0.11342592592592593 0.1166666666666667
0 0.18138744212962962 0.12623697916666665 0.103515625 0.11210937499999996
0 0.3876953125 0.8158203125000001 0.09331597222222221 0.09973958333333321
0 0.9088541666666666 0.15859375 0.12188946759259256 0.134765625
0 0.3735170717592593 0.2517578125 0.09939236111111116 0.1059895833333333
0 0.9053819444444444 0.7520833333333333 0.09346064814814814 0.10364583333333344
0 0.9466145833333334 0.7171875 0.05164930555555558 0.07942708333333326
0 0.4321108217592593 0.9317057291666667 0.09454571759259256 0.08033854166666665
0 0.24573206018518517 0.8087239583333333 0.12782118055555558 0.1371093750000001
0 0.9175347222222223 0.37135416666666665 0.09751157407407396 0.10781250000000009
0 0.16905381944444445 0.06471354166666667 0.12644675925925924 0.1
0 0.28638599537037035 0.3686197916666667 0.13143807870370372 0.12955729166666674
0 0.18359375 0.3559895833333333 0.1072048611111111 0.10651041666666661
0 0.6731047453703703 0.4217447916666667 0.13563368055555558 0.1376302083333334
0 0.4120732060185185 0.18391927083333331 0.11537905092592582 0.11679687500000002
0 0.46100983796296297 0.256640625 0.09953703703703709 0.1098958333333333
0 0.2378833912037037 0.17897135416666665 0.09100115740740738 0.08984375
0 0.08239293981481481 0.9842447916666667 0.10604745370370369 0.022656250000000044
0 0.7154224537037037 0.88359375 0.09309895833333348 0.09388020833333321
0 0.040708188657407406 0.7243489583333333 0.08141637731481481 0.111328125
0 0.2622974537037037 0.020930989583333334 0.11465567129629628 0.04186197916666667
0 0.023726851851851853 0.4998046875 0.047453703703703706 0.09023437499999998
0 0.753833912037037 0.8196614583333333 0.09324363425925908 0.09778645833333321
0 0.32501446759259256 0.11471354166666667 0.14344618055555558 0.13815104166666664
0 0.3748191550925926 0.043294270833333336 0.10337094907407407 0.08658854166666667
0 0.037254050925925916 0.9404947916666666 0.05873842592592593 0.11302083333333313
0 0.011537905092592591 0.28411458333333334 0.023075810185185182 0.13098958333333333
0 0.091796875 0.204296875 0.11574074074074076 0.12656250000000002
0 0.7189308449074074 0.5521484375000001 0.11964699074074092 0.12682291666666679
0 0.3564814814814815 0.9484375 0.09563078703703698 0.05703125000000009
0 0.6915870949074074 0.6854817708333334 0.08912037037037024 0.09166666666666679
0 0.37839988425925924 0.4092447916666667 0.10771122685185186 0.12018229166666661
0 0.5197120949074074 0.30240885416666663 0.109375 0.11250000000000004
0 0.2092013888888889 0.9533854166666667 0.08622685185185186 0.06614583333333335
0 0.8960503472222222 0.4516927083333333 0.08535879629629628 0.09531249999999991
0 0.08850549768518519 0.47727864583333335 0.08933738425925927 0.09752604166666656
0 0.531322337962963 0.14674479166666665 0.09512442129629628 0.09596354166666665
0 0.06318721064814814 0.8715494791666667 0.10517939814814814 0.10442708333333339
0 0.7242476851851851 0.19817708333333334 0.10264756944444464 0.14127604166666663
0 0.6027560763888888 0.6115234375 0.12196180555555536 0.13671875
0 0.26121238425925924 0.680078125 0.09859664351851849 0.0845052083333333
0 0.6001880787037037 0.838671875 0.10358796296296302 0.11406250000000018
0 0.1353443287037037 0.922265625 0.10539641203703703 0.11028645833333339