0 0.8266348379629629 0.4252604166666667 0.2436631944444443 0.22712673611111112
0 0.5518373842592592 0.8642361111111111 0.3125289351851852 0.23993055555555554
0 0.5160734953703704 0.5898003472222222 0.362181712962963 0.37074652777777795
0 0.2050853587962963 0.44407552083333335 0.31115451388888893 0.2885850694444445
0 0.20031105324074075 0.10659722222222223 0.17290219907407406 0.1401909722222222
0 0.8013599537037037 0.6740234375 0.3032407407407407 0.28628472222222223
0 0.9308810763888888 0.5832248263888888 0.13823784722222232 0.2592447916666667
0 0.7329716435185185 0.3178385416666667 0.19681712962962972 0.1880208333333333
0 0.5089988425925926 0.30234375 0.2559895833333332 0.23936631944444442
0 0.3578342013888889 0.18083767361111114 0.25063657407407414 0.24887152777777777
0 0.6935763888888888 0.0892578125 0.18880208333333348 0.178515625
0 0.23789062500000002 0.6236979166666667 0.21375868055555558 0.21410590277777786
0 0.4762369791666667 0.08003472222222222 0.24544270833333337 0.16006944444444443
0 0.8507523148148148 0.21080729166666665 0.22770543981481484 0.2575954861111111
0 0.15171440972222222 0.33975694444444443 0.221166087962963 0.20664062500000002
0 0.08530815972222223 0.21056857638888887 0.16109664351851852 0.25073784722222225
0 0.3031828703703704 0.7314019097222222 0.2798321759259259 0.24822048611111125
0 0.6050057870370371 0.17180989583333334 0.1380497685185187 0.1444878472222222
0 0.22553530092592594 0.9139756944444444 0.17216435185185186 0.1635416666666667
0 0.3359085648148148 0.9472439236111111 0.18579282407407405 0.08815104166666665
0 0.8617404513888889 0.819140625 0.12120949074074083 0.12035590277777786
0 0.7530960648148148 0.8758463541666666 0.141550925925926 0.13684895833333321