0 0.6640625 0.208984375 0.2724609375 0.2529296875
0 0.1103515625 0.6103515625 0.115234375 0.134765625
0 0.59765625 0.8486328125 0.1396484375 0.1123046875
0 0.0625 0.1533203125 0.125 0.1572265625
0 0.0859375 0.3310546875 0.111328125 0.1123046875
0 0.7578125 0.0498046875 0.1845703125 0.099609375
0 0.052734375 0.4892578125 0.076171875 0.0712890625
0 0.255859375 0.654296875 0.0654296875 0.0732421875
0 0.0947265625 0.8369140625 0.0810546875 0.064453125
0 0.1484375 0.4765625 0.0732421875 0.0673828125
0 0.12890625 0.9208984375 0.0732421875 0.0732421875
0 0.1181640625 0.423828125 0.0751953125 0.080078125
0 0.1865234375 0.5458984375 0.0732421875 0.0732421875
0 0.9453125 0.8349609375 0.0888671875 0.087890625
0 0.1982421875 0.9296875 0.0751953125 0.0654296875