0 0.80859375 0.782421875 0.203125 0.21801215277777786
0 0.146484375 0.8177083333333334 0.263671875 0.291015625
0 0.6904296875 0.5074001736111111 0.232421875 0.2740017361111111
0 0.44921875 0.9263237847222223 0.22265625 0.11731770833333321
0 0.408203125 0.3461154513888889 0.203125 0.24144965277777775
0 0.419921875 0.6932508680555556 0.1875 0.1684895833333333
0 0.330078125 0.5478298611111112 0.2109375 0.2144531249999999
0 0.61328125 0.07758246527777778 0.2109375 0.15516493055555555
0 0.8525390625 0.5548828125 0.21875 0.2753472222222222
0 0.435546875 0.1652126736111111 0.24609375 0.180859375
0 0.404296875 0.821875 0.181640625 0.18385416666666665
0 0.595703125 0.6854383680555556 0.18359375 0.15855034722222228
0 0.810546875 0.15733506944444445 0.328125 0.29583333333333334
0 0.9833984375 0.23949652777777777 0.033203125 0.20069444444444445
0 0.5615234375 0.4193793402777778 0.228515625 0.23085937499999987
0 0.970703125 0.04963107638888889 0.05859375 0.05924479166666666
0 0.1806640625 0.2341579861111111 0.244140625 0.2588975694444444
0 0.58984375 0.8478081597222222 0.25 0.26306423611111107
0 0.7939453125 0.9139322916666667 0.232421875 0.11189236111111112
0 0.0537109375 0.3726128472222222 0.107421875 0.2703993055555556
0 0.0537109375 0.6411675347222222 0.107421875 0.22547743055555558
0 0.220703125 0.042426215277777776 0.3046875 0.08485243055555555
0 0.9228515625 0.3037109375 0.1484375 0.15308159722222225
0 0.4521484375 0.06041666666666667 0.189453125 0.12083333333333333
0 0.291015625 0.8396050347222221 0.126953125 0.14626736111111116
0 0.20703125 0.4478298611111111 0.185546875 0.20746527777777768
0 0.1572265625 0.6053168402777778 0.12890625 0.13854166666666679