0 0.42161458333333335 0.714720775462963 0.09843749999999996 0.10096932870370368
0 0.5693359375 0.10863715277777777 0.09361979166666656 0.08723958333333331
0 0.25651041666666663 0.22058738425925925 0.09453124999999996 0.10091145833333331
0 0.0171875 0.3853226273148148 0.034375 0.10435474537037037
0 0.34381510416666666 0.03977141203703704 0.09921875000000002 0.07954282407407408
0 0.0062825520833333336 0.6002097800925925 0.012565104166666667 0.08470775462962976
0 0.19687500000000002 0.5297598379629629 0.09010416666666665 0.09304108796296306
0 0.533203125 0.9579427083333334 0.09218750000000009 0.06575520833333348
0 0.07154947916666667 0.024305555555555552 0.08841145833333333 0.03838252314814815
0 0.05364583333333333 0.08415075231481481 0.10729166666666666 0.10904224537037038
0 0.7240885416666667 0.47999855324074076 0.09453124999999996 0.10091145833333337
0 0.8412109375 0.5963107638888889 0.0942708333333333 0.09700520833333348
0 0.9570963541666666 0.04536675347222222 0.07070312500000009 0.09073350694444444
0 0.312109375 0.13293547453703702 0.11015624999999996 0.10114293981481481
0 0.5704427083333333 0.7651982060185185 0.10442708333333339 0.1030092592592593
0 0.04108072916666666 0.3224609375 0.08216145833333333 0.09516782407407409
0 0.9274739583333333 0.6047887731481482 0.06796874999999991 0.082957175925926
0 0.4315755208333333 0.5945746527777778 0.09648437499999996 0.10094039351851847
0 0.06842447916666666 0.9053168402777778 0.10546875 0.08936631944444429
0 0.5261067708333333 0.2009837962962963 0.1040364583333333 0.0971498842592593
0 0.4009765625 0.08771701388888889 0.0834635416666667 0.08123553240740738
0 0.8826822916666667 0.8669126157407407 0.08802083333333344 0.09105902777777786
0 0.055891927083333334 0.04895109953703703 0.11178385416666667 0.08560474537037037
0 0.4586588541666667 0.9785590277777778 0.07799479166666667 0.028472222222222232
0 0.8256510416666667 0.6833695023148147 0.09791666666666665 0.0931568287037039
0 0.814453125 0.9684100115740741 0.09934895833333335 0.02683738425925908
0 0.009375000000000001 0.9739438657407408 0.018750000000000003 0.051880787037037024
0 0.18157552083333334 0.6860821759259259 0.10247395833333334 0.10298032407407409
0 0.6845703125 0.9117983217592592 0.09531249999999991 0.08336226851851847
0 0.8127604166666667 0.07186053240740742 0.0669270833333333 0.06733217592592594
0 0.4617838541666667 0.14144965277777777 0.09843749999999996 0.10096932870370368
0 0.4970052083333333 0.0667824074074074 0.07317708333333339 0.07327835648148148
0 0.13033854166666667 0.3863570601851852 0.08333333333333331 0.07928240740740744
0 0.032486979166666666 0.46987847222222223 0.06497395833333333 0.07925347222222223
0 0.515234375 0.890892650462963 0.08359374999999991 0.08318865740740744
0 0.4903645833333333 0.9712601273148148 0.09257812499999996 0.04234664351851847
0 0.275390625 0.4642071759259259 0.10468750000000004 0.10691550925925919
0 0.03792317708333333 0.6757595486111112 0.07584635416666666 0.0854890046296295
0 0.9370442708333333 0.25635850694444445 0.083984375 0.08904803240740744
0 0.0236328125 0.7443504050925926 0.047265625 0.06767939814814827
0 0.0927734375 0.7742259837962964 0.08372395833333335 0.08514178240740744
0 0.16015625 0.8171296296296295 0.07018229166666667 0.05762442129629619
0 0.38177083333333334 0.46360677083333335 0.07122395833333328 0.07324942129629619
0 0.11751302083333333 0.24215856481481482 0.07760416666666667 0.08114872685185187
0 0.1923828125 0.09958767361111112 0.07851562499999998 0.06555266203703702
0 0.2060546875 0.18718894675925926 0.0815104166666667 0.08120659722222223