0 0.8955078125 0.0703125 0.0771484375 0.080078125
0 0.3310546875 0.1337890625 0.0966796875 0.1005859375
0 0.5244140625 0.0419921875 0.091796875 0.083984375
0 0.8701171875 0.6923828125 0.2001953125 0.1943359375
0 0.1962890625 0.4638671875 0.0966796875 0.08984375
0 0.4423828125 0.4697265625 0.0830078125 0.080078125
0 0.865234375 0.142578125 0.0771484375 0.083984375
0 0.076171875 0.8642578125 0.095703125 0.095703125
0 0.7177734375 0.1875 0.0986328125 0.091796875
0 0.1650390625 0.2548828125 0.0771484375 0.078125
0 0.70703125 0.2685546875 0.0986328125 0.083984375
0 0.6259765625 0.1962890625 0.0791015625 0.07421875
0 0.0439453125 0.56640625 0.0732421875 0.076171875
0 0.7861328125 0.1669921875 0.0712890625 0.0751953125
0 0.1240234375 0.3212890625 0.083984375 0.080078125
0 0.0927734375 0.1201171875 0.1083984375 0.11328125
0 0.2431640625 0.5693359375 0.0927734375 0.0888671875
0 0.509765625 0.23046875 0.1064453125 0.0927734375
0 0.0498046875 0.712890625 0.099609375 0.109375
0 0.3935546875 0.3125 0.08984375 0.0869140625
0 0.7744140625 0.0458984375 0.095703125 0.091796875
0 0.2255859375 0.7802734375 0.1044921875 0.103515625
0 0.447265625 0.0380859375 0.08984375 0.076171875
0 0.310546875 0.908203125 0.095703125 0.09765625
0 0.9580078125 0.125 0.0830078125 0.0908203125
0 0.279296875 0.048828125 0.09765625 0.09375
0 0.173828125 0.396484375 0.072265625 0.0732421875
0 0.134765625 0.544921875 0.0732421875 0.0859375
0 0.51953125 0.12109375 0.08203125 0.0849609375
0 0.2607421875 0.390625 0.0859375 0.087890625
0 0.9482421875 0.0263671875 0.080078125 0.052734375
0 0.1884765625 0.185546875 0.0859375 0.0869140625
0 0.4482421875 0.5634765625 0.0771484375 0.0732421875
0 0.416015625 0.70703125 0.0966796875 0.0966796875
0 0.0244140625 0.3359375 0.048828125 0.08203125
0 0.291015625 0.294921875 0.1005859375 0.1005859375
0 0.1484375 0.677734375 0.076171875 0.076171875
0 0.603515625 0.0625 0.087890625 0.0908203125
0 0.0341796875 0.416015625 0.068359375 0.0869140625
0 0.37890625 0.2353515625 0.09765625 0.1025390625
0 0.3603515625 0.4794921875 0.0966796875 0.09375
0 0.359375 0.3916015625 0.0927734375 0.1083984375
0 0.51953125 0.755859375 0.0771484375 0.08984375
0 0.451171875 0.9609375 0.1044921875 0.0771484375
0 0.2294921875 0.1240234375 0.08203125 0.107421875
0 0.138671875 0.7587890625 0.080078125 0.09375
0 0.5703125 0.3720703125 0.0732421875 0.068359375
0 0.083984375 0.232421875 0.1064453125 0.1103515625
0 0.5244140625 0.48046875 0.0673828125 0.0771484375
0 0.80859375 0.2431640625 0.06640625 0.0712890625
0 0.1640625 0.0380859375 0.0966796875 0.076171875
0 0.361328125 0.8076171875 0.0810546875 0.0859375