0 0.15345052083333333 0.5208260995370371 0.14244791666666667 0.151417824074074
0 0.8823567708333333 0.21411313657407405 0.12031250000000004 0.1113425925925926
0 0.18756510416666666 0.3756438078703704 0.11497395833333335 0.11885127314814814
0 0.428125 0.33459201388888893 0.14179687500000004 0.141652199074074
0 0.1525390625 0.17140480324074073 0.12460937500000002 0.1174045138888889
0 0.2735677083333333 0.3226851851851852 0.17812499999999998 0.1610532407407408
0 0.7154296875 0.3670066550925926 0.12890625 0.12346643518518519
0 0.3880208333333333 0.5359085648148147 0.14661458333333333 0.15552662037037024
0 0.09401041666666667 0.4029079861111111 0.13997395833333334 0.14350405092592589
0 0.46477864583333334 0.22749565972222224 0.12291666666666667 0.12120949074074072
0 0.5301432291666667 0.7992259837962963 0.13411458333333326 0.14320023148148153
0 0.5777994791666667 0.36084346064814815 0.14518229166666652 0.13404224537037035
0 0.6505208333333334 0.19625289351851852 0.15026041666666679 0.15182291666666664
0 0.7861979166666666 0.15852141203703704 0.1498697916666667 0.14596354166666664
0 0.287890625 0.5667245370370371 0.12669270833333335 0.11945891203703707
0 0.7354817708333333 0.6385923032407408 0.10442708333333339 0.10662615740740744
0 0.9291666666666667 0.8432725694444445 0.10260416666666661 0.10847800925925943
0 0.4954427083333333 0.9666015625 0.13072916666666667 0.06679687500000009
0 0.08111979166666666 0.20954861111111112 0.09531250000000002 0.11588541666666663
0 0.5580078125 0.7062717013888888 0.0942708333333333 0.10026041666666652
0 0.0640625 0.05587384259259259 0.04999999999999999 0.10769675925925926
0 0.6640625 0.5599537037037037 0.11445312500000004 0.11103877314814814
0 0.9662760416666667 0.21496672453703705 0.06744791666666661 0.13080150462962964
0 0.13020833333333334 0.3911603009259259 0.18307291666666664 0.14768518518518525
0 0.9502278645833333 0.3948857060185185 0.09954427083333339 0.11053240740740744
0 0.5044270833333333 0.048538773148148154 0.12213541666666661 0.05109953703703704
0 0.24283854166666666 0.1391059027777778 0.12005208333333334 0.1074363425925926
0 0.8753255208333334 0.3568070023148148 0.1186197916666667 0.11514756944444449
0 0.7055338541666667 0.9439670138888889 0.1949218749999999 0.11206597222222214
0 0.34615885416666664 0.637868923611111 0.11705729166666667 0.12090567129629637
0 0.76484375 0.7140769675925926 0.10833333333333339 0.1068287037037039
0 0.17239583333333333 0.016724537037037038 0.09479166666666666 0.020486111111111108
0 0.9380859375 0.29096498842592594 0.11614583333333339 0.10723379629629626
0 0.07311197916666666 0.5273654513888889 0.08346354166666667 0.11332465277777781
0 0.14055989583333334 0.06470630787037038 0.11445312499999999 0.11103877314814814
0 0.8753255208333334 0.12324218750000002 0.10182291666666665 0.09675925925925927
0 0.23352864583333333 0.057848668981481485 0.12330729166666665 0.0978732638888889
0 0.7926432291666667 0.25520109953703707 0.11432291666666661 0.10908564814814814
0 0.9861328125 0.4616681134259259 0.02773437500000009 0.13349247685185184
0 0.3653645833333333 0.15227141203703703 0.1391927083333333 0.13178530092592594
0 0.916796875 0.6869212962962963 0.1020833333333333 0.10066550925925921
0 0.8802734375000001 0.5040147569444444 0.12708333333333321 0.12531828703703707
0 0.23756510416666665 0.22058015046296298 0.13697916666666665 0.12777777777777777
0 0.4291666666666667 0.43780381944444446 0.13411458333333326 0.11400462962962954
0 0.0845703125 0.7138382523148148 0.08085937500000001 0.10345775462962958
0 0.27174479166666665 0.7770688657407407 0.10000000000000009 0.12780671296296298
0 0.5636067708333334 0.5420934606481481 0.12317708333333321 0.12511574074074083
0 0.9748372395833333 0.6257450810185186 0.050325520833333304 0.0883391203703705
0 0.8187500000000001 0.5446180555555555 0.09609375000000009 0.09840856481481497
0 0.4975260416666667 0.13479456018518518 0.1358072916666666 0.13939525462962965
0 0.8446614583333334 0.845703125 0.08749999999999991 0.08628472222222228
0 0.1453125 0.6031249999999999 0.09348958333333335 0.08854166666666652
0 0.8772135416666667 0.7646701388888889 0.08606770833333321 0.09399594907407405