0 0.1435546875 0.7607421875 0.16796875 0.1748046875
0 0.7646484375 0.869140625 0.2177734375 0.23828125
0 0.2958984375 0.515625 0.1875 0.224609375
0 0.4599609375 0.9482421875 0.197265625 0.103515625
0 0.5869140625 0.392578125 0.1650390625 0.1962890625
0 0.5234375 0.71875 0.16015625 0.12890625
0 0.630859375 0.5908203125 0.17578125 0.169921875
0 0.4365234375 0.0908203125 0.1796875 0.17578125
0 0.1357421875 0.5419921875 0.1728515625 0.2275390625
0 0.587890625 0.220703125 0.21484375 0.1298828125
0 0.5185546875 0.8408203125 0.15234375 0.1455078125
0 0.3583984375 0.6923828125 0.1572265625 0.1201171875
0 0.234375 0.173828125 0.2802734375 0.2265625
0 0.0302734375 0.23046875 0.05859375 0.181640625
0 0.4306640625 0.4462890625 0.189453125 0.181640625
0 0.0634765625 0.0341796875 0.126953125 0.0673828125
0 0.818359375 0.3125 0.201171875 0.20703125
0 0.33984375 0.8466796875 0.2060546875 0.2138671875
0 0.1328125 0.919921875 0.201171875 0.12890625
0 0.9423828125 0.45703125 0.115234375 0.24609375
0 0.919921875 0.7119140625 0.16015625 0.197265625
0 0.83203125 0.072265625 0.306640625 0.14453125
0 0.1064453125 0.2978515625 0.1240234375 0.1220703125
0 0.58984375 0.1015625 0.162109375 0.1220703125
0 0.6240234375 0.869140625 0.103515625 0.119140625
0 0.76171875 0.5107421875 0.1513671875 0.16796875
0 0.78515625 0.6640625 0.1064453125 0.1103515625