0 0.7958984375 0.193359375 0.142578125 0.15234375
0 0.412109375 0.3115234375 0.115234375 0.15234375
0 0.861328125 0.740234375 0.1220703125 0.1201171875
0 0.193359375 0.79296875 0.142578125 0.1103515625
0 0.7802734375 0.6240234375 0.0849609375 0.0927734375
0 0.818359375 0.849609375 0.09765625 0.099609375
0 0.6533203125 0.95703125 0.1572265625 0.080078125
0 0.6904296875 0.1162109375 0.119140625 0.1220703125
0 0.603515625 0.8212890625 0.169921875 0.146484375
0 0.0615234375 0.5087890625 0.123046875 0.16796875
0 0.0888671875 0.26171875 0.1064453125 0.1142578125
0 0.0966796875 0.0673828125 0.181640625 0.1298828125
0 0.546875 0.060546875 0.2109375 0.1162109375
0 0.9326171875 0.396484375 0.1337890625 0.158203125
0 0.5546875 0.3505859375 0.078125 0.0869140625
0 0.68359375 0.53125 0.1201171875 0.146484375
0 0.236328125 0.259765625 0.138671875 0.134765625
0 0.37890625 0.94140625 0.1064453125 0.08203125
0 0.9384765625 0.21875 0.1142578125 0.181640625
0 0.171875 0.8974609375 0.0986328125 0.083984375
0 0.365234375 0.5458984375 0.0791015625 0.08203125
0 0.1669921875 0.4365234375 0.1171875 0.087890625
0 0.572265625 0.53125 0.0732421875 0.08203125
0 0.8251953125 0.3134765625 0.0703125 0.0615234375
0 0.7060546875 0.33203125 0.1103515625 0.1201171875
0 0.318359375 0.6826171875 0.125 0.0859375
0 0.2744140625 0.572265625 0.1064453125 0.099609375
0 0.3740234375 0.8154296875 0.1103515625 0.1552734375
0 0.21484375 0.357421875 0.078125 0.08984375
0 0.517578125 0.255859375 0.1025390625 0.0712890625
0 0.1435546875 0.6552734375 0.205078125 0.1845703125
0 0.2763671875 0.076171875 0.181640625 0.15234375
0 0.90625 0.5849609375 0.1865234375 0.1845703125
0 0.515625 0.69921875 0.099609375 0.1103515625
0 0.642578125 0.662109375 0.1328125 0.130859375
0 0.0634765625 0.955078125 0.0849609375 0.087890625