0 0.3857421875 0.3740234375 0.0673828125 0.0673828125
0 0.3583984375 0.470703125 0.1015625 0.109375
0 0.123046875 0.3095703125 0.1005859375 0.1083984375
0 0.4931640625 0.3720703125 0.0771484375 0.0830078125
0 0.4384765625 0.2099609375 0.087890625 0.091796875
0 0.876953125 0.640625 0.0810546875 0.0771484375
0 0.9306640625 0.955078125 0.10546875 0.0888671875
0 0.4404296875 0.3056640625 0.091796875 0.087890625
0 0.796875 0.71484375 0.0869140625 0.0927734375
0 0.2421875 0.3203125 0.10546875 0.109375
0 0.4208984375 0.7900390625 0.09765625 0.0927734375
0 0.5947265625 0.529296875 0.095703125 0.09375
0 0.19921875 0.578125 0.0908203125 0.103515625
0 0.51171875 0.5546875 0.0771484375 0.0859375
0 0.8955078125 0.4482421875 0.099609375 0.103515625
0 0.7509765625 0.2490234375 0.0986328125 0.10546875
0 0.2509765625 0.697265625 0.111328125 0.1201171875
0 0.9697265625 0.869140625 0.060546875 0.0869140625
0 0.67578125 0.8662109375 0.1025390625 0.0947265625
0 0.61328125 0.640625 0.0849609375 0.083984375
0 0.61328125 0.43359375 0.083984375 0.08984375
0 0.044921875 0.44921875 0.08203125 0.0908203125
0 0.27734375 0.529296875 0.0947265625 0.10546875
0 0.3759765625 0.365234375 0.0966796875 0.0947265625
0 0.931640625 0.064453125 0.1044921875 0.10546875
0 0.3623046875 0.28125 0.103515625 0.1044921875
0 0.96875 0.6416015625 0.0625 0.0927734375
0 0.033203125 0.3466796875 0.06640625 0.11328125
0 0.2890625 0.39453125 0.056640625 0.068359375
0 0.953125 0.5595703125 0.0927734375 0.1015625
0 0.8271484375 0.40625 0.103515625 0.1083984375
0 0.6923828125 0.787109375 0.0947265625 0.095703125
0 0.482421875 0.62890625 0.0849609375 0.0888671875
0 0.4267578125 0.4306640625 0.07421875 0.0771484375
0 0.9033203125 0.19140625 0.107421875 0.1044921875
0 0.4326171875 0.0859375 0.107421875 0.1162109375
0 0.318359375 0.76171875 0.0966796875 0.095703125
0 0.5234375 0.208984375 0.095703125 0.0986328125
0 0.5732421875 0.0888671875 0.0947265625 0.0908203125
0 0.0322265625 0.77734375 0.064453125 0.1025390625
0 0.7607421875 0.9716796875 0.103515625 0.056640625
0 0.9091796875 0.3388671875 0.072265625 0.0751953125
0 0.544921875 0.9501953125 0.068359375 0.072265625
0 0.0478515625 0.9482421875 0.0947265625 0.1015625
0 0.6767578125 0.4912109375 0.0810546875 0.0888671875
0 0.5126953125 0.0361328125 0.076171875 0.072265625
0 0.9365234375 0.759765625 0.1220703125 0.12109375
0 0.669921875 0.080078125 0.0703125 0.064453125
0 0.478515625 0.86328125 0.07421875 0.0908203125
0 0.4482421875 0.955078125 0.068359375 0.07421875
0 0.4521484375 0.478515625 0.0830078125 0.083984375
0 0.5126953125 0.767578125 0.0830078125 0.0869140625
0 0.7333984375 0.125 0.080078125 0.0712890625
0 0.7890625 0.0859375 0.076171875 0.0732421875
0 0.12109375 0.748046875 0.10546875 0.1083984375
0 0.1513671875 0.4775390625 0.0791015625 0.06640625
0 0.1259765625 0.5517578125 0.0703125 0.060546875