0 0.1328125 0.5458984375 0.1171875 0.130859375
0 0.830078125 0.1318359375 0.1025390625 0.09375
0 0.1611328125 0.3974609375 0.095703125 0.1015625
0 0.3935546875 0.3203125 0.1181640625 0.119140625
0 0.1181640625 0.201171875 0.10546875 0.0986328125
0 0.2421875 0.3330078125 0.1513671875 0.134765625
0 0.673828125 0.3076171875 0.109375 0.1025390625
0 0.3623046875 0.525390625 0.12109375 0.1337890625
0 0.0693359375 0.439453125 0.125 0.1240234375
0 0.4248046875 0.2099609375 0.1025390625 0.103515625
0 0.509765625 0.76171875 0.1103515625 0.1220703125
0 0.5400390625 0.3232421875 0.1240234375 0.11328125
0 0.6044921875 0.1494140625 0.125 0.1298828125
0 0.734375 0.0908203125 0.1259765625 0.1220703125
0 0.265625 0.5693359375 0.10546875 0.099609375
0 0.703125 0.5732421875 0.0859375 0.091796875
0 0.8994140625 0.744140625 0.083984375 0.0927734375
0 0.482421875 0.955078125 0.115234375 0.08984375
0 0.0458984375 0.2529296875 0.0888671875 0.103515625
0 0.533203125 0.6669921875 0.078125 0.0849609375
0 0.0234375 0.1015625 0.046875 0.1025390625
0 0.630859375 0.505859375 0.0966796875 0.0927734375
0 0.9453125 0.1181640625 0.1083984375 0.115234375
0 0.10546875 0.4208984375 0.1591796875 0.119140625
0 0.9052734375 0.2998046875 0.087890625 0.0947265625
0 0.45703125 0.0224609375 0.11328125 0.0439453125
0 0.205078125 0.1552734375 0.1025390625 0.08984375
0 0.8291015625 0.2734375 0.099609375 0.0966796875
0 0.6904296875 0.9169921875 0.1669921875 0.1552734375
0 0.3251953125 0.630859375 0.09765625 0.103515625
0 0.7353515625 0.6416015625 0.08984375 0.08984375
0 0.1328125 0.0263671875 0.0888671875 0.0517578125
0 0.8876953125 0.1982421875 0.0986328125 0.08984375
0 0.044921875 0.56640625 0.087890625 0.099609375
0 0.1025390625 0.0986328125 0.095703125 0.09375
0 0.8212890625 0.0439453125 0.0869140625 0.0869140625
0 0.19140625 0.0634765625 0.1044921875 0.1083984375
0 0.744140625 0.185546875 0.0966796875 0.0908203125
0 0.96875 0.357421875 0.0625 0.12109375
0 0.3251953125 0.150390625 0.1171875 0.1103515625
0 0.8818359375 0.591796875 0.0849609375 0.0859375
0 0.8388671875 0.41796875 0.1064453125 0.10546875
0 0.203125 0.236328125 0.1142578125 0.1083984375
0 0.3984375 0.4208984375 0.1142578125 0.0927734375
0 0.068359375 0.7470703125 0.07421875 0.08984375
0 0.2578125 0.779296875 0.0791015625 0.11328125
0 0.5322265625 0.50390625 0.1025390625 0.107421875
0 0.9580078125 0.5224609375 0.078125 0.07421875
0 0.7802734375 0.466796875 0.0791015625 0.083984375
0 0.4521484375 0.1123046875 0.11328125 0.1201171875
0 0.8173828125 0.7587890625 0.072265625 0.0732421875
0 0.12890625 0.62890625 0.0791015625 0.07421875
0 0.8466796875 0.6748046875 0.0712890625 0.08203125