0 0.09192708333333333 0.045876736111111115 0.09348958333333335 0.08668981481481482
0 0.3441840277777778 0.2282913773148148 0.10386284722222228 0.10086805555555556
0 0.7802083333333334 0.6805989583333334 0.09162326388888875 0.08854166666666652
0 0.04997829861111111 0.31867042824074077 0.09995659722222222 0.12420428240740744
0 0.907421875 0.7253689236111112 0.10429687500000018 0.11063368055555545
0 0.7752170138888889 0.4405309606481482 0.13250868055555554 0.13158275462962965
0 0.5276475694444445 0.5490668402777777 0.11848958333333326 0.1230613425925926
0 0.6355251736111112 0.9879340277777777 0.1060329861111109 0.024131944444444553
0 0.5932074652777778 0.329296875 0.11050347222222223 0.11875000000000002
0 0.5693142361111111 0.888917824074074 0.12026909722222223 0.11925636574074083
0 0.7223307291666667 0.5953776041666667 0.11432291666666661 0.11699942129629637
0 0.8369574652777778 0.5269314236111111 0.11644965277777786 0.12100694444444438
0 0.7741970486111112 0.17717737268518519 0.12052951388888888 0.12511574074074072
0 0.871875 0.20377604166666669 0.1059895833333333 0.10487557870370368
0 0.12285156250000001 0.2970775462962963 0.10260416666666666 0.11639178240740744
0 0.6941189236111112 0.9583043981481482 0.09596354166666687 0.08339120370370368
0 0.25067274305555554 0.2400824652777778 0.12213541666666661 0.1174045138888889
0 0.8774305555555555 0.8716145833333333 0.10802951388888893 0.1069299768518519
0 0.1984375 0.8647931134259259 0.12000868055555558 0.11339699074074083
0 0.1713324652777778 0.04314236111111111 0.10264756944444442 0.07352430555555556
0 0.6637152777777777 0.8791304976851851 0.11831597222222223 0.1191550925925926
0 0.7321614583333333 0.9913411458333333 0.11180555555555549 0.017317708333333348
0 0.11968315972222222 0.6326461226851852 0.11219618055555555 0.11299189814814814
0 0.2567057291666667 0.10434027777777778 0.10225694444444444 0.10857928240740741
0 0.28003472222222225 0.834765625 0.09401041666666665 0.09840856481481497
0 0.9280381944444445 0.39364149305555557 0.11892361111111116 0.1328269675925926
0 0.40598958333333335 0.2912037037037037 0.09809027777777779 0.1025173611111111
0 0.77578125 0.9531069155092593 0.09409722222222228 0.0937861689814814
0 0.8351996527777777 0.9408781828703703 0.07165798611111107 0.07776331018518512
0 0.29184027777777777 0.9620840567129629 0.09331597222222221 0.07583188657407414
0 0.15032552083333334 0.780078125 0.1267361111111111 0.1332320601851853
0 0.8808376736111111 0.5967447916666666 0.0962239583333333 0.10436921296296298
0 0.2620659722222222 0.0498046875 0.12821180555555556 0.07874710648148148
0 0.2956814236111111 0.3725983796296296 0.13029513888888888 0.12562210648148153
0 0.2029079861111111 0.32374131944444445 0.10590277777777779 0.10292245370370368
0 0.6417317708333333 0.5588975694444445 0.13454861111111116 0.13363715277777777
0 0.45720486111111114 0.2400245949074074 0.11610243055555558 0.11319444444444449
0 0.48565538194444446 0.32665653935185185 0.09826388888888893 0.1064236111111111
0 0.29761284722222225 0.1749782986111111 0.09153645833333335 0.08658854166666669
0 0.5672526041666667 0.9844111689814815 0.09058159722222214 0.03117766203703698
0 0.009700520833333334 0.6261646412037036 0.019401041666666667 0.10389178240740726
0 0.35872395833333337 0.03328269675925926 0.11458333333333326 0.03517071759259259
0 0.022265624999999997 0.40303819444444444 0.044531249999999994 0.0849681712962963
0 0.6186631944444445 0.9598234953703704 0.09197048611111125 0.08035300925925926
0 0.3939453125 0.1437572337962963 0.14236111111111116 0.13404224537037035
0 0.4623263888888889 0.08074363425925926 0.10225694444444455 0.10857928240740738
0 0.04639756944444444 0.18935908564814816 0.058289930555555564 0.127734375
0 0.15598958333333335 0.1461009837962963 0.11458333333333337 0.12285879629629631
0 0.6531032986111112 0.6994574652777777 0.11840277777777786 0.1211082175925926
0 0.8790581597222222 0.9717447916666666 0.0703125 0.056510416666666785
0 0.2157986111111111 0.9586805555555555 0.0947482638888889 0.07116608796296298
0 0.5940104166666667 0.8177662037037037 0.08771701388888875 0.0883391203703705
0 0.37178819444444444 0.44408275462962965 0.10659722222222223 0.11854745370370368
0 0.5278428819444444 0.3905092592592593 0.10802951388888893 0.1069299768518519
0 0.07562934027777778 0.9191116898148148 0.08619791666666668 0.09800347222222228
0 0.9763454861111112 0.3638454861111111 0.02473958333333348 0.11820023148148151
0 0.8415364583333333 0.6661603009259259 0.083984375 0.09204282407407405
0 0.08563368055555555 0.40771122685185185 0.09001736111111111 0.09625289351851851
0 0.5773220486111111 0.2462528935185185 0.09375 0.0925491898148148
0 0.007335069444444443 0.7746527777777779 0.014670138888888885 0.10008680555555571
0 0.7444227430555556 0.36258680555555556 0.10160590277777781 0.1377748842592592
0 0.5299913194444444 0.7165653935185186 0.12087673611111116 0.13292824074074083
0 0.19570312499999998 0.662037037037037 0.0971354166666667 0.08103298611111098
0 0.47050781249999996 0.9317563657407408 0.10438368055555558 0.11258680555555545
0 0.03509114583333334 0.8476634837962963 0.07018229166666667 0.10662615740740744