0 0.9291883680555555 0.626953125 0.14162326388888902 0.2890625
0 0.18860677083333333 0.181640625 0.3546006944444444 0.3125
0 0.8521267361111111 0.81640625 0.29574652777777777 0.30078125
0 0.7770182291666666 0.4248046875 0.20394965277777777 0.212890625
0 0.7968315972222222 0.2177734375 0.23993055555555554 0.25
0 0.42779947916666666 0.8818359375 0.2392361111111111 0.21875
0 0.6988932291666667 0.556640625 0.24622395833333321 0.26953125
0 0.20540364583333331 0.849609375 0.21150173611111112 0.201171875
0 0.14012586805555557 0.548828125 0.25243055555555555 0.28515625
0 0.5756510416666667 0.328125 0.21384548611111098 0.21875
0 0.39479166666666665 0.4072265625 0.2421875 0.263671875
0 0.5787326388888889 0.9501953125 0.21119791666666665 0.099609375
0 0.32458767361111107 0.9833984375 0.20386284722222214 0.033203125
0 0.9478732638888889 0.4052734375 0.10425347222222214 0.173828125
0 0.39533420138888886 0.7392578125 0.2007812499999999 0.158203125
0 0.9546875 0.24609375 0.07148437500000004 0.228515625
0 0.2175347222222222 0.9560546875 0.17578125 0.087890625
0 0.5882595486111111 0.7197265625 0.17543402777777795 0.16015625
0 0.8996527777777779 0.0107421875 0.04539930555555571 0.021484375
0 0.5012803819444445 0.62890625 0.14392361111111107 0.1484375
0 0.3377604166666667 0.5654296875 0.21345486111111112 0.2890625
0 0.9 0.0703125 0.08650173611111112 0.11328125
0 0.6214409722222223 0.8505859375 0.18146701388888875 0.16796875
0 0.5202907986111112 0.2099609375 0.23702256944444455 0.20703125