0 0.671875 0.322265625 0.1279296875 0.1328125
0 0.0439453125 0.2578125 0.0869140625 0.0927734375
0 0.0703125 0.7548828125 0.111328125 0.12890625
0 0.12109375 0.90625 0.08203125 0.103515625
0 0.728515625 0.1123046875 0.1171875 0.1240234375
0 0.20703125 0.2392578125 0.1015625 0.109375
0 0.330078125 0.7119140625 0.0830078125 0.08203125
0 0.6357421875 0.51171875 0.087890625 0.087890625
0 0.3779296875 0.3076171875 0.1259765625 0.1142578125
0 0.107421875 0.103515625 0.103515625 0.1123046875
0 0.080078125 0.4462890625 0.126953125 0.126953125
0 0.1181640625 0.5595703125 0.1435546875 0.115234375
0 0.85546875 0.4140625 0.091796875 0.08984375
0 0.9423828125 0.1064453125 0.103515625 0.087890625
0 0.1328125 0.029296875 0.1083984375 0.05859375
0 0.8291015625 0.1328125 0.0859375 0.091796875
0 0.3837890625 0.435546875 0.0986328125 0.1044921875
0 0.1142578125 0.2099609375 0.1015625 0.103515625
0 0.8564453125 0.208984375 0.0986328125 0.0927734375
0 0.255859375 0.0244140625 0.1015625 0.048828125
0 0.220703125 0.923828125 0.1103515625 0.0966796875
0 0.341796875 0.541015625 0.1005859375 0.1103515625
0 0.4970703125 0.755859375 0.1142578125 0.1142578125
0 0.6025390625 0.5908203125 0.09375 0.1015625
0 0.0234375 0.1044921875 0.046875 0.1064453125
0 0.5205078125 0.5625 0.0673828125 0.0751953125
0 0.6171875 0.533203125 0.1005859375 0.1298828125
0 0.529296875 0.6748046875 0.0771484375 0.0771484375
0 0.412109375 0.2119140625 0.1318359375 0.111328125
0 0.7265625 0.6396484375 0.103515625 0.1015625
0 0.2880859375 0.419921875 0.1015625 0.095703125
0 0.046875 0.8984375 0.083984375 0.0966796875
0 0.21484375 0.3330078125 0.1123046875 0.111328125
0 0.5126953125 0.1826171875 0.12109375 0.1201171875
0 0.1298828125 0.63671875 0.111328125 0.1044921875
0 0.8486328125 0.51171875 0.095703125 0.1181640625
0 0.5458984375 0.314453125 0.109375 0.11328125
0 0.27734375 0.7744140625 0.0830078125 0.09375
0 0.9130859375 0.3046875 0.083984375 0.0849609375
0 0.505859375 0.0625 0.10546875 0.1044921875
0 0.1875 0.4423828125 0.119140625 0.1103515625
0 0.20703125 0.0888671875 0.0791015625 0.0830078125
0 0.3232421875 0.62890625 0.0908203125 0.09375
0 0.2666015625 0.5751953125 0.0888671875 0.0712890625
0 0.7197265625 0.494140625 0.072265625 0.0771484375
0 0.78515625 0.576171875 0.0693359375 0.0771484375
0 0.904296875 0.7548828125 0.078125 0.08203125