0 0.7021484375 0.330078125 0.07421875 0.0751953125
0 0.12890625 0.6171875 0.1142578125 0.119140625
0 0.4619140625 0.0546875 0.1044921875 0.09375
0 0.873046875 0.154296875 0.1015625 0.0986328125
0 0.6044921875 0.068359375 0.0849609375 0.08984375
0 0.9228515625 0.2138671875 0.0751953125 0.0751953125
0 0.640625 0.6396484375 0.1025390625 0.1240234375
0 0.8056640625 0.4345703125 0.1103515625 0.1103515625
0 0.7421875 0.2529296875 0.0869140625 0.0849609375
0 0.845703125 0.8603515625 0.091796875 0.0966796875
0 0.123046875 0.96484375 0.07421875 0.0693359375
0 0.0556640625 0.912109375 0.08203125 0.0888671875
0 0.8671875 0.05859375 0.1083984375 0.103515625
0 0.9462890625 0.3388671875 0.099609375 0.109375
0 0.0966796875 0.0224609375 0.126953125 0.044921875
0 0.6923828125 0.416015625 0.083984375 0.0859375
0 0.7431640625 0.638671875 0.076171875 0.076171875
0 0.0166015625 0.865234375 0.0322265625 0.0771484375
0 0.1845703125 0.0341796875 0.076171875 0.068359375
0 0.9736328125 0.23828125 0.052734375 0.091796875
0 0.4150390625 0.015625 0.107421875 0.0263671875
0 0.0205078125 0.05078125 0.041015625 0.1015625
0 0.5478515625 0.029296875 0.080078125 0.05859375
0 0.7939453125 0.185546875 0.091796875 0.0888671875
0 0.4912109375 0.947265625 0.109375 0.0927734375
0 0.19921875 0.939453125 0.1064453125 0.1044921875
0 0.1923828125 0.4130859375 0.033203125 0.06640625
0 0.9677734375 0.478515625 0.064453125 0.0576171875
0 0.7197265625 0.115234375 0.09765625 0.095703125
0 0.33984375 0.1494140625 0.0859375 0.080078125
0 0.7451171875 0.9638671875 0.087890625 0.072265625
0 0.498046875 0.779296875 0.07421875 0.080078125
0 0.1142578125 0.7744140625 0.078125 0.080078125
0 0.2236328125 0.8271484375 0.0859375 0.0751953125
0 0.830078125 0.951171875 0.0634765625 0.0693359375
0 0.044921875 0.728515625 0.072265625 0.07421875
0 0.5341796875 0.1396484375 0.076171875 0.0703125