0 0.4140625 0.205078125 0.107421875 0.099609375
0 0.521484375 0.2109375 0.1025390625 0.1025390625
0 0.51953125 0.34375 0.080078125 0.087890625
0 0.4375 0.3271484375 0.099609375 0.099609375
0 0.208984375 0.34765625 0.09765625 0.115234375
0 0.55078125 0.87109375 0.072265625 0.1025390625
0 0.72265625 0.8095703125 0.08984375 0.0947265625
0 0.90625 0.8359375 0.08203125 0.08203125
0 0.9541015625 0.6162109375 0.087890625 0.09765625
0 0.2529296875 0.669921875 0.10546875 0.1103515625
0 0.0478515625 0.7958984375 0.0849609375 0.09765625
0 0.1279296875 0.8623046875 0.099609375 0.08984375
0 0.1396484375 0.1826171875 0.08984375 0.08984375
0 0.072265625 0.1396484375 0.115234375 0.115234375
0 0.2529296875 0.1884765625 0.0947265625 0.1025390625
0 0.30078125 0.3671875 0.107421875 0.08984375
0 0.7197265625 0.09765625 0.080078125 0.10546875
0 0.8310546875 0.10546875 0.08203125 0.115234375
0 0.66015625 0.2626953125 0.08984375 0.099609375
0 0.2236328125 0.0869140625 0.0849609375 0.1044921875
0 0.3515625 0.140625 0.0849609375 0.1015625
0 0.548828125 0.1328125 0.06640625 0.08984375
0 0.9296875 0.2802734375 0.09765625 0.0849609375
0 0.7490234375 0.2685546875 0.0859375 0.091796875
0 0.873046875 0.5625 0.0888671875 0.08984375
0 0.9345703125 0.7509765625 0.09765625 0.0869140625
0 0.46484375 0.876953125 0.087890625 0.0888671875
0 0.228515625 0.7958984375 0.07421875 0.0869140625
0 0.0537109375 0.7041015625 0.0947265625 0.109375
0 0.1328125 0.337890625 0.0849609375 0.0859375
0 0.0439453125 0.3623046875 0.06640625 0.1240234375
0 0.833984375 0.939453125 0.1064453125 0.095703125
0 0.4580078125 0.4189453125 0.07421875 0.09765625
0 0.310546875 0.310546875 0.099609375 0.0966796875
0 0.39453125 0.26953125 0.08203125 0.10546875
0 0.2392578125 0.263671875 0.0966796875 0.107421875
0 0.42578125 0.0615234375 0.0849609375 0.0830078125
0 0.037109375 0.4931640625 0.0673828125 0.107421875
0 0.1767578125 0.5703125 0.0810546875 0.0869140625
0 0.076171875 0.5849609375 0.080078125 0.0908203125
0 0.048828125 0.9609375 0.09765625 0.078125
0 0.1533203125 0.490234375 0.1142578125 0.095703125
0 0.2900390625 0.8603515625 0.08203125 0.08203125
0 0.5380859375 0.4931640625 0.0849609375 0.078125
0 0.513671875 0.0361328125 0.083984375 0.072265625
0 0.5166015625 0.9638671875 0.072265625 0.072265625
0 0.314453125 0.923828125 0.083984375 0.0703125
0 0.6943359375 0.603515625 0.078125 0.068359375
0 0.744140625 0.5205078125 0.072265625 0.0732421875