0 0.7258029513888888 0.40359519675925926 0.09649884259259256 0.09050925925925923
0 0.7330005787037037 0.513939525462963 0.1474247685185186 0.1455439814814814
0 0.9733072916666667 0.41141493055555556 0.05338541666666652 0.14120370370370372
0 0.6101345486111112 0.3705295138888889 0.11161747685185186 0.11014178240740735
0 0.701244212962963 0.2169921875 0.12811053240740744 0.12197627314814818
0 0.14351851851851852 0.5408058449074075 0.11508969907407407 0.10431134259259256
0 0.07685908564814815 0.8399522569444444 0.03624131944444445 0.09396701388888884
0 0.6803747106481481 0.3173683449074074 0.1299189814814814 0.12003761574074079
0 0.21451822916666666 0.6428385416666667 0.12615740740740738 0.12196180555555558
0 0.8897569444444444 0.3901692708333333 0.1532841435185186 0.1455873842592592
0 0.6022135416666667 0.8301793981481482 0.13816550925925908 0.12595486111111098
0 0.46987123842592593 0.5061342592592593 0.1362123842592593 0.1259403935185186
0 0.8823423032407407 0.6721860532407407 0.13498263888888884 0.13569155092592577
0 0.5517578125 0.557494212962963 0.11371527777777768 0.11210937499999996
0 0.1634837962962963 0.33598813657407406 0.14293981481481483 0.1377025462962963
0 0.3589771412037037 0.16858362268518517 0.1430844907407407 0.1396556712962963
0 0.8026982060185185 0.782863136574074 0.162109375 0.15931712962962963
0 0.31380208333333337 0.8368272569444444 0.14416956018518512 0.12795138888888902
0 0.4264322916666667 0.6180555555555556 0.12152777777777779 0.11216724537037037
0 0.46889467592592593 0.4007161458333333 0.12196180555555558 0.11802662037037037
0 0.8096064814814814 0.5994212962962964 0.13903356481481488 0.13767361111111098
0 0.7370876736111112 0.3978226273148148 0.13635706018518512 0.1278935185185185
0 0.7689525462962963 0.3141203703703703 0.1489438657407407 0.139699074074074
0 0.06456163194444445 0.5158203125 0.06112557870370372 0.11367187500000009
0 0.82421875 0.4541015625 0.08463541666666674 0.08846932870370372
0 0.08778211805555555 0.4340060763888889 0.12116608796296297 0.13363715277777777
0 0.24558738425925927 0.31121961805555554 0.14923321759259262 0.14360532407407411
0 0.3121021412037037 0.747996238425926 0.13440393518518512 0.12787905092592577
0 0.5698423032407407 0.6435185185185185 0.12196180555555536 0.11802662037037037
0 0.6697771990740741 0.4510054976851852 0.10713252314814814 0.10230034722222225
0 0.20699508101851852 0.06692708333333333 0.15227141203703703 0.13191550925925927
0 0.7326027199074074 0.10010127314814815 0.14807581018518512 0.12798032407407406
0 0.7174479166666667 0.8310329861111112 0.13635706018518512 0.1278935185185186
0 0.6105685763888888 0.19191984953703706 0.1385995370370372 0.1318142361111111
0 0.5810546875 0.05700954861111111 0.130859375 0.10638020833333334
0 0.20670572916666669 0.9063078703703704 0.11957465277777779 0.059447337962962976
0 0.17126012731481483 0.21697048611111108 0.10503472222222221 0.10033275462962965
0 0.43952546296296297 0.9529296875 0.09382233796296291 0.08072916666666652
0 0.3890697337962963 0.44307002314814814 0.12000868055555558 0.11801215277777777
0 0.6530671296296297 0.04095052083333334 0.09121817129629628 0.04557291666666666
0 0.09288194444444445 0.6477936921296297 0.10185185185185186 0.16277488425925934
0 0.48430266203703703 0.02896412037037037 0.09360532407407407 0.05144675925925926
0 0.5256438078703705 0.8901258680555555 0.11205150462962976 0.11600115740740735
0 0.5425347222222222 0.9713107638888889 0.09042245370370372 0.05737847222222214
0 0.6320167824074074 0.4946469907407407 0.11762152777777768 0.11213831018518516
0 0.5087528935185185 0.7806857638888889 0.11971932870370372 0.11410590277777777
0 0.40266927083333337 0.04690393518518518 0.11002604166666674 0.08865740740740741
0 0.3546006944444444 0.017267071759259258 0.09982638888888884 0.03002025462962963
0 0.929271556712963 0.8696976273148148 0.14145688657407396 0.1416087962962962
0 0.9502314814814815 0.5809751157407408 0.09953703703703698 0.09254918981481497
0 0.9588939525462963 0.6659722222222222 0.08221209490740744 0.08464988425925934