0 0.3367838541666667 0.2962890625 0.28294270833333335 0.296875
0 0.1453125 0.6092086226851852 0.22499999999999998 0.24642650462962967
0 0.4132161458333333 0.6648726851851852 0.2265625 0.2698640046296297
0 0.7102864583333334 0.6296513310185186 0.24388020833333335 0.29571759259259256
0 0.90732421875 0.832761863425926 0.18535156249999996 0.2519965277777778
0 0.5130859375 0.885988136574074 0.23606770833333335 0.20776909722222214
0 0.36445312500000004 0.8287471064814815 0.1610677083333334 0.1646122685185185
0 0.21595052083333333 0.8762008101851853 0.18463541666666672 0.16725983796296306
0 0.10494791666666667 0.8550274884259259 0.10651041666666666 0.16494502314814818
0 0.821484375 0.9326244212962962 0.3028645833333332 0.09864004629629619
0 0.49583333333333335 0.4804253472222222 0.2020833333333334 0.19506655092592595
0 0.5845703125 0.16761429398148148 0.2388020833333333 0.24878472222222225
0 0.7586588541666667 0.1810474537037037 0.2835937500000001 0.27740162037037036
0 0.9038411458333333 0.08855613425925926 0.1923177083333334 0.1462962962962963
0 0.973046875 0.16657986111111112 0.053906250000000044 0.19320023148148147
0 0.18984375 0.10732783564814814 0.23515625 0.21465567129629629
0 0.1388671875 0.03127170138888889 0.14882812499999998 0.06254340277777778
0 0.159765625 0.28294270833333335 0.20208333333333334 0.19506655092592595
0 0.16946614583333336 0.41377314814814814 0.18971354166666665 0.18495370370370368
0 0.08346354166666667 0.4887297453703704 0.11614583333333334 0.2217592592592592
0 0.29635416666666664 0.5998408564814814 0.20325520833333333 0.21264467592592595
0 0.4457682291666667 0.09657118055555555 0.21562499999999996 0.1931423611111111
0 0.9412434895833333 0.6357711226851852 0.11751302083333348 0.2564091435185185
0 0.69921875 0.44895833333333335 0.19518229166666656 0.15002893518518512
0 0.20299479166666667 0.7405743634259259 0.1645833333333333 0.15886863425925934
0 0.87578125 0.6609519675925926 0.181640625 0.2392939814814814
0 0.5922526041666667 0.6644603587962963 0.2531249999999998 0.317433449074074
0 0.3528645833333333 0.9191116898148148 0.12096354166666667 0.0893518518518519
0 0.9010416666666666 0.511472800925926 0.171875 0.1512876157407408
0 0.533984375 0.3628544560185185 0.21888020833333321 0.21310763888888884
0 0.5666666666666667 0.04064670138888889 0.1606770833333333 0.08129340277777777
0 0.265234375 0.005837673611111111 0.13203125000000004 0.011675347222222222
0 0.776171875 0.032776331018518526 0.13072916666666679 0.06040219907407407
0 0.7438151041666667 0.3253255208333333 0.15898437500000018 0.1333622685185185