0 0.570384837962963 0.11068431712962963 0.22391493055555545 0.22136863425925926
0 0.9016854745370371 0.05536024305555555 0.19662905092592586 0.1107204861111111
0 0.29267216435185184 0.29463252314814814 0.2715422453703704 0.28145254629629635
0 0.9507450810185185 0.1479962384259259 0.09850983796296298 0.25125868055555556
0 0.13577835648148148 0.7210575810185185 0.19610821759259262 0.19557291666666687
0 0.8043619791666667 0.6619574652777778 0.1728153935185186 0.20412326388888902
0 0.6764612268518518 0.6705439814814815 0.19249131944444442 0.21490162037037042
0 0.524754050925926 0.3256004050925926 0.22738715277777777 0.1991464120370371
0 0.2390190972222222 0.5651982060185186 0.20470196759259263 0.24871238425925934
0 0.03919994212962963 0.46903211805555556 0.06769386574074074 0.22209201388888888
0 0.12659143518518517 0.10237630208333333 0.1650607638888889 0.20475260416666666
0 0.2463107638888889 0.010850694444444444 0.1996527777777778 0.021701388888888888
0 0.4584635416666667 0.8646050347222223 0.24942129629629628 0.2373697916666666
0 0.39481336805555556 0.07741608796296297 0.20759548611111112 0.15483217592592594
0 0.5415075231481481 0.02337962962962963 0.3252025462962962 0.04675925925925926
0 0.7690972222222222 0.19467592592592592 0.3291666666666666 0.35079571759259265
0 0.4598958333333333 0.4335358796296296 0.20788483796296298 0.20008680555555558
0 0.8753110532407408 0.4374059606481482 0.1430844907407407 0.1733072916666667
0 0.892701099537037 0.8196108217592593 0.17146990740740753 0.2450376157407408
0 0.6821614583333333 0.9233723958333333 0.26296296296296306 0.097554976851852
0 0.3070746527777778 0.8050202546296297 0.19593460648148153 0.18385416666666665
0 0.2742983217592593 0.9015190972222222 0.13854166666666667 0.13013599537037024
0 0.12719184027777777 0.8671223958333334 0.23106192129629627 0.18372395833333321
0 0.05836950231481482 0.8394169560185185 0.09463252314814816 0.19616608796296298
0 0.08884548611111112 0.587644675925926 0.16357060185185185 0.2387731481481481
0 0.1298828125 0.3890769675925926 0.16433738425925926 0.15879629629629632
0 0.12314814814814815 0.26433015046296293 0.19782986111111112 0.18004918981481488
0 0.6800781250000001 0.3869357638888889 0.1820601851851853 0.1694733796296296
0 0.40891927083333335 0.6208912037037037 0.24256365740740748 0.30141782407407414
0 0.5310257523148147 0.6829716435185185 0.21863425925925917 0.2669994212962963
0 0.9235243055555555 0.5694878472222222 0.15295138888888893 0.2700231481481481
0 0.5203631365740741 0.22711950231481481 0.24616608796296302 0.1493778935185185