0 0.7380208333333333 0.2930772569444445 0.150390625 0.14856770833333333
0 0.05716145833333333 0.24157986111111113 0.08880208333333334 0.10277777777777775
0 0.12838541666666667 0.7820746527777778 0.13242187499999997 0.14244791666666679
0 0.19576822916666664 0.9423683449074074 0.09726562500000002 0.11265914351851847
0 0.7794270833333333 0.0665183738425926 0.13802083333333326 0.1330367476851852
0 0.227734375 0.2195023148148148 0.11927083333333333 0.12078993055555554
0 0.404296875 0.7271556712962963 0.09778645833333333 0.09120370370370368
0 0.715625 0.4996672453703703 0.1020833333333333 0.09712094907407409
0 0.41901041666666666 0.28802806712962964 0.1470052083333333 0.12705439814814812
0 0.10774739583333333 0.07660590277777778 0.1234375 0.12475405092592592
0 0.10996093750000001 0.4470558449074074 0.14791666666666667 0.14072627314814812
0 0.1611328125 0.5694661458333333 0.16666666666666669 0.1292968750000001
0 0.9446614583333333 0.38679108796296297 0.10820312500000018 0.1011140046296296
0 0.9746744791666666 0.05104890046296297 0.050651041666666785 0.09832175925925926
0 0.1291015625 0.01568287037037037 0.11875000000000002 0.025173611111111112
0 0.8901692708333333 0.0826099537037037 0.10052083333333339 0.10295138888888891
0 0.4370442708333333 0.42656973379629626 0.11497395833333335 0.11487268518518512
0 0.1251953125 0.19169560185185186 0.11888020833333335 0.11493055555555554
0 0.9259765625 0.16516927083333333 0.11419270833333339 0.10315393518518523
0 0.2633463541666667 0.006278935185185185 0.11210937499999996 0.01255787037037037
0 0.3018880208333333 0.9505714699074075 0.12721354166666665 0.09359085648148158
0 0.40162760416666665 0.5404875578703704 0.11940104166666665 0.12274305555555554
0 0.5878255208333334 0.7674479166666667 0.13541666666666652 0.12883391203703698
0 0.6881510416666667 0.5860966435185184 0.11093749999999991 0.1128616898148147
0 0.02291666666666667 0.07981770833333333 0.04296875 0.11770833333333333
0 0.5963541666666666 0.558130787037037 0.07981770833333335 0.08508391203703702
0 0.69765625 0.5233940972222222 0.12083333333333335 0.14422743055555554
0 0.6151692708333333 0.6790653935185185 0.08958333333333335 0.08522858796296306
0 0.44720052083333334 0.1830150462962963 0.15273437499999998 0.1251880787037037
0 0.8262369791666666 0.6339048032407407 0.12070312499999991 0.11300636574074074
0 0.3315104166666667 0.4124927662037037 0.11835937500000004 0.10711805555555554
0 0.11516927083333334 0.9357421875 0.09700520833333331 0.10875289351851869
0 0.2453125 0.3218822337962963 0.13124999999999998 0.12486979166666656
0 0.5533854166666667 0.1482060185185185 0.1416666666666666 0.1347800925925926
0 0.1822265625 0.6512659143518518 0.12877604166666667 0.11702835648148158
0 0.9444010416666666 0.49234664351851853 0.11119791666666679 0.1304687499999999
0 0.6009114583333334 0.28924334490740744 0.1294270833333333 0.12679398148148147
0 0.35319010416666663 0.7963396990740741 0.09856770833333339 0.10292245370370368
0 0.97314453125 0.2669704861111111 0.0537109375 0.0947337962962963
0 0.5349609375 0.0375 0.12070312499999991 0.075
0 0.22578125 0.4394748263888889 0.13893229166666665 0.1230324074074074
0 0.21399739583333333 0.057436342592592594 0.09205729166666665 0.09307002314814815
0 0.3895182291666667 0.6374421296296297 0.10638020833333339 0.10303819444444451
0 0.32317708333333334 0.5807508680555555 0.10286458333333337 0.0795717592592593
0 0.8050130208333333 0.47683738425925926 0.08580729166666679 0.08712384259259265
0 0.8831380208333334 0.5636574074074074 0.08177083333333335 0.08511284722222223
0 0.9908203125 0.7513020833333333 0.018359374999999956 0.09082754629629619