0 0.04871961805555555 0.5523871527777777 0.0974392361111111 0.13350694444444455
0 0.7429904513888889 0.2947048611111111 0.12274305555555554 0.12760416666666663
0 0.3725043402777778 0.8161024305555555 0.15681423611111112 0.14787326388888888
0 0.5269965277777777 0.786328125 0.17456597222222214 0.15217013888888875
0 0.09466145833333334 0.46032986111111107 0.14262152777777776 0.13585069444444442
0 0.5482421875 0.3741536458333333 0.13003472222222223 0.11605902777777777
0 0.2820963541666667 0.6990885416666667 0.17473958333333328 0.15607638888888897
0 0.8362413194444445 0.10629340277777777 0.15112847222222214 0.15164930555555556
0 0.31566840277777775 0.9315104166666667 0.1577256944444445 0.1244791666666667
0 0.7049913194444444 0.1618923611111111 0.16284722222222214 0.1519097222222222
0 0.48975694444444445 0.3071614583333333 0.11848958333333337 0.11970486111111112
0 0.10460069444444445 0.9391276041666667 0.1535590277777778 0.11853298611111107
0 0.33956163194444444 0.5036675347222221 0.1352430555555556 0.1454427083333334
0 0.6635633680555555 0.7647569444444444 0.15360243055555545 0.16341145833333348
0 0.23085937499999998 0.8202256944444444 0.14635416666666667 0.13203124999999982
0 0.7870659722222222 0.8615234375 0.12569444444444455 0.10620659722222214
0 0.5887803819444444 0.03990885416666667 0.10759548611111125 0.07981770833333333
0 0.9214626736111111 0.8887803819444444 0.07981770833333335 0.08372395833333335
0 0.0587890625 0.6712456597222223 0.117578125 0.13602430555555545
0 0.10212673611111112 0.29236111111111107 0.13233506944444445 0.12391493055555558
0 0.5319227430555555 0.4779296875 0.13020833333333348 0.11996527777777777
0 0.01820746527777778 0.42421875 0.03641493055555556 0.11640625000000004
0 0.40201822916666663 0.23984375000000002 0.14227430555555554 0.12803819444444442
0 0.7795355902777777 0.7455946180555555 0.1465277777777778 0.13593749999999982
0 0.9120659722222222 0.7270399305555555 0.11371527777777768 0.10008680555555571
0 0.3856336805555556 0.36703559027777777 0.1781250000000001 0.14444444444444438
0 0.2475043402777778 0.03200954861111111 0.11046006944444442 0.06401909722222222
0 0.8195529513888888 0.6354383680555555 0.1434895833333334 0.15538194444444442
0 0.020030381944444446 0.2650824652777778 0.04006076388888889 0.13780381944444442
0 0.9353732638888889 0.15872395833333333 0.1205729166666667 0.16657986111111112
0 0.5235243055555555 0.20592447916666665 0.14592013888888888 0.12226562499999999
0 0.8239149305555555 0.42753906249999996 0.1465277777777778 0.13593750000000004
0 0.6047526041666667 0.6831380208333333 0.11406249999999996 0.10789930555555571
0 0.6243055555555556 0.5724609375 0.1859375000000001 0.14461805555555562
0 0.9483289930555556 0.03198784722222222 0.10334201388888875 0.06397569444444444
0 0.8718967013888889 0.8186631944444445 0.11636284722222223 0.1157552083333333
0 0.4467447916666667 0.6603081597222222 0.1908854166666667 0.16814236111111103
0 0.22845052083333334 0.10614149305555555 0.10616319444444444 0.10577256944444444
0 0.38452690972222225 0.10657552083333333 0.10659722222222223 0.11553819444444446
0 0.13075086805555555 0.6361111111111111 0.09401041666666665 0.09574652777777759
0 0.0205078125 0.0419921875 0.041015625 0.083984375
0 0.9453125 0.2863064236111111 0.08654513888888893 0.10338541666666667
0 0.5146484375 0.9544053819444445 0.1552951388888888 0.0697916666666667
0 0.7640842013888889 0.5664279513888889 0.10616319444444455 0.10577256944444446
0 0.9440755208333333 0.9507161458333333 0.02782118055555549 0.055251736111111116
0 0.7305338541666666 0.3993706597222222 0.13350694444444455 0.10638020833333339
0 0.46705729166666665 0.11547309027777777 0.1279079861111112 0.11210937500000001
0 0.08639322916666667 0.011436631944444444 0.12408854166666666 0.022873263888888887
0 0.520703125 0.012261284722222222 0.08749999999999991 0.024522569444444444
0 0.648046875 0.3455946180555556 0.11050347222222223 0.11562500000000009
0 0.027571614583333334 0.7822265625 0.05514322916666667 0.1386284722222222
0 0.17864583333333334 0.5462673611111111 0.15807291666666667 0.1322916666666667
0 0.9271918402777778 0.5842664930555556 0.09735243055555554 0.12703993055555562
0 0.8448784722222222 0.3070746527777778 0.12860243055555554 0.12773437499999996
0 0.9299045138888888 0.4573784722222223 0.10303819444444429 0.12326388888888884
0 0.6581163194444444 0.5141493055555555 0.15360243055555545 0.16341145833333348
0 0.8446614583333334 0.5314670138888888 0.12595486111111098 0.11206597222222214
0 0.6513237847222222 0.9084418402777779 0.1264756944444443 0.12378472222222214
0 0.8471571180555555 0.9362847222222223 0.09305555555555545 0.07426215277777781
0 0.09479166666666666 0.8086154513888888 0.13763020833333334 0.15525173611111098
0 0.1326171875 0.1550998263888889 0.10802951388888887 0.10386284722222222
0 0.2814670138888889 0.2083767361111111 0.13637152777777772 0.17083333333333334
0 0.8349175347222222 0.03634982638888889 0.13485243055555562 0.07269965277777778
0 0.05685763888888889 0.08166232638888889 0.11297743055555555 0.12738715277777776
0 0.384765625 0.04018012152777778 0.1874131944444445 0.08036024305555556
0 0.6695095486111111 0.02429470486111111 0.09262152777777777 0.04858940972222222
0 0.15970052083333333 0.3798611111111111 0.19201388888888887 0.10572916666666665
0 0.4223307291666667 0.9242621527777777 0.10963541666666665 0.09609375000000009