0 0.5780309606481482 0.6935329861111111 0.17873263888888902 0.20703125
0 0.22703269675925924 0.7472439236111111 0.19263599537037035 0.22326388888888893
0 0.9574652777777778 0.6197482638888889 0.08506944444444442 0.15651041666666665
0 0.826244212962963 0.10008680555555555 0.18823784722222214 0.1898871527777778
0 0.6808521412037036 0.11436631944444445 0.19636863425925943 0.21171875
0 0.3636935763888889 0.8691840277777778 0.1962528935185185 0.20390625000000018
0 0.33011429398148145 0.05751953125 0.16772280092592595 0.1150390625
0 0.9653718171296296 0.7698350694444445 0.06925636574074079 0.16762152777777772
0 0.5005931712962963 0.8093532986111112 0.1782696759259259 0.17578125
0 0.13041087962962963 0.8873697916666667 0.1064380787037037 0.20186631944444455
0 0.04175347222222222 0.1799045138888889 0.08043981481481481 0.1597222222222222
0 0.3913990162037037 0.23276909722222222 0.3428674768518519 0.35095486111111107
0 0.5444806134259259 0.4077256944444444 0.1923177083333334 0.20177951388888893
0 0.7266420717592592 0.4348090277777778 0.19409722222222214 0.19014756944444444
0 0.19344618055555554 0.3930338541666667 0.2160445601851852 0.22235243055555554
0 0.3746166087962963 0.6830295138888889 0.20392071759259256 0.19448784722222223
0 0.23651620370370371 0.9256510416666667 0.17769097222222224 0.13671875
0 0.7063874421296297 0.7826171875 0.2021412037037038 0.2061197916666666
0 0.8897135416666666 0.4840277777777777 0.22057291666666679 0.24835069444444446
0 0.9060836226851852 0.2782986111111111 0.16669560185185173 0.1850260416666667
0 0.7652705439814815 0.026974826388888887 0.17897858796296306 0.05394965277777777