0 0.7540726273148148 0.2964337384259259 0.08922164351851847 0.09505208333333326
0 0.11587094907407408 0.5639467592592593 0.13684895833333333 0.14861111111111103
0 0.5269024884259259 0.022301793981481483 0.12021122685185182 0.044603587962962966
0 0.9471715856481482 0.12165798611111112 0.10565682870370363 0.12355324074074076
0 0.6776258680555556 0.03318142361111111 0.10094039351851847 0.06636284722222222
0 0.9760850694444445 0.18638599537037037 0.04782986111111098 0.09285300925925927
0 0.654296875 0.6209852430555556 0.12518807870370363 0.1518229166666667
0 0.8516131365740741 0.41478587962962965 0.1327980324074074 0.13861400462962958
0 0.8066550925925926 0.21707899305555556 0.1050202546296295 0.10769675925925926
0 0.8456452546296296 0.8696397569444445 0.11303530092592595 0.12183159722222214
0 0.07032696759259259 0.9204716435185185 0.08683449074074073 0.06563946759259265
0 0.03237847222222222 0.8660300925925926 0.040624999999999994 0.10778356481481488
0 0.9475983796296297 0.04087818287037037 0.10480324074074066 0.08175636574074074
0 0.9749855324074075 0.3193142361111111 0.05002893518518503 0.12824074074074066
0 0.7348813657407407 0.3865162037037037 0.1011140046296295 0.10746527777777781
0 0.7638454861111111 0.626222511574074 0.09117476851851847 0.09516782407407409
0 0.6233796296296297 0.001884403935185186 0.08835358796296289 0.003768807870370372
0 0.8681857638888888 0.14794560185185185 0.11093749999999991 0.11195023148148148
0 0.460423900462963 0.9276548032407408 0.12831307870370368 0.09932002314814814
0 0.1521412037037037 0.9009620949074073 0.12667824074074074 0.12068865740740753
0 0.20653935185185185 0.3503833912037037 0.044068287037037024 0.07676504629629632
0 0.989011863425926 0.46699942129629635 0.021976273148148096 0.06423611111111116
0 0.797605613425926 0.06807002314814814 0.11691261574074074 0.1201099537037037
0 0.3931206597222222 0.07933304398148149 0.10298032407407409 0.1017216435185185
0 0.727488425925926 0.9431061921296297 0.09809027777777768 0.03508391203703698
0 0.4882378472222222 0.7598451967592592 0.08927951388888888 0.09895833333333348
0 0.08313078703703702 0.7291160300925925 0.09318576388888888 0.0991898148148147
0 0.1925564236111111 0.7920283564814814 0.10289351851851852 0.09586226851851842
0 0.817332175925926 0.9377821180555556 0.07465277777777768 0.033695023148148096
0 0.032458043981481485 0.6734736689814815 0.04622395833333334 0.09055266203703694
0 0.5984157986111112 0.08182870370370371 0.09108796296296306 0.08930844907407409