0 0.7936848958333333 0.357421875 0.25073784722222214 0.32421875
0 0.501779513888889 0.5751953125 0.35086805555555545 0.3359375
0 0.04064670138888889 0.74609375 0.08129340277777777 0.31640625
0 0.7626302083333334 0.6826171875 0.2963975694444443 0.296875
0 0.8698567708333333 0.884765625 0.1723524305555555 0.23046875
0 0.9041015625 0.1142578125 0.19075520833333348 0.205078125
0 0.25112847222222223 0.765625 0.32699652777777777 0.326171875
0 0.0881076388888889 0.3154296875 0.1762152777777778 0.2109375
0 0.5380425347222222 0.1767578125 0.20585937500000018 0.193359375
0 0.3930121527777778 0.078125 0.17491319444444442 0.15625
0 0.44702690972222225 0.3349609375 0.2265190972222222 0.21875
0 0.49353298611111107 0.892578125 0.20959201388888893 0.189453125
0 0.15245225694444445 0.546875 0.16328125 0.158203125
0 0.0408203125 0.4736328125 0.081640625 0.138671875
0 0.05262586805555555 0.0244140625 0.0783420138888889 0.048828125
0 0.23350694444444445 0.4150390625 0.149609375 0.158203125
0 0.006944444444444444 0.951171875 0.013888888888888888 0.06640625
0 0.7813368055555556 0.96484375 0.17890624999999982 0.0703125
0 0.3207465277777778 0.95703125 0.21662326388888886 0.083984375