0 0.1884765625 0.5287471064814815 0.208984375 0.19988425925925934
0 0.568359375 0.9082392939814814 0.27734375 0.1835214120370372
0 0.53515625 0.637181712962963 0.30078125 0.33423032407407405
0 0.8056640625 0.4364149305555555 0.26953125 0.25425347222222217
0 0.7265625 0.10360243055555554 0.154296875 0.11070601851851852
0 0.2734375 0.7720630787037037 0.259765625 0.25367476851851856
0 0.083984375 0.7129846643518518 0.16796875 0.23846932870370363
0 0.2548828125 0.4037760416666667 0.16796875 0.16815682870370363
0 0.1162109375 0.03325376157407407 0.173828125 0.06303530092592594
0 0.4716796875 0.3492404513888889 0.21875 0.21218171296296295
0 0.58984375 0.1999927662037037 0.2109375 0.22343749999999996
0 0.236328125 0.16537181712962962 0.16015625 0.16378761574074074
0 0.8173828125 0.620703125 0.1796875 0.19228877314814818
0 0.4404296875 0.10324797453703705 0.212890625 0.16691261574074073
0 0.1123046875 0.31817853009259256 0.181640625 0.2373263888888889
0 0.8330078125 0.3218243634259259 0.189453125 0.1831018518518519
0 0.90234375 0.1755425347222222 0.1953125 0.21665219907407407
0 0.779296875 0.7395399305555556 0.244140625 0.21759259259259256
0 0.3447265625 0.23527199074074073 0.11328125 0.13171296296296298
0 0.9013671875 0.9176721643518518 0.14453125 0.16090856481481475
0 0.806640625 0.9638527199074074 0.1640625 0.07229456018518521
0 0.025390625 0.9145905671296296 0.05078125 0.11433738425925921
0 0.25 0.9279007523148148 0.1015625 0.10758101851851842
0 0.3701171875 0.9506076388888889 0.119140625 0.09878472222222223