0 0.9749529803240741 0.6247178819444444 0.05009403935185186 0.10807291666666674
0 0.5602936921296297 0.8004918981481481 0.12362557870370372 0.11925636574074083
0 0.7925347222222222 0.27165075231481484 0.12029803240740744 0.12686631944444438
0 0.1361762152777778 0.27555700231481484 0.1352719907407407 0.14515335648148153
0 0.4434678819444445 0.66796875 0.10894097222222221 0.10487557870370368
0 0.5691189236111112 0.21045283564814815 0.11537905092592604 0.11299189814814814
0 0.08611834490740741 0.9130714699074074 0.04521122685185186 0.11129918981481479
0 0.6429398148148149 0.5635199652777778 0.10532407407407396 0.10857928240740744
0 0.9797815393518519 0.3725477430555556 0.04043692129629628 0.10470196759259265
0 0.6562138310185186 0.4669270833333333 0.10337094907407396 0.10847800925925921
0 0.23741319444444448 0.5522207754629629 0.10684317129629628 0.10282118055555545
0 0.9504665798611112 0.5116174768518519 0.09906684027777768 0.10096932870370368
0 0.9590928819444444 0.12389322916666667 0.08181423611111116 0.0941984953703704
0 0.40364583333333337 0.3798972800925926 0.09244791666666674 0.09234664351851851
0 0.7835648148148149 0.7546730324074074 0.11284722222222232 0.10507812499999991
0 0.9556206597222222 0.2494646990740741 0.08875868055555558 0.11258680555555556
0 0.6515118634259259 0.06199363425925926 0.10293692129629628 0.05008680555555556
0 0.9956597222222222 0.290502025462963 0.00868055555555558 0.08129340277777786
0 0.9771773726851851 0.4572048611111111 0.04564525462962976 0.09945023148148147
0 0.2271050347222222 0.741384548611111 0.09541377314814814 0.10611979166666652
0 0.14945023148148148 0.7305483217592592 0.11400462962962965 0.12070312499999991
0 0.07566550925925927 0.39110243055555555 0.09375 0.10992476851851851
0 0.7819010416666666 0.15436197916666666 0.10713252314814814 0.10672743055555556
0 0.40067997685185186 0.26106047453703707 0.12615740740740744 0.12717013888888884
0 0.8642578125 0.7802589699074074 0.10112847222222232 0.10447048611111098
0 0.27510127314814814 0.29929832175925924 0.13592303240740744 0.12767650462962965
0 0.6126663773148149 0.4043547453703704 0.0879629629629628 0.08433159722222228
0 0.7297092013888888 0.5398075810185186 0.10279224537037024 0.10066550925925921
0 0.6666304976851852 0.965089699074074 0.0883969907407407 0.0698206018518519
0 0.8723958333333333 0.4567346643518519 0.13650173611111116 0.13548900462962965
0 0.9642650462962963 0.9890769675925926 0.07146990740740744 0.02184606481481488
0 0.7445023148148149 0.8314453125000001 0.11342592592592604 0.11289062499999991
0 0.5526982060185186 0.5666232638888888 0.10894097222222232 0.1048755787037039
0 0.31101707175925924 0.5083695023148148 0.10923032407407407 0.10878182870370368
0 0.09400318287037038 0.5204644097222222 0.09063946759259262 0.0941984953703705
0 0.9690936053240741 0.7820095486111112 0.06181278935185186 0.10868055555555545
0 0.9601598668981481 0.39631799768518516 0.07968026620370372 0.08237847222222228
0 0.18279803240740744 0.8130208333333333 0.10460069444444442 0.09881365740740744
0 0.7275752314814815 0.10387731481481481 0.09063946759259256 0.09419849537037037
0 0.7866391782407407 0.07386429398148148 0.09440104166666652 0.039916087962962976
0 0.44871238425925924 0.8044343171296297 0.10894097222222221 0.10487557870370368
0 0.5358796296296295 0.37897135416666666 0.10669849537037024 0.10086805555555556
0 0.6217809606481481 0.3172743055555556 0.107421875 0.11063368055555556
0 0.8172743055555556 0.6581669560185186 0.10170717592592604 0.11228298611111098
0 0.054108796296296294 0.2839482060185185 0.05938946759259259 0.14510995370370372
0 0.1632667824074074 0.5230830439814815 0.08702256944444448 0.09790219907407405
0 0.9162688078703705 0.1691116898148148 0.11089409722222232 0.10497685185185185
0 0.5632595486111112 0.44654224537037035 0.09396701388888884 0.08658854166666674
0 0.9143156828703703 0.6680627893518518 0.13953993055555558 0.12397280092592577
0 0.4854600694444445 0.0660300925925926 0.07161458333333337 0.07375578703703703
0 0.46954571759259256 0.42903645833333337 0.09707754629629628 0.10231481481481475
0 0.5543258101851851 0.05014467592592593 0.10279224537037024 0.04813368055555556
0 0.1999782986111111 0.1650462962962963 0.1581307870370371 0.13855613425925928
0 0.4916449652777778 0.9659794560185185 0.0825376157407407 0.06804108796296293
0 0.31788917824074076 0.8900679976851852 0.12008101851851849 0.0976707175925926
0 0.5365306712962963 0.6504195601851852 0.1025028935185186 0.09675925925925921
0 0.32729311342592593 0.9631655092592593 0.0834780092592593 0.07366898148148149
0 0.1966869212962963 0.42267071759259256 0.10517939814814814 0.10662615740740744