0 0.9333224826388888 0.6759548611111111 0.13335503472222232 0.16232638888888884
0 0.24047309027777777 0.09266493055555557 0.1267361111111111 0.12274305555555556
0 0.9288483796296296 0.5116753472222222 0.12099247685185177 0.13029513888888888
0 0.6878399884259259 0.38287760416666666 0.14865451388888884 0.15299479166666663
0 0.9692635995370371 0.3047309027777778 0.061472800925925775 0.12395833333333339
0 0.8495081018518519 0.426171875 0.18611111111111112 0.17808159722222228
0 0.3862196180555556 0.31286892361111107 0.13469328703703698 0.1328559027777778
0 0.6941116898148147 0.60859375 0.1547453703703705 0.1688802083333334
0 0.9730830439814815 0.5665364583333333 0.053833912037037024 0.14331597222222214
0 0.6684100115740741 0.25709635416666665 0.12883391203703698 0.13259548611111116
0 0.5013093171296297 0.8352213541666667 0.13891782407407405 0.15451388888888884
0 0.528370949074074 0.35627170138888886 0.15445601851851842 0.1493489583333334
0 0.48247974537037036 0.15709635416666667 0.15664062499999998 0.1650607638888889
0 0.3476345486111111 0.07986111111111112 0.1562065972222222 0.13576388888888888
0 0.7927083333333333 0.6764105902777777 0.130758101851852 0.13072916666666679
0 0.3181495949074074 0.5928602430555555 0.10907118055555554 0.11610243055555558
0 0.08117766203703702 0.7365234375 0.10714699074074074 0.11796875000000018
0 0.5087094907407408 0.9929470486111112 0.1293981481481481 0.014105902777777679
0 0.48799913194444444 0.7272786458333333 0.09918981481481493 0.10785590277777768
0 0.40610532407407407 0.5352864583333333 0.12084780092592595 0.12052951388888888
0 0.11807002314814814 0.06477864583333333 0.13457754629629629 0.12504340277777778
0 0.9455367476851853 0.5399305555555556 0.1089265046296295 0.14965277777777786
0 0.1355685763888889 0.2578125 0.1111111111111111 0.1220486111111111
0 0.6596281828703704 0.0595703125 0.12560763888888893 0.046571180555555564
0 0.9151041666666667 0.24268663194444445 0.12667824074074074 0.11883680555555554
0 0.22124565972222224 0.24405381944444446 0.12285879629629631 0.12452256944444445
0 0.29095775462962964 0.9307508680555556 0.1972511574074074 0.13849826388888875
0 0.7203197337962963 0.7307725694444445 0.1229745370370372 0.1323350694444445
0 0.27425491898148147 0.6601996527777778 0.11297743055555554 0.11627604166666661
0 0.9799262152777778 0.12556423611111112 0.04014756944444442 0.048697916666666674
0 0.1681712962962963 0.15288628472222224 0.12081886574074074 0.11857638888888888
0 0.987037037037037 0.19618055555555555 0.025925925925925908 0.1144965277777778
0 0.26297019675925926 0.030230034722222222 0.10406539351851851 0.04171006944444444
0 0.9388527199074075 0.15303819444444444 0.12229456018518503 0.12656250000000002
0 0.325513599537037 0.16768663194444444 0.12081886574074074 0.11857638888888888
0 0.061140046296296297 0.3062282986111111 0.08606770833333333 0.14435763888888886
0 0.7848741319444444 0.2134765625 0.14463252314814823 0.14500868055555555
0 0.12175925925925926 0.5773003472222222 0.10706018518518517 0.11210937499999996
0 0.19131944444444443 0.3978949652777778 0.1327980324074074 0.1366753472222222
0 0.9056640625 0.3300998263888889 0.1426215277777778 0.1410156250000001
0 0.6689380787037037 0.4903645833333333 0.14040798611111116 0.12335069444444446
0 0.954152199074074 0.9021918402777778 0.038614004629629495 0.10321180555555554
0 0.77265625 0.9038845486111111 0.10355902777777759 0.13927951388888893
0 0.5127242476851852 0.5517361111111111 0.1288917824074074 0.13650173611111116
0 0.05211226851851852 0.48734809027777776 0.0912037037037037 0.09578993055555551
0 0.24790943287037037 0.4628689236111111 0.10114293981481481 0.1079427083333333
0 0.6521556712962964 0.14804687500000002 0.14279513888888884 0.15273437499999998
0 0.16852575231481481 0.7696831597222222 0.09117476851851852 0.09383680555555562
0 0.9326244212962963 0.7665581597222222 0.09901620370370368 0.09613715277777768
0 0.14855324074074075 0.6731553819444445 0.09131944444444445 0.10360243055555562