0 0.5894458912037037 0.3466796875 0.08217592592592604 0.078125
0 0.6191333912037037 0.4521484375 0.12572337962962954 0.126953125
0 0.8799840856481481 0.26171875 0.12366898148148153 0.125
0 0.4711299189814815 0.349609375 0.09480613425925921 0.095703125
0 0.5303023726851852 0.1689453125 0.10908564814814814 0.107421875
0 0.04729817708333333 0.6689453125 0.09459635416666666 0.08984375
0 0.023813657407407405 0.982421875 0.04762731481481481 0.03515625
0 0.5287398726851852 0.2744140625 0.11073495370370368 0.1015625
0 0.1341652199074074 0.74609375 0.10713252314814814 0.107421875
0 0.7481626157407408 0.2802734375 0.12962962962962976 0.126953125
0 0.5508969907407407 0.8076171875 0.11885127314814814 0.107421875
0 0.35824652777777777 0.5302734375 0.11699942129629637 0.109375
0 0.7960792824074074 0.5615234375 0.1137008101851853 0.12109375
0 0.4498553240740741 0.552734375 0.09500868055555556 0.099609375
0 0.043431712962962964 0.45703125 0.08686342592592593 0.12109375
0 0.18531539351851853 0.23046875 0.12151331018518519 0.12109375
0 0.7392867476851852 0.6962890625 0.1360966435185187 0.138671875
0 0.2694155092592593 0.90625 0.12481192129629637 0.109375
0 0.33819444444444446 0.6533203125 0.10271990740740744 0.09765625
0 0.3382740162037037 0.42578125 0.1030237268518519 0.103515625
0 0.948509837962963 0.4091796875 0.06385995370370368 0.1015625
0 0.7097945601851852 0.51171875 0.1176070601851853 0.12109375
0 0.5997685185185185 0.3359375 0.11699942129629637 0.109375
0 0.02478298611111111 0.05859375 0.04956597222222222 0.0703125
0 0.6153211805555556 0.2431640625 0.1273726851851853 0.12109375
0 0.9593171296296297 0.294921875 0.04379340277777777 0.12890625
0 0.6969328703703703 0.3642578125 0.07045717592592604 0.078125
0 0.010329861111111109 0.58203125 0.020659722222222218 0.115234375
0 0.10090422453703704 0.408203125 0.12757523148148148 0.125
0 0.2504340277777778 0.8203125 0.11514756944444438 0.111328125
0 0.4828125 0.6328125 0.10487557870370368 0.1015625
0 0.5441116898148148 0.4111328125 0.09059606481481475 0.08984375
0 0.04203559027777778 0.171875 0.08407118055555556 0.12109375
0 0.5384837962962963 0.048828125 0.13006365740740744 0.09765625
0 0.6641493055555556 0.7705078125 0.11710069444444438 0.111328125
0 0.436400462962963 0.171875 0.1172019675925926 0.11328125
0 0.3832103587962963 0.048828125 0.11413483796296298 0.091796875
0 0.9522352430555556 0.7705078125 0.021600115740740833 0.115234375
0 0.17686631944444445 0.99609375 0.11368634259259258 0.0078125
0 0.027560763888888888 0.3369140625 0.055121527777777776 0.087890625
0 0.41338252314814816 0.9736328125 0.07890624999999996 0.052734375
0 0.9317563657407407 0.939453125 0.042910879629629584 0.07421875
0 0.26739728009259256 0.4931640625 0.1010706018518519 0.103515625
0 0.45056423611111107 0.01171875 0.08715277777777786 0.0234375
0 0.027911603009259257 0.80078125 0.05582320601851851 0.138671875
0 0.2771701388888889 0.041015625 0.08342013888888888 0.064453125
0 0.4869212962962963 0.892578125 0.09335937499999991 0.10546875
0 0.5228587962962963 0.9716796875 0.07900752314814818 0.0546875
0 0.5158854166666667 0.4658203125 0.10076678240740744 0.09765625
0 0.44937065972222223 0.7880859375 0.10282118055555545 0.099609375
0 0.20422453703703702 0.091796875 0.0981047453703704 0.083984375
0 0.14467592592592593 0.0537109375 0.08988715277777776 0.076171875
0 0.8823133680555555 0.744140625 0.12962962962962976 0.126953125
0 0.848878761574074 0.447265625 0.09389467592592604 0.078125
0 0.876953125 0.52734375 0.08577835648148158 0.072265625