0 0.2238425925925926 0.6359375 0.2167245370370371 0.25868055555555536
0 0.7209924768518519 0.7680989583333333 0.10619212962962954 0.10000000000000009
0 0.7535373263888889 0.5939887152777777 0.10036168981481497 0.10377604166666665
0 0.7975549768518518 0.05776909722222222 0.09629629629629632 0.08220486111111111
0 0.8659866898148147 0.576953125 0.09442997685185173 0.09388020833333321
0 0.5920862268518519 0.23780381944444445 0.09438657407407414 0.08802083333333333
0 0.7066478587962963 0.06746961805555556 0.10225694444444455 0.09600694444444444
0 0.4566767939814815 0.0580078125 0.11008391203703705 0.09813368055555556
0 0.7588035300925926 0.14676649305555556 0.11401909722222214 0.10212673611111112
0 0.8609519675925925 0.3336371527777778 0.07664930555555571 0.06614583333333335
0 0.09165219907407407 0.8127170138888888 0.1811053240740741 0.19539930555555562
0 0.9575882523148148 0.7372178819444445 0.07492766203703694 0.09735243055555554
0 0.5543692129629629 0.971484375 0.1040219907407407 0.05703125000000009
0 0.7079499421296296 0.9463541666666666 0.10039062500000018 0.10729166666666679
0 0.7190899884259259 0.10193142361111111 0.12209201388888902 0.13745659722222223
0 0.7355902777777777 0.2478298611111111 0.07677951388888893 0.08372395833333335
0 0.02826244212962963 0.04164496527777778 0.05652488425925926 0.05203993055555556
0 0.9713831018518518 0.5890625 0.04945023148148153 0.08506944444444464
0 0.9382161458333333 0.05601128472222223 0.0923177083333333 0.07235243055555556
0 0.5528645833333333 0.1265625 0.08454861111111112 0.07803819444444443
0 0.17356047453703705 0.03999565972222222 0.16448206018518519 0.060286458333333334
0 0.924074074074074 0.25104166666666666 0.08671874999999996 0.10737847222222219
0 0.9388961226851852 0.8872178819444445 0.11025752314814818 0.12157118055555571
0 0.5501880787037037 0.48789062499999997 0.09244791666666652 0.08993055555555551
0 0.48142361111111115 0.5410590277777778 0.08080150462962965 0.09943576388888875
0 0.5981843171296297 0.3375651041666667 0.07685185185185173 0.09348958333333335
0 0.4650679976851852 0.24377170138888887 0.10036168981481486 0.10377604166666665
0 0.3567780671296297 0.22671440972222223 0.09058159722222214 0.10160590277777781
0 0.31158130787037036 0.13096788194444445 0.08663194444444444 0.09565972222222224
0 0.37340856481481477 0.09131944444444444 0.08070023148148153 0.08576388888888889
0 0.7988425925925926 0.8069444444444445 0.10416666666666674 0.09019097222222228
0 0.8884837962962964 0.7044270833333333 0.09253472222222214 0.10164930555555562
0 0.5998046875 0.6462456597222221 0.08070023148148131 0.08576388888888875
0 0.8877965856481481 0.1379123263888889 0.07476851851851851 0.07586805555555554
0 0.7019241898148149 0.3095920138888889 0.07475405092592591 0.07391493055555554