0 0.4765625 0.7138671875 0.0810546875 0.087890625
0 0.5830078125 0.171875 0.0771484375 0.076171875
0 0.306640625 0.263671875 0.078125 0.087890625
0 0.0703125 0.408203125 0.0830078125 0.0927734375
0 0.3779296875 0.0986328125 0.0810546875 0.0830078125
0 0.0625 0.5986328125 0.078125 0.076171875
0 0.265625 0.5400390625 0.0732421875 0.08203125
0 0.5888671875 0.9501953125 0.078125 0.0791015625
0 0.046875 0.8203125 0.0888671875 0.08984375
0 0.1328125 0.0556640625 0.0791015625 0.0869140625
0 0.1123046875 0.1337890625 0.099609375 0.095703125
0 0.73828125 0.5107421875 0.0771484375 0.087890625
0 0.849609375 0.619140625 0.0771484375 0.0849609375
0 0.943359375 0.1259765625 0.080078125 0.08203125
0 0.3525390625 0.1865234375 0.0908203125 0.087890625
0 0.61328125 0.763671875 0.0859375 0.0908203125
0 0.107421875 0.349609375 0.083984375 0.0830078125
0 0.72265625 0.0185546875 0.0869140625 0.0361328125
0 0.9375 0.041015625 0.0849609375 0.0751953125
0 0.1796875 0.021484375 0.0703125 0.04296875
0 0.9375 0.6328125 0.0673828125 0.0732421875
0 0.48046875 0.60546875 0.080078125 0.0888671875
0 0.1669921875 0.875 0.087890625 0.078125
0 0.5478515625 0.25390625 0.0869140625 0.0859375
0 0.4306640625 0.1474609375 0.068359375 0.0703125
0 0.8984375 0.8642578125 0.0732421875 0.080078125
0 0.02734375 0.091796875 0.0546875 0.08984375
0 0.1181640625 0.0830078125 0.0986328125 0.1171875
0 0.5234375 0.9716796875 0.06640625 0.056640625
0 0.8388671875 0.6982421875 0.08203125 0.08203125
0 0.8427734375 0.9736328125 0.0888671875 0.052734375
0 0.0859375 0.9541015625 0.0732421875 0.076171875
0 0.259765625 0.681640625 0.0859375 0.08984375
0 0.974609375 0.328125 0.05078125 0.0712890625
0 0.72265625 0.8984375 0.0791015625 0.072265625
0 0.7998046875 0.146484375 0.0546875 0.05859375
0 0.4873046875 0.1982421875 0.0810546875 0.087890625
0 0.8056640625 0.033203125 0.087890625 0.06640625
0 0.6484375 0.0439453125 0.0712890625 0.068359375
0 0.515625 0.1318359375 0.0595703125 0.0625
0 0.19921875 0.41015625 0.0693359375 0.0693359375
0 0.1083984375 0.4814453125 0.0673828125 0.0693359375
0 0.5693359375 0.875 0.0693359375 0.072265625
0 0.5517578125 0.96484375 0.0791015625 0.068359375
0 0.02734375 0.712890625 0.0546875 0.09765625
0 0.978515625 0.490234375 0.0419921875 0.1220703125
0 0.333984375 0.484375 0.0859375 0.09375
0 0.1162109375 0.6669921875 0.08984375 0.07421875
0 0.9208984375 0.3154296875 0.0693359375 0.0771484375
0 0.1005859375 0.728515625 0.076171875 0.05859375
0 0.1826171875 0.7587890625 0.068359375 0.07421875
0 0.24609375 0.798828125 0.0595703125 0.0498046875
0 0.4296875 0.4853515625 0.0576171875 0.0634765625
0 0.1826171875 0.279296875 0.0634765625 0.0703125
0 0.2431640625 0.15234375 0.064453125 0.056640625
0 0.259765625 0.232421875 0.068359375 0.0712890625
0 0.5400390625 0.02734375 0.0537109375 0.05078125