0 0.4111328125 0.15538917824074072 0.337890625 0.3071903935185185
0 0.9375 0.6749131944444444 0.10546875 0.16093749999999996
0 0.3857421875 0.861255787037037 0.171875 0.14580439814814827
0 0.98046875 0.3695674189814815 0.0390625 0.13114872685185186
0 0.328125 0.012196180555555554 0.20703125 0.021064814814814814
0 0.7919921875 0.7041087962962963 0.08203125 0.09240451388888893
0 0.921875 0.9267505787037038 0.056640625 0.0746383101851853
0 0.9375 0.5245225694444444 0.091796875 0.08661747685185195
0 0.8896484375 0.985546875 0.091796875 0.02890624999999991
0 0.9658203125 0.47004484953703707 0.068359375 0.0981626157407407
0 0.8837890625 0.5954137731481481 0.091796875 0.09247685185185173
0 0.0302734375 0.7883101851851853 0.060546875 0.1117766203703705
0 0.8125 0.9862340856481482 0.09375 0.02753182870370363