0 0.197265625 0.541015625 0.1953125 0.1728515625
0 0.59765625 0.8896484375 0.259765625 0.1953125
0 0.5439453125 0.603515625 0.27734375 0.29296875
0 0.794921875 0.37109375 0.25 0.2177734375
0 0.6953125 0.0498046875 0.14453125 0.099609375
0 0.2978515625 0.76953125 0.2412109375 0.21875
0 0.09375 0.73828125 0.185546875 0.2119140625
0 0.25390625 0.41015625 0.15625 0.14453125
0 0.0888671875 0.0458984375 0.173828125 0.0810546875
0 0.4619140625 0.328125 0.203125 0.181640625
0 0.568359375 0.1669921875 0.1943359375 0.1943359375
0 0.2197265625 0.1787109375 0.1474609375 0.1416015625
0 0.8193359375 0.5517578125 0.166015625 0.16796875
0 0.4169921875 0.080078125 0.201171875 0.16015625
0 0.1083984375 0.34375 0.1650390625 0.2119140625
0 0.8134765625 0.255859375 0.17578125 0.15625
0 0.8916015625 0.099609375 0.216796875 0.1953125
0 0.7900390625 0.673828125 0.2275390625 0.18359375
0 0.330078125 0.2333984375 0.103515625 0.1162109375
0 0.921875 0.83203125 0.1328125 0.1396484375
0 0.8369140625 0.9326171875 0.15234375 0.134765625
0 0.0439453125 0.947265625 0.087890625 0.10546875
0 0.28515625 0.92578125 0.09375 0.09375
0 0.40625 0.9462890625 0.111328125 0.10546875