0 0.9033203125 0.6787109375 0.193359375 0.2509765625
0 0.244140625 0.1318359375 0.2890625 0.263671875
0 0.75390625 0.8427734375 0.2568359375 0.255859375
0 0.7431640625 0.458984375 0.1611328125 0.17578125
0 0.80078125 0.2705078125 0.189453125 0.20703125
0 0.333984375 0.8251953125 0.193359375 0.1767578125
0 0.646484375 0.568359375 0.189453125 0.2255859375
0 0.1337890625 0.759765625 0.1708984375 0.1630859375
0 0.12890625 0.46875 0.193359375 0.2392578125
0 0.5732421875 0.3369140625 0.1689453125 0.1796875
0 0.3916015625 0.3798828125 0.1875 0.220703125
0 0.4619140625 0.94140625 0.189453125 0.1171875
0 0.21484375 0.951171875 0.1845703125 0.09765625
0 0.935546875 0.47265625 0.1220703125 0.154296875
0 0.947265625 0.9345703125 0.10546875 0.130859375
0 0.330078125 0.6884765625 0.1669921875 0.1220703125
0 0.96484375 0.322265625 0.06640625 0.2158203125
0 0.12109375 0.908203125 0.1455078125 0.1533203125
0 0.513671875 0.701171875 0.142578125 0.1279296875
0 0.962890625 0.052734375 0.0703125 0.10546875
0 0.44921875 0.603515625 0.11328125 0.1220703125
0 0.30859375 0.517578125 0.1533203125 0.25
0 0.9462890625 0.1513671875 0.1064453125 0.0986328125
0 0.5205078125 0.828125 0.146484375 0.1357421875
0 0.5439453125 0.216796875 0.193359375 0.1640625