0 0.6845703125 0.6034288194444444 0.21708622685185186 0.2280381944444443
0 0.33525028935185186 0.4154947916666667 0.20630787037037035 0.2002604166666666
0 0.19697627314814814 0.2026909722222222 0.3548900462962963 0.4053819444444444
0 0.8653790509259259 0.33476562499999996 0.26924189814814814 0.32092013888888893
0 0.9123263888888888 0.12942708333333333 0.17534722222222232 0.21883680555555557
0 0.5599681712962963 0.4084418402777778 0.37181712962962976 0.2992621527777778
0 0.38407841435185186 0.8358940972222222 0.24103009259259256 0.24275173611111112
0 0.7952112268518519 0.7383897569444444 0.2446469907407407 0.2877604166666665
0 0.6912254050925926 0.13515625 0.27416087962962976 0.2703125
0 0.3128616898148148 0.6825520833333334 0.19719328703703698 0.21740451388888893
0 0.6049623842592593 0.9101996527777778 0.20789930555555558 0.13793402777777786
0 0.7777416087962963 0.9533854166666667 0.1357783564814814 0.033333333333333215
0 0.5490813078703703 0.22013888888888888 0.2729311342592593 0.26171875