0 0.8901692708333333 0.5861979166666667 0.15351562500000004 0.16796875
0 0.2123697916666667 0.2604166666666667 0.15121527777777777 0.16002604166666667
0 0.46599392361111114 0.8413411458333333 0.189453125 0.1878906250000001
0 0.3121744791666667 0.7970703125 0.2113715277777778 0.19908854166666679
0 0.8509114583333333 0.4836588541666667 0.17322048611111107 0.17317708333333337
0 0.396875 0.35911458333333335 0.1566406250000001 0.15065104166666665
0 0.5919921875 0.7229166666666667 0.2095052083333333 0.20091145833333335
0 0.16258680555555555 0.07454427083333333 0.1826388888888889 0.14908854166666666
0 0.5011501736111111 0.9266276041666667 0.17322048611111107 0.08554687499999991
0 0.2876953125 0.12102864583333334 0.19956597222222228 0.19635416666666666
0 0.4768012152777778 0.2914713541666667 0.1450086805555556 0.1518229166666667
0 0.7228949652777779 0.9322916666666667 0.1674913194444443 0.04427083333333348
0 0.5828993055555556 0.5112630208333333 0.16779513888888875 0.1825520833333334
0 0.17439236111111112 0.7643880208333333 0.19014756944444444 0.2035156250000001
0 0.6143229166666666 0.8557942708333333 0.17695312499999982 0.1695312499999999
0 0.04674479166666667 0.85703125 0.09348958333333333 0.13749999999999996
0 0.44353298611111114 0.027213541666666667 0.12465277777777772 0.054427083333333334
0 0.8515407986111111 0.7104817708333333 0.1811197916666667 0.17565104166666679
0 0.8880642361111111 0.30494791666666665 0.16098090277777777 0.1606770833333333
0 0.3861111111111111 0.4698567708333333 0.15681423611111112 0.15455729166666665
0 0.9458767361111111 0.4500651041666667 0.06831597222222219 0.13502604166666665
0 0.585763888888889 0.227734375 0.17092013888888902 0.16523437500000004
0 0.07273220486111111 0.7361979166666667 0.14546440972222222 0.1753906249999999
0 0.5700086805555555 0.3631510416666667 0.21102430555555562 0.19127604166666667
0 0.8637803819444445 0.9170572916666666 0.05473090277777759 0.04843749999999991
0 0.8023654513888889 0.03232421875 0.12660590277777795 0.0646484375
0 0.06640625 0.6149088541666667 0.1328125 0.19596354166666652
0 0.9679036458333333 0.2830729166666667 0.03988715277777777 0.15260416666666665
0 0.07810329861111111 0.10481770833333333 0.09010416666666668 0.187109375
0 0.4670138888888889 0.18307291666666664 0.17651909722222225 0.15976562500000002
0 0.09437934027777778 0.39583333333333337 0.17517361111111113 0.1733072916666667
0 0.25692274305555557 0.6819661458333333 0.13854166666666667 0.1377604166666666
0 0.2651041666666667 0.5636067708333333 0.21883680555555562 0.1917968750000001
0 0.005034722222222222 0.8052083333333333 0.010069444444444443 0.1356770833333334
0 0.4288411458333333 0.66953125 0.22981770833333326 0.2197916666666666
0 0.8028428819444444 0.09739583333333333 0.12860243055555554 0.133203125
0 0.6387586805555556 0.0869140625 0.13302951388888884 0.14518229166666669
0 0.7677734375 0.6673828125000001 0.11644965277777786 0.12265624999999991
0 0.03411458333333334 0.24016927083333334 0.04401041666666666 0.11393229166666663
0 0.2860026041666667 0.9477864583333333 0.1620659722222222 0.05364583333333339
0 0.11979166666666667 0.5470052083333333 0.13055555555555556 0.1333333333333333
0 0.1996527777777778 0.3712890625 0.1581597222222222 0.14101562499999998
0 0.5500217013888888 0.08990885416666666 0.15451388888888884 0.14661458333333333
0 0.9536892361111111 0.0154296875 0.08741319444444451 0.030859375
0 0.2992621527777778 0.3208333333333333 0.13693576388888884 0.1454427083333334
0 0.8569010416666667 0.830859375 0.12031249999999982 0.16575520833333313
0 0.740060763888889 0.5679687499999999 0.18875868055555545 0.1722656250000001
0 0.003797743055555556 0.5556640625 0.007595486111111112 0.138671875
0 0.10210503472222222 0.2658203125 0.1570746527777778 0.16041666666666665
0 0.019401041666666667 0.4220052083333333 0.038802083333333334 0.13645833333333335
0 0.2455512152777778 0.4996744791666667 0.19023437499999996 0.20546874999999998
0 0.0595703125 0.5031901041666667 0.119140625 0.1459635416666667
0 0.15193142361111112 0.8973307291666667 0.14557291666666666 0.12070312499999991
0 0.7605034722222223 0.8528645833333334 0.17213541666666665 0.19257812500000004
0 0.8907118055555555 0.15774739583333333 0.13055555555555554 0.13333333333333336
0 0.7212673611111111 0.2021484375 0.1728298611111112 0.20820312500000004
0 0.18272569444444445 0.015950520833333332 0.1540798611111111 0.031901041666666664
0 0.9571397569444444 0.08710937499999999 0.07894965277777777 0.15520833333333334
0 0.6555121527777779 0.03961588541666666 0.2119791666666666 0.07923177083333333
0 0.35961371527777775 0.006315104166666667 0.10499131944444451 0.012630208333333334
0 0.8033203125 0.393359375 0.22100694444444446 0.15299479166666663
0 0.3870659722222222 0.9303385416666666 0.12473958333333335 0.09010416666666665