0 0.8037109375 0.3427734375 0.2177734375 0.3046875
0 0.5390625 0.5615234375 0.3125 0.3125
0 0.0673828125 0.744140625 0.134765625 0.302734375
0 0.798828125 0.65625 0.2626953125 0.27734375
0 0.9208984375 0.8515625 0.15234375 0.22265625
0 0.9013671875 0.099609375 0.189453125 0.19921875
0 0.3125 0.7529296875 0.2900390625 0.3046875
0 0.1103515625 0.326171875 0.1748046875 0.197265625
0 0.54296875 0.177734375 0.1845703125 0.1796875
0 0.396484375 0.08203125 0.1572265625 0.158203125
0 0.4677734375 0.33203125 0.203125 0.2041015625
0 0.5546875 0.8681640625 0.1875 0.17578125
0 0.2001953125 0.546875 0.146484375 0.1484375
0 0.0615234375 0.48046875 0.123046875 0.130859375
0 0.060546875 0.03515625 0.08203125 0.0703125
0 0.267578125 0.4169921875 0.1328125 0.1484375
0 0.0478515625 0.955078125 0.095703125 0.08984375
0 0.83984375 0.94921875 0.16796875 0.1005859375
0 0.39453125 0.9501953125 0.203125 0.099609375