0 0.0306640625 0.5080222800925926 0.061328125 0.1128616898148147
0 0.402734375 0.7581886574074075 0.126953125 0.12424768518518503
0 0.26848958333333334 0.18933015046296298 0.12148437499999998 0.12975983796296298
0 0.8990885416666667 0.3017578125 0.1382812499999999 0.14826388888888886
0 0.5376953125 0.6451388888888889 0.11028645833333339 0.10769675925925926
0 0.49381510416666663 0.16527777777777777 0.1166666666666667 0.11585648148148148
0 0.855859375 0.9210141782407408 0.07161458333333326 0.05287905092592604
0 0.36406249999999996 0.5066044560185186 0.10664062500000004 0.11137152777777781
0 0.04677734375 0.2560619212962963 0.0935546875 0.10883969907407409
0 0.3677083333333333 0.4081452546296296 0.10468750000000004 0.11125578703703698
0 0.7542317708333334 0.5632450810185186 0.11015624999999996 0.10574363425925926
0 0.07337239583333334 0.4022424768518518 0.11002604166666666 0.10379050925925926
0 0.1169921875 0.03037471064814815 0.117578125 0.0607494212962963
0 0.6236328124999999 0.3628255208333333 0.09388020833333321 0.09505208333333326
0 0.19720052083333334 0.6750434027777777 0.11432291666666672 0.1098813657407407
0 0.102734375 0.1368995949074074 0.116796875 0.11780960648148148
0 0.4396484375 0.014793113425925927 0.10507812500000002 0.029586226851851853
0 0.04401041666666667 0.17150607638888887 0.06210937500000001 0.08538773148148149
0 0.0423828125 0.3423466435185185 0.084765625 0.10528067129629626
0 0.7327473958333333 0.7541956018518519 0.09674479166666661 0.10883969907407409
0 0.8094401041666667 0.7564597800925926 0.115234375 0.1235532407407407
0 0.9295572916666667 0.42834924768518523 0.08333333333333326 0.11193576388888893
0 0.299609375 0.07270688657407406 0.11041666666666661 0.10964988425925926
0 0.6461588541666666 0.24379340277777778 0.1274739583333333 0.13206018518518514
0 0.11477864583333333 0.6857638888888888 0.10247395833333334 0.10723379629629637
0 0.7618489583333333 0.3030815972222222 0.1391927083333333 0.1327546296296297
0 0.41920572916666665 0.3506221064814815 0.0893229166666667 0.08505497685185182
0 0.283984375 0.467578125 0.10429687499999996 0.10539641203703709
0 0.2706380208333333 0.9158130787037038 0.08984375 0.09286747685185182
0 0.16165364583333333 0.36199363425925923 0.13971354166666666 0.14056712962962958
0 0.006250000000000002 0.9090494791666667 0.012500000000000004 0.09205729166666665
0 0.2208984375 0.7572916666666667 0.11679687500000002 0.11780960648148153
0 0.44941406250000004 0.5248914930555556 0.11041666666666661 0.10964988425925926
0 0.6919270833333333 0.5056568287037038 0.11263020833333348 0.11367187500000009
0 0.8987630208333334 0.5546802662037037 0.09401041666666665 0.09700520833333326
0 0.0234375 0.6653645833333333 0.046875 0.11067708333333348
0 0.08313802083333334 0.2849392361111111 0.08932291666666667 0.08505497685185182
0 0.7634765625 0.8331090856481481 0.1059895833333333 0.10160590277777781
0 0.359765625 0.039825665509259256 0.09205729166666665 0.07965133101851851
0 0.306640625 0.006951678240740742 0.09765625 0.013903356481481484
0 0.5091796875000001 0.7810619212962963 0.11041666666666661 0.10964988425925926
0 0.49772135416666663 0.34013310185185186 0.10807291666666674 0.10367476851851853
0 0.42506510416666665 0.26273148148148145 0.10872395833333326 0.11344039351851853
0 0.17981770833333333 0.571021412037037 0.1049479166666667 0.11516203703703698
0 0.96171875 0.32528211805555557 0.03489583333333335 0.1440827546296296
0 0.83125 0.5460358796296296 0.08828125000000009 0.0986111111111112
0 0.1677734375 0.06592881944444444 0.11223958333333334 0.1078125
0 0.4595703125 0.4017288773148148 0.09544270833333335 0.08930844907407409
0 0.08580729166666667 0.5658926504629629 0.14088541666666665 0.12896412037037042
0 0.5988932291666667 0.03583622685185185 0.07122395833333339 0.0716724537037037
0 0.5530598958333333 0.4000795717592593 0.09856770833333339 0.10700231481481481
0 0.5350911458333334 0.01586371527777778 0.10559895833333321 0.03172743055555556
0 0.8555989583333333 0.18080150462962963 0.16132812500000004 0.14379340277777775
0 0.4386067708333333 0.9350405092592593 0.08085937499999996 0.07482638888888893
0 0.620703125 0.8882595486111111 0.1216145833333333 0.10253182870370381
0 0.45143229166666665 0.6113425925925926 0.10390625000000009 0.09953703703703698
0 0.5995442708333334 0.9430121527777778 0.08242187500000009 0.03990162037037037
0 0.8150390625 0.4390263310185185 0.10651041666666661 0.10941840277777781