0 0.7626953125 0.607421875 0.19921875 0.2392578125
0 0.2841796875 0.7421875 0.099609375 0.0908203125
0 0.248046875 0.5732421875 0.0927734375 0.095703125
0 0.1904296875 0.046875 0.091796875 0.09375
0 0.1376953125 0.55859375 0.087890625 0.0859375
0 0.39453125 0.2265625 0.0888671875 0.080078125
0 0.279296875 0.0625 0.0947265625 0.087890625
0 0.5234375 0.0478515625 0.1015625 0.095703125
0 0.2314453125 0.140625 0.10546875 0.09375
0 0.13671875 0.322265625 0.0712890625 0.060546875
0 0.900390625 0.779296875 0.1728515625 0.181640625
0 0.0458984375 0.7158203125 0.0849609375 0.0888671875
0 0.4521484375 0.95703125 0.09765625 0.0859375
0 0.3017578125 0.9140625 0.09375 0.099609375
0 0.267578125 0.095703125 0.1123046875 0.126953125
0 0.2568359375 0.23828125 0.072265625 0.0771484375
0 0.9521484375 0.02734375 0.0849609375 0.0546875
0 0.03125 0.57421875 0.0625 0.0791015625
0 0.0498046875 0.0458984375 0.099609375 0.087890625
0 0.4296875 0.1171875 0.078125 0.0712890625
0 0.796875 0.0283203125 0.1572265625 0.056640625
0 0.0732421875 0.2421875 0.080078125 0.099609375
0 0.0693359375 0.8603515625 0.11328125 0.1103515625
0 0.4423828125 0.46875 0.0869140625 0.08203125
0 0.509765625 0.5185546875 0.0732421875 0.091796875
0 0.3916015625 0.3232421875 0.0712890625 0.0859375
0 0.517578125 0.23046875 0.0927734375 0.0947265625
0 0.623046875 0.2119140625 0.0849609375 0.09375
0 0.6630859375 0.119140625 0.080078125 0.0888671875
0 0.603515625 0.08203125 0.0751953125 0.078125
0 0.2099609375 0.78125 0.09765625 0.08203125
0 0.1201171875 0.681640625 0.0859375 0.09375
0 0.3984375 0.6220703125 0.0751953125 0.080078125
0 0.10546875 0.1328125 0.0703125 0.0703125
0 0.291015625 0.296875 0.0693359375 0.068359375