0 0.130859375 0.6328125 0.095703125 0.0966796875
0 0.291015625 0.8974609375 0.099609375 0.1044921875
0 0.8310546875 0.943359375 0.0771484375 0.087890625
0 0.22265625 0.818359375 0.107421875 0.103515625
0 0.7353515625 0.6279296875 0.083984375 0.08203125
0 0.435546875 0.8046875 0.08203125 0.0830078125
0 0.0830078125 0.3251953125 0.0966796875 0.0869140625
0 0.591796875 0.91796875 0.099609375 0.099609375
0 0.0654296875 0.9130859375 0.080078125 0.07421875
0 0.552734375 0.6015625 0.0869140625 0.091796875
0 0.1708984375 0.4052734375 0.12109375 0.12109375
0 0.2060546875 0.087890625 0.1005859375 0.099609375
0 0.6318359375 0.6142578125 0.078125 0.08984375
0 0.8046875 0.4921875 0.0712890625 0.0732421875
0 0.166015625 0.8740234375 0.0908203125 0.0869140625
0 0.69140625 0.4052734375 0.083984375 0.087890625
0 0.0234375 0.2841796875 0.046875 0.072265625
0 0.9462890625 0.36328125 0.078125 0.0791015625
0 0.126953125 0.955078125 0.0703125 0.0810546875
0 0.3232421875 0.974609375 0.09375 0.0498046875
0 0.8369140625 0.2587890625 0.080078125 0.0849609375
0 0.9130859375 0.9482421875 0.095703125 0.1025390625
0 0.7431640625 0.9609375 0.1005859375 0.078125
0 0.3203125 0.05078125 0.0869140625 0.0947265625
0 0.6943359375 0.3271484375 0.0849609375 0.0888671875
0 0.2548828125 0.0234375 0.0791015625 0.046875
0 0.5439453125 0.029296875 0.076171875 0.05859375
0 0.0908203125 0.7724609375 0.1142578125 0.1142578125
0 0.5947265625 0.064453125 0.0751953125 0.0673828125
0 0.7509765625 0.7060546875 0.07421875 0.0751953125
0 0.0439453125 0.103515625 0.087890625 0.107421875
0 0.7822265625 0.322265625 0.064453125 0.0654296875
0 0.7900390625 0.5576171875 0.0771484375 0.078125
0 0.689453125 0.3681640625 0.087890625 0.1279296875
0 0.603515625 0.6015625 0.09375 0.091796875
0 0.890625 0.498046875 0.06640625 0.0615234375
0 0.9541015625 0.5078125 0.0908203125 0.103515625
0 0.83984375 0.8349609375 0.083984375 0.0849609375
0 0.337890625 0.1298828125 0.0849609375 0.0810546875
0 0.515625 0.7568359375 0.10546875 0.0791015625
0 0.5478515625 0.12890625 0.0791015625 0.080078125
0 0.6904296875 0.046875 0.0732421875 0.0810546875
0 0.8720703125 0.0673828125 0.0830078125 0.0810546875
0 0.765625 0.0458984375 0.0849609375 0.0791015625