0 0.23940248842592593 0.5439453125 0.2422598379629629 0.25325520833333326
0 0.6708984375 0.5216796875 0.23017939814814814 0.22135416666666652
0 0.8526475694444444 0.36009114583333335 0.2828414351851851 0.4600260416666666
0 0.17621527777777776 0.19134114583333334 0.3372395833333333 0.35481770833333337
0 0.20319733796296297 0.0390625 0.23032407407407407 0.06588541666666667
0 0.45337818287037035 0.4110026041666667 0.41333912037037046 0.33268229166666674
0 0.4204644097222222 0.8879557291666667 0.27032696759259256 0.2240885416666667
0 0.10087528935185185 0.6250651041666666 0.2017505787037037 0.3165364583333332
0 0.45084635416666663 0.12721354166666665 0.28580729166666674 0.2114583333333333
0 0.5653935185185185 0.793359375 0.22186053240740744 0.240234375
0 0.16033709490740738 0.8958984375 0.22981770833333337 0.19023437499999996
0 0.019350405092592587 0.875390625 0.038700810185185175 0.10624999999999996
0 0.5549406828703703 0.23229166666666667 0.3052662037037037 0.2904947916666667