0 0.9100043402777778 0.6239366319444445 0.16639178240740748 0.29266493055555554
0 0.17505425347222223 0.1962890625 0.35010850694444445 0.3280815972222222
0 0.8338252314814815 0.8205512152777779 0.31325231481481475 0.321310763888889
0 0.750730613425926 0.42892795138888884 0.20435474537037024 0.21931423611111112
0 0.7713324652777778 0.22521701388888887 0.24201388888888897 0.2572482638888889
0 0.40598234953703705 0.8843098958333333 0.23764467592592586 0.22591145833333348
0 0.673582175925926 0.5590928819444444 0.24618055555555562 0.2749131944444445
0 0.18759403935185184 0.8550347222222222 0.21199363425925927 0.20776909722222214
0 0.12535807291666667 0.5586154513888889 0.25071614583333335 0.2906684027777777
0 0.5518373842592592 0.3365885416666667 0.21420717592592586 0.22539062499999996
0 0.37481192129629626 0.41666666666666663 0.2422164351851852 0.2709201388888889
0 0.5553747106481481 0.9475477430555556 0.21069155092592595 0.10490451388888888
0 0.30581597222222223 0.9809461805555555 0.20376157407407403 0.03810763888888902
0 0.9308232060185185 0.40557725694444446 0.12955729166666674 0.17860243055555558
0 0.37387152777777777 0.7439019097222221 0.1996672453703704 0.1664930555555557
0 0.9311848958333333 0.24928385416666665 0.08538773148148149 0.22838541666666667
0 0.20168547453703706 0.9555121527777778 0.17909432870370368 0.08897569444444442
0 0.5637152777777779 0.7217447916666666 0.1762297453703705 0.1659722222222224
0 0.4790509259259259 0.6338975694444444 0.14477719907407405 0.15160590277777786
0 0.3177951388888889 0.5726779513888889 0.21521990740740737 0.29374999999999996
0 0.8780237268518518 0.0791015625 0.09545717592592595 0.11731770833333333
0 0.5969907407407408 0.8494791666666667 0.18025173611111112 0.1738715277777778
0 0.49788049768518516 0.22011718749999998 0.23551793981481484 0.21414930555555556