0 0.6826171875 0.5947265625 0.169921875 0.1845703125
0 0.3115234375 0.46875 0.16796875 0.1572265625
0 0.13671875 0.2734375 0.2724609375 0.3623046875
0 0.8310546875 0.302734375 0.2421875 0.259765625
0 0.8759765625 0.0849609375 0.2421875 0.169921875
0 0.5283203125 0.42578125 0.3173828125 0.2177734375
0 0.4306640625 0.869140625 0.193359375 0.193359375
0 0.8134765625 0.70703125 0.1845703125 0.240234375
0 0.6083984375 0.1279296875 0.21484375 0.240234375
0 0.3349609375 0.7314453125 0.15234375 0.1787109375
0 0.6640625 0.9287109375 0.17578125 0.142578125
0 0.8408203125 0.958984375 0.119140625 0.08203125
0 0.486328125 0.2451171875 0.220703125 0.205078125