0 0.7138671875 0.740234375 0.1669921875 0.166015625
0 0.5380859375 0.5888671875 0.15234375 0.1630859375
0 0.802734375 0.4462890625 0.1416015625 0.166015625
0 0.0556640625 0.6953125 0.111328125 0.19140625
0 0.650390625 0.1318359375 0.1435546875 0.2138671875
0 0.5302734375 0.7744140625 0.1513671875 0.189453125
0 0.171875 0.916015625 0.1865234375 0.16796875
0 0.302734375 0.3642578125 0.1455078125 0.1611328125
0 0.271484375 0.1279296875 0.2265625 0.205078125
0 0.6474609375 0.361328125 0.1552734375 0.16015625
0 0.9345703125 0.119140625 0.1298828125 0.2216796875
0 0.87109375 0.6064453125 0.1513671875 0.16015625
0 0.50390625 0.0322265625 0.1513671875 0.0625
0 0.4521484375 0.400390625 0.12109375 0.13671875
0 0.15234375 0.5185546875 0.15234375 0.1748046875
0 0.93359375 0.755859375 0.1162109375 0.1962890625
0 0.4580078125 0.9111328125 0.1845703125 0.15625