0 0.4677734375 0.4384765625 0.1328125 0.138671875
0 0.5615234375 0.064453125 0.125 0.1279296875
0 0.1669921875 0.35546875 0.1259765625 0.1279296875
0 0.6474609375 0.501953125 0.109375 0.1044921875
0 0.1162109375 0.8408203125 0.1201171875 0.123046875
0 0.115234375 0.6171875 0.123046875 0.1201171875
0 0.9384765625 0.3173828125 0.1181640625 0.111328125
0 0.328125 0.4853515625 0.14453125 0.1435546875
0 0.828125 0.3173828125 0.111328125 0.107421875
0 0.103515625 0.1689453125 0.123046875 0.1162109375
0 0.166015625 0.7568359375 0.1337890625 0.1201171875
0 0.7080078125 0.111328125 0.10546875 0.1083984375
0 0.5419921875 0.3115234375 0.1376953125 0.15234375
0 0.287109375 0.78125 0.1259765625 0.12109375
0 0.404296875 0.5732421875 0.09765625 0.0966796875
0 0.2626953125 0.19921875 0.1376953125 0.126953125
0 0.294921875 0.68359375 0.1220703125 0.103515625
0 0.71484375 0.9306640625 0.109375 0.134765625
0 0.603515625 0.935546875 0.130859375 0.126953125
0 0.84765625 0.7978515625 0.1484375 0.1298828125
0 0.8056640625 0.4892578125 0.1318359375 0.126953125
0 0.7978515625 0.6005859375 0.1005859375 0.107421875
0 0.193359375 0.4951171875 0.125 0.1279296875
0 0.3994140625 0.1396484375 0.115234375 0.126953125
0 0.6953125 0.6298828125 0.1259765625 0.134765625
0 0.8681640625 0.2294921875 0.1162109375 0.123046875
0 0.48046875 0.541015625 0.111328125 0.091796875
0 0.90234375 0.4814453125 0.1171875 0.12109375
0 0.2568359375 0.1357421875 0.125 0.14453125
0 0.1796875 0.2412109375 0.109375 0.12109375
0 0.3076171875 0.599609375 0.1162109375 0.115234375
0 0.46875 0.044921875 0.107421875 0.0888671875
0 0.7001953125 0.4052734375 0.1015625 0.115234375
0 0.60546875 0.4189453125 0.1259765625 0.1142578125
0 0.12109375 0.4482421875 0.099609375 0.1083984375
0 0.5185546875 0.7587890625 0.134765625 0.142578125
0 0.787109375 0.673828125 0.103515625 0.0947265625
0 0.9052734375 0.3935546875 0.1015625 0.10546875
0 0.734375 0.279296875 0.1416015625 0.1533203125
0 0.9638671875 0.755859375 0.072265625 0.1279296875
0 0.05859375 0.0322265625 0.1171875 0.064453125
0 0.443359375 0.2724609375 0.1083984375 0.1142578125
0 0.6240234375 0.849609375 0.1015625 0.08984375
0 0.056640625 0.51171875 0.1123046875 0.1025390625
0 0.873046875 0.08984375 0.1357421875 0.15234375
0 0.291015625 0.3779296875 0.1494140625 0.1318359375
0 0.2841796875 0.943359375 0.123046875 0.107421875
0 0.173828125 0.0439453125 0.1376953125 0.087890625
0 0.7236328125 0.3291015625 0.1279296875 0.1923828125
0 0.04296875 0.9619140625 0.0849609375 0.0751953125
0 0.6630859375 0.42578125 0.1416015625 0.1416015625
0 0.392578125 0.3681640625 0.09765625 0.1044921875
0 0.025390625 0.59765625 0.048828125 0.1103515625
0 0.9677734375 0.134765625 0.064453125 0.1064453125
0 0.8798828125 0.6435546875 0.1171875 0.111328125
0 0.9423828125 0.9033203125 0.115234375 0.1279296875
0 0.4345703125 0.5302734375 0.1337890625 0.1787109375
0 0.48828125 0.1298828125 0.1015625 0.1015625
0 0.0966796875 0.7021484375 0.1103515625 0.099609375
0 0.400390625 0.859375 0.109375 0.125
0 0.51171875 0.884765625 0.12109375 0.130859375
0 0.6826171875 0.75390625 0.1826171875 0.1435546875
0 0.7314453125 0.0390625 0.1474609375 0.0771484375
0 0.8818359375 0.2421875 0.111328125 0.1103515625
0 0.80859375 0.8828125 0.1259765625 0.1220703125
0 0.462890625 0.634765625 0.111328125 0.115234375
0 0.1474609375 0.9609375 0.123046875 0.078125
0 0.046875 0.392578125 0.09375 0.1259765625