0 0.5007884837962964 0.4433376736111111 0.1575810185185187 0.15759548611111107
0 0.38950376157407407 0.07710503472222222 0.14642650462962958 0.13394097222222223
0 0.8015625 0.33463541666666663 0.1489583333333333 0.14375000000000004
0 0.32100694444444444 0.5234375 0.12803819444444442 0.11987847222222214
0 0.8763744212962963 0.8213107638888889 0.14286747685185186 0.1397135416666666
0 0.8663049768518518 0.5952039930555555 0.14470486111111125 0.13780381944444464
0 0.04399594907407407 0.35859375 0.08799189814814815 0.12734374999999998
0 0.6443865740740741 0.47879774305555556 0.17160011574074074 0.16375868055555554
0 0.12875434027777777 0.351953125 0.1301070601851852 0.12187499999999996
0 0.8570818865740741 0.14029947916666666 0.14252025462962958 0.13385416666666666
0 0.8224681712962962 0.7409071180555555 0.15642361111111125 0.13806423611111107
0 0.24052372685185186 0.13246527777777778 0.12631655092592586 0.12374131944444444
0 0.4190393518518518 0.3212456597222222 0.16436631944444446 0.1733506944444445
0 0.7001519097222222 0.7753472222222222 0.14872685185185186 0.13984374999999982
0 0.571216724537037 0.5749565972222221 0.11585648148148131 0.11180555555555571
0 0.697996238425926 0.18467881944444445 0.16274594907407414 0.14600694444444445
0 0.6864076967592593 0.6772569444444445 0.14171006944444442 0.12018229166666661
0 0.2724537037037037 0.9424045138888889 0.13217592592592597 0.11519097222222219
0 0.3858506944444444 0.9416015625 0.1519386574074073 0.11679687499999991
0 0.13112702546296295 0.8399522569444444 0.17274305555555558 0.15013020833333335
0 0.15872395833333333 0.5227647569444445 0.15493344907407408 0.14583333333333326
0 0.17160011574074074 0.6355034722222223 0.1203414351851852 0.12165798611111112
0 0.7822554976851852 0.4789279513888889 0.14907407407407414 0.14570312500000004
0 0.5552083333333333 0.135546875 0.1391927083333333 0.1435329861111111
0 0.2779224537037037 0.6564453125 0.1494212962962963 0.15156249999999982
0 0.0830078125 0.2658637152777778 0.13896122685185186 0.1396267361111111
0 0.4916087962962963 0.5487413194444445 0.12918113425925926 0.10624999999999996
0 0.0646701388888889 0.5235026041666666 0.1293402777777778 0.13767361111111098
0 0.6999204282407407 0.11920572916666666 0.15206886574074074 0.1633246527777778
0 0.7839192708333333 0.21983506944444445 0.13103298611111125 0.1375
0 0.6698423032407408 0.5937717013888889 0.13654513888888875 0.1317708333333334
0 0.47999131944444445 0.051736111111111115 0.1220486111111111 0.08463541666666667
0 0.2630280671296296 0.4292534722222222 0.12275752314814814 0.12951388888888893
0 0.3604528356481481 0.43532986111111116 0.14631076388888897 0.13198784722222223
0 0.8529369212962963 0.42476128472222224 0.12034143518518525 0.12165798611111112
0 0.4636501736111111 0.7730251736111111 0.16171875000000002 0.1615885416666667
0 0.18684895833333334 0.708203125 0.12160011574074076 0.10998263888888893
0 0.056300636574074074 0.4343532986111111 0.11260127314814815 0.11970486111111112
0 0.2214916087962963 0.3051215277777778 0.16827256944444446 0.17343750000000002
0 0.029423466435185185 0.8070529513888889 0.05884693287037037 0.13849826388888897
0 0.8931495949074074 0.026692708333333336 0.11604456018518516 0.016232638888888887
0 0.5176938657407407 0.2735677083333333 0.12861689814814814 0.12964409722222225
0 0.3599175347222222 0.8733940972222223 0.11734664351851842 0.1040364583333333
0 0.9170789930555556 0.4809461805555556 0.11815682870370381 0.1177083333333333
0 0.07647931134259259 0.1248046875 0.15295862268518517 0.17135416666666667
0 0.6764322916666667 0.3670572916666667 0.1728587962962962 0.15208333333333335
0 0.710134548611111 0.9369140625 0.14194155092592586 0.12408854166666661
0 0.7796875 0.04372829861111111 0.15156250000000004 0.05603298611111111
0 0.23519965277777777 0.3543185763888889 0.1626591435185185 0.21037326388888888
0 0.9274522569444444 0.9329427083333334 0.04185474537037037 0.08090277777777777
0 0.3020833333333333 0.4467447916666667 0.16757812500000002 0.1617187499999999
0 0.5737774884259259 0.3667317708333333 0.11620370370370381 0.11766493055555549
0 0.948119212962963 0.5676866319444445 0.04589120370370381 0.11610243055555558
0 0.010141782407407408 0.17706163194444446 0.020283564814814817 0.11584201388888893
0 0.09138454861111112 0.685546875 0.13826678240740742 0.1279079861111112
0 0.05397858796296297 0.9408420138888889 0.10795717592592594 0.11831597222222223
0 0.5384331597222223 0.5341362847222222 0.16587094907407396 0.1987413194444445
0 0.4643880208333333 0.13352864583333332 0.11999421296296298 0.11579861111111112
0 0.8897063078703704 0.6788411458333333 0.12975983796296298 0.11601562499999996
0 0.5873480902777778 0.8637803819444445 0.1312644675925927 0.14140625000000018
0 0.4766927083333333 0.8994574652777778 0.14528356481481475 0.14756944444444442
0 0.296021412037037 0.7800564236111112 0.2089409722222222 0.1684895833333333
0 0.21412760416666668 0.06636284722222222 0.16122685185185187 0.08745659722222221
0 0.07042100694444445 0.2802517361111111 0.13033854166666664 0.12578124999999996
0 0.17417534722222222 0.9220703125 0.14872685185185186 0.13984374999999982
0 0.5144314236111112 0.6421440972222222 0.13263888888888875 0.13168402777777777
0 0.8506438078703704 0.9419921874999999 0.13606770833333348 0.09079861111111098
0 0.9222439236111111 0.3607855902777778 0.10782696759259247 0.14088541666666665