0 0.22739438657407407 0.5995008680555556 0.2505063657407407 0.2809027777777777
0 0.7192563657407407 0.7944733796296296 0.12123842592592604 0.11111111111111116
0 0.7724609375 0.6217158564814815 0.11357060185185186 0.11490162037037033
0 0.8812210648148149 0.07586082175925926 0.1093026620370372 0.10507812500000002
0 0.8905888310185186 0.6189887152777778 0.10727719907407396 0.1030960648148147
0 0.6498842592592593 0.24050925925925926 0.10706018518518512 0.09723668981481481
0 0.7856264467592593 0.08020833333333334 0.1151620370370372 0.10516493055555556
0 0.532154224537037 0.047294560185185186 0.12290219907407396 0.09458912037037037
0 0.8299334490740741 0.16846788194444445 0.12717013888888884 0.11315104166666667
0 0.9136284722222222 0.3704644097222222 0.08673321759259256 0.07546296296296295
0 0.09957320601851852 0.7626157407407408 0.150390625 0.21304976851851842
0 0.9607385706018519 0.7918475115740741 0.07852285879629628 0.10467303240740744
0 0.527416087962963 0.9702618634259259 0.10908564814814814 0.04651331018518512
0 0.6879340277777778 0.9512731481481481 0.1122685185185186 0.07974537037037033
0 0.7957537615740741 0.1162109375 0.14026331018518512 0.15043402777777776
0 0.7945601851851852 0.2686559606481481 0.08926504629629628 0.09111689814814816
0 0.9825665509259259 0.6438946759259259 0.03486689814814814 0.08858506944444455
0 0.9863642939814814 0.08696469907407407 0.0272714120370372 0.09418402777777776
0 0.6220341435185185 0.12171585648148148 0.09490740740740744 0.08534432870370373
0 0.24464699074074073 0.0125 0.17288773148148145 0.025
0 0.9675202546296297 0.29335214120370373 0.0649594907407407 0.11633391203703702
0 0.9285662615740742 0.9320746527777778 0.12319155092592604 0.11114004629629637
0 0.5779803240740741 0.48878038194444445 0.10517939814814814 0.0991608796296296
0 0.5014829282407407 0.5338831018518518 0.09375 0.10679976851851847
0 0.6438802083333333 0.3422164351851852 0.08962673611111116 0.10088252314814816
0 0.5205078125 0.2297236689814815 0.11349826388888884 0.11294849537037033
0 0.4099392361111111 0.19911747685185185 0.10561342592592593 0.11087962962962966
0 0.3758680555555556 0.09702690972222222 0.09953703703703698 0.10493344907407409
0 0.44205729166666663 0.06380208333333333 0.0932436342592593 0.09312789351851852
0 0.7953920717592593 0.8451316550925926 0.11697048611111116 0.10128761574074074
0 0.8984013310185186 0.75078125 0.10561342592592604 0.1108796296296295
0 0.6105685763888888 0.6563585069444444 0.09331597222222232 0.09508101851851847
0 0.9597439236111112 0.17335069444444445 0.08051215277777768 0.08324652777777775
0 0.7527126736111112 0.32594762731481486 0.0849971064814814 0.08129340277777786