0 0.44650607638888884 0.4345703125 0.1552083333333334 0.15234375
0 0.5248263888888889 0.056640625 0.14175347222222223 0.11328125
0 0.13559027777777777 0.376953125 0.14687499999999998 0.140625
0 0.6337890625 0.4833984375 0.12630208333333326 0.1171875
0 0.10457899305555554 0.876953125 0.1408420138888889 0.13671875
0 0.09325086805555556 0.6484375 0.14262152777777778 0.1328125
0 0.9157986111111112 0.2685546875 0.12274305555555554 0.125
0 0.30518663194444445 0.494140625 0.16727430555555556 0.16015625
0 0.8108723958333334 0.2783203125 0.12834201388888888 0.119140625
0 0.06651475694444445 0.19140625 0.1330295138888889 0.12890625
0 0.1505642361111111 0.787109375 0.15442708333333333 0.134765625
0 0.6791449652777778 0.078125 0.12256944444444451 0.12109375
0 0.5169921875 0.298828125 0.16176215277777772 0.16796875
0 0.2759331597222222 0.80078125 0.14474826388888884 0.13671875
0 0.38739149305555554 0.578125 0.11219618055555558 0.107421875
0 0.22610677083333333 0.2080078125 0.15868055555555555 0.142578125
0 0.28036024305555557 0.701171875 0.13793402777777775 0.115234375
0 0.7212239583333333 0.9111328125 0.13142361111111112 0.14453125
0 0.6063151041666667 0.92578125 0.14874131944444446 0.138671875
0 0.8515842013888889 0.7685546875 0.17057291666666674 0.146484375
0 0.7951605902777779 0.4560546875 0.1528211805555557 0.142578125
0 0.79296875 0.5712890625 0.11857638888888888 0.119140625
0 0.1674262152777778 0.517578125 0.14492187499999998 0.140625
0 0.3641276041666667 0.134765625 0.13515624999999998 0.140625
0 0.6887369791666667 0.609375 0.14722222222222214 0.1484375
0 0.8482421875 0.1845703125 0.13498263888888884 0.13671875
0 0.46436631944444445 0.5380859375 0.12569444444444444 0.103515625
0 0.89453125 0.439453125 0.13684895833333344 0.134765625
0 0.21725260416666667 0.1435546875 0.14765625 0.158203125
0 0.1427951388888889 0.2587890625 0.12894965277777776 0.1328125
0 0.28910590277777776 0.6142578125 0.13463541666666667 0.12890625
0 0.42986111111111114 0.0400390625 0.12074652777777772 0.080078125
0 0.6842447916666667 0.380859375 0.12087673611111116 0.126953125
0 0.5876302083333333 0.4013671875 0.14440104166666679 0.12890625
0 0.09116753472222222 0.4755859375 0.11662326388888888 0.119140625
0 0.5122178819444445 0.7578125 0.15733506944444442 0.15625
0 0.7847005208333333 0.6474609375 0.12000868055555558 0.107421875
0 0.8936414930555556 0.349609375 0.11848958333333348 0.1171875
0 0.7135850694444444 0.248046875 0.16575520833333335 0.169921875
0 0.9467013888888889 0.7158203125 0.048958333333333215 0.134765625
0 0.034375 0.0625 0.06875 0.0546875
0 0.41388888888888886 0.267578125 0.12673611111111116 0.126953125
0 0.6257161458333333 0.8408203125 0.1157552083333333 0.099609375
0 0.04481336805555555 0.5458984375 0.0896267361111111 0.115234375
0 0.8439453125 0.0615234375 0.1558593749999999 0.123046875
0 0.2630425347222222 0.3876953125 0.17065972222222225 0.1484375
0 0.28092447916666663 0.9521484375 0.13901909722222228 0.095703125
0 0.1288845486111111 0.06640625 0.15021701388888886 0.083984375
0 0.7044487847222223 0.2998046875 0.1576388888888891 0.20703125
0 0.041102430555555555 0.9814453125 0.08220486111111111 0.037109375
0 0.64609375 0.404296875 0.16523437500000004 0.158203125
0 0.3673828125 0.369140625 0.11449652777777775 0.115234375
0 0.015006510416666665 0.6357421875 0.03001302083333333 0.1171875
0 0.9369140625 0.0791015625 0.06362847222222223 0.11328125
0 0.8782769097222223 0.607421875 0.13446180555555554 0.125
0 0.9252821180555555 0.8681640625 0.07842881944444446 0.138671875
0 0.41779513888888886 0.53125 0.16102430555555558 0.1953125
0 0.45475260416666663 0.1171875 0.11831597222222223 0.11328125
0 0.07758246527777779 0.7373046875 0.12604166666666666 0.111328125
0 0.3968315972222222 0.87109375 0.12921006944444446 0.138671875
0 0.5113715277777777 0.88671875 0.14118923611111112 0.14453125
0 0.6810546875 0.73828125 0.2065104166666667 0.1640625
0 0.6981336805555556 0.0244140625 0.15842013888888884 0.048828125
0 0.8623263888888888 0.197265625 0.1285156249999999 0.123046875
0 0.8163411458333334 0.8583984375 0.14474826388888884 0.13671875
0 0.4503038194444444 0.634765625 0.13064236111111116 0.126953125
0 0.14027777777777778 0.974609375 0.13506944444444446 0.05078125
0 0.03413628472222222 0.4228515625 0.06827256944444444 0.138671875