0 0.91015625 0.09765625 0.0859375 0.0966796875
0 0.5234375 0.814453125 0.0908203125 0.0927734375
0 0.54296875 0.5263671875 0.0751953125 0.08203125
0 0.6220703125 0.6767578125 0.0791015625 0.072265625
0 0.42578125 0.302734375 0.0888671875 0.08984375
0 0.2099609375 0.8828125 0.1044921875 0.0986328125
0 0.1640625 0.47265625 0.0849609375 0.09375
0 0.69921875 0.814453125 0.0654296875 0.072265625
0 0.9404296875 0.7353515625 0.0947265625 0.0888671875
0 0.32421875 0.740234375 0.0908203125 0.107421875
0 0.12109375 0.328125 0.0625 0.06640625
0 0.60546875 0.84375 0.07421875 0.0751953125
0 0.3759765625 0.87109375 0.083984375 0.076171875
0 0.439453125 0.4638671875 0.07421875 0.0810546875
0 0.755859375 0.8427734375 0.072265625 0.0703125
0 0.1376953125 0.2099609375 0.0595703125 0.0634765625
0 0.5732421875 0.9501953125 0.0634765625 0.060546875
0 0.2431640625 0.37890625 0.072265625 0.07421875
0 0.87109375 0.615234375 0.064453125 0.0732421875
0 0.8642578125 0.16015625 0.06640625 0.07421875
0 0.5419921875 0.380859375 0.0712890625 0.0732421875
0 0.9365234375 0.5146484375 0.0537109375 0.05859375
0 0.1982421875 0.634765625 0.0849609375 0.0849609375
0 0.1220703125 0.126953125 0.0888671875 0.0546875
0 0.03125 0.0400390625 0.0625 0.076171875
0 0.3515625 0.0419921875 0.05078125 0.0546875
0 0.41796875 0.0859375 0.068359375 0.046875
0 0.623046875 0.134765625 0.048828125 0.0595703125
0 0.609375 0.0634765625 0.0673828125 0.072265625
0 0.5791015625 0.44140625 0.056640625 0.052734375
0 0.8349609375 0.3818359375 0.0673828125 0.068359375
0 0.9287109375 0.9501953125 0.0556640625 0.056640625
0 0.509765625 0.1728515625 0.0634765625 0.076171875
0 0.765625 0.1181640625 0.0654296875 0.0576171875
0 0.8037109375 0.1875 0.0703125 0.06640625
0 0.8759765625 0.025390625 0.0712890625 0.05078125
0 0.8505859375 0.7265625 0.0595703125 0.0546875
0 0.181640625 0.076171875 0.0615234375 0.0625
0 0.28125 0.1318359375 0.0615234375 0.0546875
0 0.732421875 0.193359375 0.0732421875 0.072265625