0 0.9202763310185185 0.055808738425925916 0.08738425925925908 0.10083912037037038
0 0.5384765625 0.7978877314814815 0.09318576388888888 0.0971498842592593
0 0.5536675347222222 0.5041956018518519 0.07738715277777786 0.08485243055555558
0 0.6360026041666667 0.6535734953703703 0.08313078703703702 0.07725694444444442
0 0.4321325231481481 0.2810329861111111 0.09117476851851847 0.09317129629629628
0 0.2211443865740741 0.8790147569444444 0.1069733796296296 0.10546875
0 0.16809172453703702 0.4637586805555555 0.08735532407407409 0.09888599537037035
0 0.7171730324074074 0.7902922453703703 0.06750578703703702 0.0766782407407407
0 0.9562934027777779 0.7011357060185186 0.08741319444444429 0.09338831018518512
0 0.33519965277777775 0.7292028356481481 0.09341724537037033 0.1127748842592593
0 0.12293836805555555 0.3178891782407407 0.0634837962962963 0.06872106481481488
0 0.6228949652777778 0.8240740740740741 0.07534722222222223 0.07892071759259256
0 0.38990162037037035 0.8600622106481481 0.08709490740740744 0.08130787037037046
0 0.4482204861111111 0.44361255787037035 0.07543402777777786 0.08478009259259256
0 0.7752242476851852 0.817455150462963 0.07526041666666661 0.07306134259259256
0 0.13777488425925927 0.19813368055555555 0.061501736111111094 0.06669560185185186
0 0.5912977430555555 0.9337022569444444 0.06537905092592577 0.06488715277777768
0 0.247728587962963 0.36505353009259256 0.07531828703703702 0.07696759259259256
0 0.8889829282407408 0.5816695601851851 0.06750578703703702 0.07667824074074092
0 0.8743272569444445 0.12004484953703703 0.06750578703703702 0.07667824074074076
0 0.5514829282407407 0.35673466435185186 0.07336516203703702 0.07689525462962965
0 0.9529079861111112 0.47768373842592593 0.05555555555555536 0.06061921296296302
0 0.20569299768518517 0.6274956597222223 0.08721064814814816 0.08912037037037024
0 0.1199291087962963 0.11476417824074074 0.09065393518518519 0.05801504629629631
0 0.02980324074074074 0.0341796875 0.05960648148148148 0.068359375
0 0.35203993055555555 0.02374493634259259 0.051591435185185164 0.04748987268518518
0 0.42008825231481484 0.06163194444444444 0.07100694444444444 0.04947916666666667
0 0.6288194444444444 0.1027560763888889 0.051678240740740566 0.062427662037037035
0 0.6150535300925926 0.03468605324074074 0.07141203703703702 0.06937210648148148
0 0.5894892939814815 0.4159071180555556 0.057450810185185386 0.05678530092592582
0 0.8483579282407407 0.3457392939814815 0.06940104166666661 0.07284432870370372
0 0.9526258680555555 0.9203197337962963 0.05750868055555536 0.06069155092592604
0 0.5151403356481481 0.1460503472222222 0.06561053240740744 0.08051215277777779
0 0.7740957754629629 0.08174189814814814 0.06727430555555558 0.061053240740740755
0 0.8132233796296295 0.15064380787037035 0.07129629629629619 0.06901041666666663
0 0.8831163194444445 0.004810474537037035 0.07092013888888893 0.00962094907407407
0 0.8691767939814815 0.6957465277777778 0.061357060185185164 0.05692997685185186
0 0.1806857638888889 0.060727719907407406 0.06342592592592589 0.06481481481481481
0 0.2821108217592593 0.11364293981481481 0.06331018518518516 0.0570023148148148
0 0.7410300925925926 0.158203125 0.07531828703703702 0.07696759259259256