0 0.5080439814814814 0.3758608217592593 0.19116030092592595 0.23182870370370368
0 0.45772569444444444 0.7643663194444444 0.20815972222222223 0.22258391203703698
0 0.40480324074074076 0.2755859375 0.18791956018518519 0.17714120370370368
0 0.7067418981481481 0.6419560185185185 0.2603443287037037 0.2806712962962963
0 0.8403935185185185 0.8212673611111111 0.2310185185185185 0.21351273148148153
0 0.3007740162037037 0.9288917824074074 0.16147280092592597 0.12566550925925934
0 0.8349103009259259 0.2228732638888889 0.16297743055555558 0.15105613425925923
0 0.8005208333333333 0.441283275462963 0.18919270833333335 0.19862557870370368
0 0.09834707754629629 0.7783781828703704 0.19669415509259258 0.2660156250000001
0 0.6223090277777779 0.8823206018518519 0.21940104166666652 0.18197337962962967
0 0.04979021990740741 0.14690393518518519 0.09958043981481482 0.16712962962962963
0 0.9035734953703703 0.5776331018518519 0.13498263888888884 0.23796296296296293
0 0.7301866319444444 0.11108940972222223 0.2700954861111111 0.22217881944444445
0 0.034266493055555555 0.5074291087962963 0.06853298611111111 0.23514178240740735
0 0.26239872685185184 0.8032986111111111 0.24631076388888884 0.241261574074074
0 0.15229311342592594 0.5063078703703704 0.1779369212962963 0.2060908564814814
0 0.3111472800925926 0.5893373842592593 0.1811487268518519 0.19448784722222223
0 0.2404513888888889 0.15372540509259258 0.27709780092592595 0.234375
0 0.20125868055555557 0.32158564814814816 0.1739149305555555 0.2040219907407408
0 0.633326099537037 0.3838469328703704 0.2734664351851852 0.33760127314814814
0 0.4981481481481481 0.14803964120370372 0.24525462962962963 0.19053819444444442
0 0.13470052083333334 0.9347873263888888 0.25510706018518514 0.1264901620370371