0 0.35188802083333337 0.2925130208333333 0.1752604166666667 0.17890625000000004
0 0.8396484375 0.8365234374999999 0.09973958333333321 0.15442708333333321
0 0.3510416666666667 0.07021484375 0.16080729166666674 0.1404296875
0 0.8640625 0.2661458333333333 0.13997395833333348 0.1454427083333334
0 0.6036458333333333 0.7598958333333333 0.11236979166666661 0.11054687500000004
0 0.3369140625 0.5025390625 0.11875000000000002 0.11874999999999991
0 0.6662760416666667 0.3162760416666667 0.16809895833333321 0.15898437499999996
0 0.9654296875 0.13105468750000002 0.052213541666666696 0.14153645833333334
0 0.9124348958333333 0.5030598958333333 0.10950520833333321 0.15507812499999996
0 0.8608072916666667 0.6212239583333333 0.16419270833333321 0.1587239583333333
0 0.13307291666666665 0.36640625 0.12486979166666667 0.123046875
0 0.1318359375 0.04147135416666667 0.126953125 0.08294270833333334
0 0.9658203125 0.05227864583333333 0.05794270833333326 0.081640625
0 0.23964843749999998 0.06569010416666667 0.11901041666666667 0.12265625
0 0.623046875 0.454296875 0.1356770833333334 0.13932291666666663
0 0.9421223958333333 0.24733072916666668 0.08294270833333339 0.13580729166666666
0 0.188671875 0.144921875 0.13098958333333333 0.12734374999999998
0 0.8720703125 0.03323567708333333 0.1216145833333333 0.06647135416666666
0 0.6384114583333333 0.573828125 0.1401041666666667 0.1473958333333334
0 0.4153645833333333 0.7841145833333334 0.15625 0.15625
0 0.3494140625 0.5921223958333334 0.12955729166666663 0.13502604166666665
0 0.4440104166666667 0.5731770833333334 0.09414062499999998 0.099609375
0 0.35078125000000004 0.5278645833333333 0.1454427083333334 0.16914062500000004
0 0.40397135416666663 0.6925130208333333 0.10416666666666674 0.10416666666666674
0 0.6559895833333333 0.20807291666666666 0.173828125 0.15742187500000004
0 0.2060546875 0.6279296875 0.13945312499999996 0.1376302083333334
0 0.729296875 0.45013020833333334 0.1371093750000001 0.13164062500000007
0 0.8310546875 0.36751302083333337 0.15208333333333335 0.15208333333333335
0 0.5588541666666667 0.16302083333333334 0.1645833333333333 0.1645833333333333
0 0.8337890625 0.7056640624999999 0.14960937499999982 0.1441406249999999
0 0.11236979166666666 0.4727864583333333 0.13671875 0.15494791666666674
0 0.4864583333333333 0.30104166666666665 0.15013020833333335 0.15195312500000002
0 0.6414713541666667 0.8341796875 0.115234375 0.12434895833333348
0 0.1025390625 0.24108072916666667 0.1147135416666667 0.11653645833333337
0 0.5985677083333334 0.05240885416666667 0.1416666666666666 0.10481770833333334
0 0.8278645833333333 0.48828125 0.1578124999999999 0.15052083333333344
0 0.9059895833333333 0.10390625 0.10859375000000004 0.11223958333333334
0 0.6337890625 0.6723307291666667 0.12513020833333321 0.126953125
0 0.7081380208333334 0.6216796875 0.11562500000000009 0.1010416666666667
0 0.2544270833333333 0.47109375 0.09830729166666674 0.10377604166666665
0 0.16165364583333333 0.5501953125 0.09622395833333336 0.10169270833333344
0 0.019401041666666667 0.7266927083333333 0.038802083333333334 0.10911458333333335