0 0.28717447916666666 0.7556785300925926 0.1958333333333333 0.19444444444444442
0 0.4482204861111111 0.576171875 0.18198784722222228 0.19003182870370372
0 0.17063802083333332 0.48213252314814814 0.17222222222222222 0.18967013888888884
0 0.9211371527777779 0.5966796875 0.11067708333333348 0.20883969907407396
0 0.2928602430555556 0.1451461226851852 0.18220486111111112 0.23878761574074076
0 0.47330729166666663 0.7575593171296295 0.1850694444444445 0.21549479166666652
0 0.8443142361111111 0.8335141782407407 0.21749131944444455 0.1991464120370372
0 0.6617404513888889 0.3128255208333333 0.17400173611111125 0.18583622685185186
0 0.6699869791666666 0.0982349537037037 0.2615885416666668 0.1964699074074074
0 0.3179470486111111 0.37040653935185186 0.18376736111111114 0.18619791666666674
0 0.04641927083333333 0.1818214699074074 0.09283854166666666 0.24182581018518517
0 0.11825086805555556 0.6517650462962963 0.1798611111111111 0.1860532407407407
0 0.4289279513888889 0.03255208333333333 0.1616753472222222 0.06510416666666666
0 0.5156684027777778 0.3747829861111111 0.1454427083333334 0.15747974537037035
0 0.8258029513888889 0.4383680555555555 0.18437500000000018 0.19986979166666663
0 0.07313368055555555 0.8095341435185185 0.1462673611111111 0.21621817129629628
0 0.5585720486111111 0.8791956018518519 0.21306423611111103 0.18728298611111116