0 0.9206380208333333 0.7869068287037038 0.12291666666666679 0.12484085648148158
0 0.5090784143518519 0.9456669560185185 0.10522280092592595 0.10866608796296306
0 0.3805121527777777 0.6412398726851852 0.15241608796296302 0.13894675925925926
0 0.16127748842592593 0.14395978009259258 0.11114004629629631 0.12076099537037038
0 0.5516203703703704 0.32841435185185186 0.12268518518518512 0.10921585648148147
0 0.15984519675925926 0.04728009259259259 0.11265914351851852 0.09149305555555555
0 0.7249782986111111 0.10154079861111111 0.126851851851852 0.12685185185185185
0 0.7306061921296296 0.7450376157407408 0.11294849537037033 0.11102430555555554
0 0.8898582175925926 0.4886646412037037 0.12087673611111116 0.11895254629629637
0 0.9638382523148148 0.3277271412037037 0.07232349537037042 0.10855034722222223
0 0.9368923611111111 0.25604745370370374 0.12621527777777786 0.12300347222222219
0 0.8990813078703703 0.3862847222222222 0.11682581018518512 0.10912905092592595
0 0.5634114583333334 0.4652777777777778 0.09717881944444429 0.10102719907407409
0 0.9911313657407408 0.1982638888888889 0.017737268518518423 0.12528935185185186
0 0.7999927662037037 0.28815827546296297 0.10907118055555554 0.11291956018518523
0 0.963013599537037 0.6059895833333333 0.07397280092592595 0.09688946759259265
0 0.9370370370370371 0.9052879050925926 0.12093460648148158 0.12285879629629637
0 0.5888382523148148 0.5339988425925926 0.08927951388888888 0.09505208333333348
0 0.17928240740740742 0.23893229166666666 0.11880787037037033 0.1111111111111111
0 0.4432508680555556 0.3287615740740741 0.0971498842592593 0.09907407407407409
0 0.7780960648148147 0.9788700810185185 0.11406250000000018 0.042259837962963065
0 0.47507957175925924 0.1046730324074074 0.11679687500000002 0.10717592592592592
0 0.5192780671296297 0.583738425925926 0.0874710648148147 0.10478877314814827
0 0.563527199074074 0.8685112847222223 0.10918692129629637 0.12073206018518512
0 0.8138454861111111 0.10285734953703704 0.10094039351851869 0.09131944444444445
0 0.5775752314814815 0.6304904513888889 0.08522858796296306 0.08522858796296306
0 0.7743851273148148 0.4049406828703703 0.1011429398148147 0.10499131944444451
0 0.8389684606481482 0.94072265625 0.12285879629629637 0.11855468750000009
0 0.6146050347222223 0.4279586226851852 0.09335937499999991 0.10682870370370368
0 0.761038773148148 0.8880353009259259 0.11731770833333321 0.14233217592592595
0 0.6696903935185186 0.5215277777777778 0.08336226851851869 0.09105902777777786
0 0.7418836805555555 0.5177155671296296 0.1089554398148147 0.10510706018518512
0 0.6021195023148148 0.11241319444444445 0.12705439814814823 0.14052372685185183
0 0.25285011574074073 0.06427951388888889 0.08534432870370368 0.09304108796296295
0 0.7116825810185186 0.6539568865740741 0.0991898148148147 0.10496238425925908
0 0.4733796296296296 0.8466724537037037 0.10332754629629626 0.12064525462962972
0 0.9888744212962963 0.4110966435185185 0.02225115740740735 0.10587384259259269
0 0.446607349537037 0.5553240740740741 0.08132233796296295 0.08517071759259265
0 0.33120659722222223 0.0810619212962963 0.0893373842592593 0.09895833333333331
0 0.3961371527777778 0.37785734953703703 0.10504918981481481 0.10504918981481481
0 0.9268880208333333 0.07037037037037036 0.14622395833333335 0.0802951388888889
0 0.946752025462963 0.960669849537037 0.09315682870370368 0.07866030092592591
0 0.4098090277777778 0.2462528935185185 0.09921875000000002 0.10691550925925924
0 0.9676938657407408 0.9902994791666666 0.043460648148148096 0.019401041666666785
0 0.5808304398148147 0.5866030092592592 0.1114004629629628 0.13833912037037033
0 0.9917679398148148 0.5449146412037037 0.016464120370370372 0.11948784722222228
0 0.9039785879629629 0.12371961805555556 0.11484374999999991 0.10714699074074074
0 0.06882233796296297 0.1640697337962963 0.10703125000000002 0.10703125000000002
0 0.5570818865740741 0.10393518518518519 0.18731192129629637 0.12188946759259262
0 0.49866174768518523 0.5102068865740741 0.08726851851851847 0.09111689814814805
0 0.6593315972222222 0.7449580439814816 0.10499131944444451 0.1011429398148147
0 0.639894386574074 0.8169198495370371 0.12073206018518512 0.10918692129629637
0 0.5014250578703704 0.5649233217592593 0.11860532407407409 0.09743923611111116
0 0.8317129629629629 0.7816840277777778 0.11315104166666679 0.12469618055555554
0 0.06315104166666666 0.04487123842592593 0.08333333333333331 0.08910590277777777
0 0.7848741319444444 0.058492476851851855 0.10455729166666661 0.07184606481481481
0 0.6521195023148147 0.32404513888888886 0.10677083333333348 0.08945312499999991