0 0.41631944444444446 0.15234375 0.34826388888888893 0.3046875
0 0.9183883101851852 0.6875 0.1528790509259259 0.16796875
0 0.3541087962962963 0.8310546875 0.17410300925925926 0.150390625
0 0.9891782407407408 0.2119140625 0.021643518518518423 0.181640625
0 0.9653211805555555 0.3974609375 0.06935763888888902 0.138671875
0 0.34686776620370374 0.0126953125 0.20545428240740748 0.025390625
0 0.9775390625 0.568359375 0.044921875 0.08203125
0 0.7545572916666666 0.703125 0.08729745370370368 0.091796875
0 0.8878110532407408 0.9306640625 0.10088252314814827 0.0859375
0 0.9054615162037036 0.5400390625 0.09309895833333348 0.087890625
0 0.8328993055555556 0.9814453125 0.09429976851851851 0.037109375
0 0.9486834490740741 0.4912109375 0.0991608796296295 0.1015625
0 0.8507378472222222 0.603515625 0.09513888888888888 0.09375
0 0.029477719907407406 0.7373046875 0.03875868055555555 0.111328125
0 0.758666087962963 0.98046875 0.09432870370370372 0.0390625