0 0.49479166666666663 0.7129774305555556 0.08535879629629628 0.09105902777777786
0 0.40690104166666663 0.16087239583333335 0.0810185185185186 0.07928240740740744
0 0.685619212962963 0.2514178240740741 0.08145254629629628 0.09100115740740744
0 0.9204282407407407 0.3943431712962963 0.08940972222222232 0.09502314814814816
0 0.6186342592592593 0.08355758101851853 0.08521412037037024 0.08715277777777777
0 0.9210431134259259 0.5885633680555555 0.0810185185185186 0.07928240740740744
0 0.7161820023148149 0.5330367476851852 0.07732928240740744 0.08508391203703702
0 0.3726490162037037 0.9539134837962964 0.0810908564814814 0.08123553240740744
0 0.9273003472222222 0.8149088541666667 0.0873842592592593 0.09304108796296306
0 0.8702618634259259 0.04071180555555556 0.08340567129629628 0.08142361111111111
0 0.8887803819444444 0.11566840277777778 0.10517939814814814 0.09916087962962963
0 0.23488136574074076 0.5099103009259259 0.08145254629629628 0.09100115740740744
0 0.11751302083333333 0.6219401041666667 0.08130787037037038 0.08709490740740744
0 0.04152199074074074 0.11945167824074074 0.08304398148148148 0.0851996527777778
0 0.640697337962963 0.1730251736111111 0.09707754629629628 0.09123263888888888
0 0.35326244212962965 0.7658275462962962 0.09136284722222232 0.09505208333333348
0 0.8855251736111112 0.3353226273148148 0.08912037037037024 0.08721064814814816
0 0.27195457175925924 0.011979166666666667 0.08890335648148151 0.023958333333333335
0 0.05237268518518518 0.03556495949074074 0.08854166666666667 0.07112991898148148
0 0.8245442708333333 0.011733217592592594 0.07356770833333348 0.023466435185185187
0 0.03184678819444444 0.6369285300925926 0.06369357638888888 0.0752314814814814
0 0.49497251157407407 0.6026837384259259 0.08535879629629628 0.09105902777777786
0 0.8041087962962963 0.8733434606481482 0.0928096064814814 0.08140914351851847
0 0.4389105902777778 0.24531250000000002 0.09302662037037035 0.08726851851851852
0 0.5630787037037037 0.1341579861111111 0.07291666666666674 0.07135416666666666
0 0.05844907407407407 0.8726779513888889 0.07725694444444445 0.08313078703703702
0 0.9724030671296297 0.071484375 0.05215567129629628 0.09056712962962962
0 0.884837962962963 0.06399739583333333 0.10597511574074092 0.12064525462962963
0 0.4394169560185185 0.9695167824074074 0.07204861111111116 0.04791666666666661
0 0.12626591435185186 0.7018446180555555 0.08709490740740744 0.08522858796296306
0 0.11317274305555555 0.9763020833333333 0.09143518518518517 0.04429976851851847
0 0.8852358217592593 0.9492476851851852 0.07892071759259256 0.07534722222222223
0 0.716724537037037 0.6765046296296295 0.08933738425925908 0.09307002314814827
0 0.015118634259259259 0.32586805555555554 0.030237268518518517 0.07092013888888893
0 0.23683449074074076 0.9051721643518518 0.08282696759259256 0.07540509259259265
0 0.18616174768518517 0.13876591435185187 0.05692997685185186 0.061357060185185164
0 0.5025318287037037 0.18776041666666665 0.08535879629629628 0.09105902777777775
0 0.18348524305555555 0.02826244212962963 0.0920138888888889 0.05652488425925926
0 0.3453052662037037 0.03383246527777778 0.07486979166666674 0.06766493055555556
0 0.4767433449074074 0.11982060185185185 0.06488715277777779 0.06537905092592591
0 0.7885199652777778 0.39824942129629626 0.07291666666666674 0.07135416666666661
0 0.8795572916666667 0.47010271990740743 0.07096354166666652 0.07132523148148151
0 0.3939525462962963 0.8794198495370371 0.07306134259259256 0.07526041666666661
0 0.41033709490740744 0.9640914351851853 0.08420138888888884 0.05980902777777786
0 0.9499782986111112 0.7033058449074074 0.05056423611111116 0.10030381944444455
0 0.007685908564814813 0.49097945601851856 0.015371817129629626 0.1254629629629629
0 0.6489800347222222 0.4764467592592593 0.09143518518518512 0.09700520833333326
0 0.8647280092592593 0.6596715856481481 0.09461805555555536 0.0775318287037039
0 0.056712962962962965 0.3134403935185185 0.07320601851851852 0.07916666666666661
0 0.8780381944444444 0.7219401041666667 0.08029513888888884 0.05975115740740744
0 0.792896412037037 0.7544343171296296 0.07313368055555536 0.07721354166666661
0 0.7269241898148149 0.7964048032407407 0.0624276620370372 0.051678240740740566
0 0.5512514467592593 0.47984664351851847 0.06098090277777768 0.06532118055555558
0 0.8110170717592593 0.26517650462962966 0.06705729166666652 0.0712673611111111
0 0.7542679398148149 0.13718171296296297 0.06857638888888884 0.0595775462962963
0 0.7336877893518519 0.21849681712962962 0.07298900462962976 0.07330729166666666
0 0.45721209490740744 0.018294270833333334 0.05627893518518512 0.03658854166666667