0 0.8129991319444445 0.3002387152777778 0.2494791666666667 0.33709490740740744
0 0.5566623263888889 0.5521195023148148 0.34739583333333335 0.3524305555555556
0 0.09262152777777778 0.7813946759259259 0.14379340277777777 0.32342303240740744
0 0.8329210069444445 0.6249638310185185 0.29379340277777777 0.3114149305555556
0 0.9426866319444445 0.8149956597222222 0.11462673611111107 0.2431278935185186
0 0.8887586805555556 0.0771484375 0.19548611111111125 0.154296875
0 0.3376953125 0.7703631365740741 0.3237847222222222 0.34375
0 0.0986328125 0.3481987847222222 0.18641493055555558 0.22157118055555558
0 0.5321831597222222 0.15426070601851852 0.20551215277777768 0.20276331018518517
0 0.3729817708333333 0.0787037037037037 0.17556423611111116 0.1574074074074074
0 0.46453993055555554 0.32096354166666663 0.2256510416666666 0.23083043981481488
0 0.596875 0.8663194444444444 0.2074218750000001 0.20088252314814814
0 0.20614149305555554 0.5680338541666666 0.16371527777777778 0.16608796296296302
0 0.06703559027777778 0.5096571180555556 0.11445312499999999 0.14474826388888884
0 0.03248697916666667 0.054506655092592594 0.06401909722222222 0.07067418981481481
0 0.26458333333333334 0.4270833333333333 0.15004340277777772 0.1655815972222222
0 0.08717447916666667 0.9760923032407407 0.08493923611111112 0.04607928240740744
0 0.8949652777777778 0.9100115740740741 0.1796875 0.09447337962962954
0 0.4334635416666667 0.9456741898148149 0.21657986111111116 0.08608217592592604