0 0.6853515625 0.7142505787037037 0.18368055555555562 0.19033564814814818
0 0.5220269097222222 0.559107349537037 0.169921875 0.18561921296296302
0 0.8031467013888889 0.41663773148148153 0.1582465277777778 0.18687789351851847
0 0.0435546875 0.6601345486111111 0.087109375 0.2070746527777778
0 0.6786458333333334 0.10619936342592592 0.16519097222222223 0.21239872685185185
0 0.49637586805555556 0.7478804976851852 0.17052951388888893 0.2129629629629628
0 0.12081163194444444 0.8832682291666667 0.20520833333333333 0.19356192129629646
0 0.3057942708333333 0.3271267361111111 0.1620659722222222 0.18320312500000002
0 0.2954427083333333 0.10319010416666667 0.2489583333333334 0.20638020833333334
0 0.6539496527777777 0.32795138888888886 0.17374131944444438 0.18194444444444446
0 0.9441189236111112 0.10142505787037037 0.11054687499999982 0.20285011574074074
0 0.8570529513888889 0.5802155671296296 0.16983506944444438 0.18171296296296302
0 0.5364583333333334 0.015697337962962965 0.15755208333333326 0.03139467592592593
0 0.4531684027777778 0.3661820023148148 0.13606770833333326 0.15435474537037042
0 0.1384765625 0.48333333333333334 0.17213541666666665 0.19745370370370374
0 0.9054036458333334 0.73046875 0.13546006944444455 0.21478587962962958
0 0.41141493055555556 0.8845775462962963 0.20108506944444438 0.1835648148148148