0 0.3618706597222222 0.21443142361111112 0.13346354166666674 0.12591145833333328
0 0.47746672453703703 0.20210503472222224 0.12962962962962965 0.12777777777777777
0 0.4907769097222222 0.3432942708333333 0.1015625 0.10763888888888884
0 0.40111400462962965 0.3404079861111111 0.12557870370370372 0.12378472222222225
0 0.15784143518518517 0.40143229166666666 0.12615740740740744 0.13940972222222225
0 0.5824291087962963 0.8984157986111111 0.09628182870370372 0.12313368055555562
0 0.7596571180555556 0.8027560763888889 0.11364293981481488 0.11766493055555549
0 0.9393084490740741 0.7997395833333334 0.06423611111111116 0.10095486111111107
0 0.9550419560185185 0.5593532986111112 0.05099826388888884 0.11236979166666661
0 0.24008969907407407 0.7362413194444444 0.1338252314814815 0.1356770833333334
0 0.05049189814814814 0.9024305555555555 0.0802951388888889 0.11302083333333335
0 0.1277126736111111 0.9514539930555554 0.12246817129629628 0.09249131944444455
0 0.06633391203703703 0.23758680555555556 0.11342592592592593 0.1118055555555556
0 0.03074363425925926 0.20043402777777777 0.06148726851851852 0.13819444444444445
0 0.18681278935185186 0.22515190972222224 0.12174479166666663 0.12565104166666669
0 0.2591507523148148 0.40601128472222225 0.13107638888888884 0.11414930555555558
0 0.6773726851851851 0.055512152777777775 0.10619212962962976 0.11102430555555555
0 0.7965856481481481 0.052256944444444446 0.10995370370370372 0.10451388888888889
0 0.6315104166666667 0.23185763888888888 0.11574074074074092 0.1216145833333333
0 0.14478443287037035 0.12167968750000001 0.11002604166666663 0.125390625
0 0.28790509259259256 0.15655381944444446 0.10995370370370372 0.12343749999999998
0 0.49927662037037035 0.11380208333333333 0.087890625 0.10733506944444443
0 0.9126519097222222 0.20219184027777776 0.10539641203703698 0.10577256944444446
0 0.7274305555555556 0.2238715277777778 0.10959201388888884 0.11367187499999998
0 0.8923249421296295 0.5139105902777779 0.11147280092592604 0.11176215277777768
0 0.9457826967592593 0.7039713541666667 0.0585214120370372 0.10473090277777786
0 0.48998119212962965 0.9180338541666666 0.11140046296296302 0.10980902777777768
0 0.22916666666666666 0.8730902777777778 0.09563078703703703 0.10555555555555562
0 0.045355902777777776 0.8030381944444445 0.09071180555555555 0.12890625
0 0.07581018518518517 0.4032552083333333 0.107421875 0.10776909722222228
0 0.013635706018518517 0.4409505208333333 0.027271412037037035 0.1415364583333334
0 0.8888888888888888 0.896484375 0.12181712962962976 0.07491319444444455
0 0.43279803240740744 0.4333767361111111 0.09801793981481488 0.11731770833333333
0 0.26244212962962965 0.34348958333333335 0.1255063657407407 0.12183159722222214
0 0.34848813657407407 0.28595920138888886 0.10814525462962965 0.12730034722222228
0 0.1808810763888889 0.3062717013888889 0.12391493055555558 0.13155381944444444
0 0.35886863425925924 0.058376736111111105 0.10727719907407407 0.10386284722222222
0 0.01768663194444444 0.5804470486111111 0.03537326388888888 0.12035590277777786
0 0.1488715277777778 0.6436197916666666 0.103515625 0.10768229166666687
0 0.047055844907407406 0.6762369791666667 0.09411168981481481 0.11158854166666665
0 0.11480034722222221 0.5624131944444445 0.14113136574074076 0.12217881944444442
0 0.3011791087962963 0.9310112847222223 0.10329861111111116 0.10182291666666687
0 0.5269820601851852 0.4986111111111111 0.10510706018518512 0.09796006944444446
0 0.4488570601851852 0.031684027777777776 0.10228587962962965 0.06336805555555555
0 0.5514684606481481 0.9703342013888889 0.0810908564814814 0.02912326388888875
0 0.3299696180555556 0.9703776041666666 0.10120081018518512 0.04518229166666665
0 0.706127025462963 0.5883029513888889 0.09686053240740744 0.08606770833333321
0 0.7506510416666666 0.4926649305555556 0.09121817129629628 0.091796875