0 0.884375 0.7626591435185186 0.17413194444444446 0.22777777777777786
0 0.24307725694444443 0.9253544560185185 0.27816840277777777 0.14929108796296298
0 0.7063585069444445 0.5259114583333333 0.264626736111111 0.2870225694444444
0 0.3667534722222222 0.4520833333333334 0.23376736111111107 0.25164930555555554
0 0.4892578125 0.7949001736111111 0.20889756944444438 0.1753182870370371
0 0.35086805555555556 0.6776258680555556 0.23841145833333333 0.22434895833333335
0 0.4828342013888889 0.10419560185185185 0.24136284722222223 0.20289351851851853
0 0.8725911458333333 0.5222583912037038 0.22165798611111098 0.28670428240740753
0 0.33797743055555557 0.2643084490740741 0.2700520833333333 0.1894386574074074
0 0.5150824652777778 0.9147858796296297 0.20108506944444438 0.1704282407407407
0 0.6659071180555556 0.7327112268518519 0.2045572916666667 0.1655237268518519
0 0.7172526041666667 0.14891493055555555 0.3662760416666666 0.28972800925925923
0 0.9266059027777778 0.16414207175925927 0.06371527777777786 0.20353009259259258
0 0.5463324652777778 0.47783564814814816 0.25668402777777777 0.24010416666666656
0 0.11790364583333333 0.41009837962962964 0.23580729166666667 0.2694155092592593
0 0.7096354166666667 0.8697989004629629 0.2718750000000001 0.2304542824074074
0 0.8962239583333333 0.8916956018518518 0.13342013888888893 0.10251736111111098
0 0.03982204861111111 0.5892361111111111 0.07964409722222222 0.28003472222222214
0 0.08305121527777778 0.8632016782407408 0.16610243055555557 0.23553240740740744
0 0.11614583333333334 0.15028211805555555 0.23229166666666667 0.2068142361111111
0 0.8788845486111111 0.24877748842592592 0.16523437500000004 0.159375
0 0.31640625 0.1342230902777778 0.21059027777777772 0.1694733796296296
0 0.40219184027777777 0.9496383101851852 0.13936631944444444 0.10072337962962963
0 0.19340277777777778 0.6158926504629629 0.2107204861111111 0.2163339120370371
0 0.1925564236111111 0.788794849537037 0.14500868055555555 0.143605324074074