0 0.16507523148148148 0.7332175925925926 0.1181568287037037 0.12348090277777768
0 0.554810474537037 0.9044415509259259 0.10448495370370381 0.12246817129629628
0 0.6804325810185186 0.6077473958333333 0.15010127314814814 0.13751446759259256
0 0.8950231481481481 0.14066116898148148 0.10815972222222214 0.11885127314814814
0 0.5212890625 0.3056640625 0.11918402777777781 0.10800057870370372
0 0.896187789351852 0.04709201388888888 0.1089554398148147 0.09418402777777776
0 0.35913628472222225 0.08521412037037036 0.12413194444444442 0.12586805555555555
0 0.34636140046296293 0.6972294560185186 0.10953414351851842 0.10923032407407396
0 0.19729456018518518 0.4493272569444445 0.11780960648148148 0.11762152777777779
0 0.11565393518518519 0.2964771412037037 0.10160590277777776 0.10669849537037035
0 0.15371093749999998 0.22696035879629628 0.12585358796296298 0.12210648148148151
0 0.19047309027777776 0.3507667824074074 0.11332465277777781 0.10756655092592593
0 0.5073857060185185 0.4351851851851852 0.09539930555555554 0.10040509259259256
0 0.06717303240740741 0.17353877314814814 0.09701967592592592 0.12774884259259262
0 0.28522135416666666 0.2613570601851852 0.10769675925925926 0.11103877314814814
0 0.11852575231481481 0.5601128472222222 0.09114583333333334 0.0942563657407407
0 0.1462818287037037 0.8464265046296295 0.12194733796296298 0.12181712962962976
0 0.4827690972222222 0.49978298611111116 0.08712384259259254 0.09201388888888884
0 0.8768518518518519 0.23126446759259256 0.11550925925925926 0.11161747685185186
0 0.6234881365740741 0.30888310185185186 0.0952835648148147 0.09845196759259256
0 0.2978081597222222 0.9372106481481481 0.1118200231481481 0.08217592592592604
0 0.5970269097222223 0.09407552083333331 0.1132089120370372 0.10561342592592593
0 0.5494864004629629 0.5497685185185185 0.0858651620370372 0.10358796296296302
0 0.5027271412037038 0.8200231481481481 0.10815972222222214 0.11885127314814814
0 0.27371238425925926 0.08369502314814814 0.09677372685185182 0.09078414351851855
0 0.49320746527777776 0.5931712962962963 0.08275462962962965 0.08391203703703698
0 0.3084780092592593 0.3724320023148148 0.09953703703703698 0.10460069444444442
0 0.23959056712962962 0.8816912615740741 0.11987847222222225 0.11971932870370372
0 0.46014901620370374 0.3994502314814815 0.09172453703703698 0.1040219907407407
0 0.31511140046296293 0.831958912037037 0.11333912037037042 0.140625
0 0.40647424768518514 0.48679832175925924 0.08114872685185182 0.08962673611111105
0 0.3374204282407407 0.4801432291666667 0.10528067129629637 0.10308159722222221
0 0.07057291666666667 0.8598813657407407 0.044849537037037035 0.1005497685185186
0 0.47564380787037036 0.09816261574074074 0.12482638888888886 0.13758680555555555
0 0.8089916087962963 0.0626808449074074 0.08321759259259265 0.09172453703703703
0 0.3648220486111111 0.6115089699074074 0.09758391203703698 0.1044560185185186
0 0.5888888888888888 0.8008897569444444 0.10034722222222214 0.11827256944444442
0 0.06944444444444445 0.3773871527777778 0.09195601851851853 0.1079282407407407
0 0.6185836226851852 0.5240523726851851 0.07896412037037037 0.08557581018518512
0 0.7332826967592593 0.07613570601851852 0.08930844907407409 0.09606481481481483
0 0.6684895833333333 0.3565538194444444 0.10137442129629637 0.10279224537037046
0 0.16012008101851852 0.045717592592592594 0.15227141203703703 0.09143518518518519
0 0.13705873842592592 0.9059606481481481 0.09505208333333337 0.09454571759259256
0 0.6571180555555556 0.2308666087962963 0.09769965277777781 0.10640914351851855
0 0.09640480324074073 0.9482060185185186 0.08401331018518518 0.0723379629629628
0 0.4896846064814815 0.5502748842592593 0.10920138888888897 0.13642939814814814
0 0.06788917824074074 0.5001085069444444 0.0830005787037037 0.12087673611111116
0 0.18841145833333334 0.1008029513888889 0.11125578703703703 0.10546875
0 0.9644241898148148 0.16138599537037038 0.07115162037037037 0.1037326388888889
0 0.5184389467592593 0.09205005787037036 0.18237847222222214 0.12434895833333334
0 0.5688151041666667 0.4786964699074074 0.08505497685185182 0.08991608796296291
0 0.032703993055555554 0.04050925925925926 0.03806423611111111 0.08101851851851852
0 0.4131727430555555 0.699146412037037 0.10321180555555554 0.10098379629629628
0 0.4310112847222222 0.7684461805555556 0.11734664351851853 0.10980902777777768
0 0.5660807291666667 0.5318648726851852 0.11458333333333348 0.09599247685185186
0 0.24917534722222223 0.7289496527777777 0.1103443287037037 0.12290219907407396
0 0.06765769675925926 0.7610315393518519 0.05151909722222223 0.11465567129629628
0 0.9729600694444445 0.047236689814814804 0.05407986111111107 0.09027777777777778
0 0.3016637731481482 0.03859230324074074 0.10332754629629637 0.07718460648148148
0 0.4247757523148148 0.29908130787037035 0.1025173611111112 0.08926504629629628