0 0.2958984375 0.36328125 0.212890625 0.2421875
0 0.134765625 0.6826171875 0.1845703125 0.2001953125
0 0.3984375 0.7001953125 0.162109375 0.224609375
0 0.6728515625 0.630859375 0.1748046875 0.2470703125
0 0.9033203125 0.7978515625 0.1875 0.2099609375
0 0.5126953125 0.90625 0.1845703125 0.1826171875
0 0.3662109375 0.8583984375 0.1220703125 0.1328125
0 0.232421875 0.92578125 0.14453125 0.142578125
0 0.0888671875 0.92578125 0.15234375 0.142578125
0 0.8076171875 0.9384765625 0.2646484375 0.1171875
0 0.4599609375 0.517578125 0.1552734375 0.1552734375
0 0.5146484375 0.2138671875 0.1796875 0.2021484375
0 0.6787109375 0.2060546875 0.2177734375 0.22265625
0 0.80859375 0.0771484375 0.1640625 0.154296875
0 0.9345703125 0.1611328125 0.125 0.16796875
0 0.142578125 0.197265625 0.1796875 0.1845703125
0 0.08203125 0.0888671875 0.125 0.142578125
0 0.1298828125 0.3720703125 0.1552734375 0.1552734375
0 0.150390625 0.494140625 0.14453125 0.1474609375
0 0.0546875 0.576171875 0.109375 0.1953125
0 0.2841796875 0.6533203125 0.15234375 0.1728515625
0 0.3798828125 0.1640625 0.169921875 0.15234375
0 0.927734375 0.6064453125 0.1396484375 0.22265625
0 0.646484375 0.4638671875 0.1572265625 0.1123046875
0 0.2099609375 0.7958984375 0.1279296875 0.126953125
0 0.8291015625 0.640625 0.1259765625 0.203125
0 0.564453125 0.6787109375 0.177734375 0.267578125
0 0.36328125 0.9453125 0.099609375 0.0673828125
0 0.8388671875 0.4990234375 0.1357421875 0.1181640625
0 0.484375 0.40234375 0.16796875 0.169921875
0 0.48828125 0.0625 0.134765625 0.1240234375
0 0.2021484375 0.0478515625 0.1171875 0.095703125
0 0.68359375 0.0419921875 0.1142578125 0.083984375
0 0.2890625 0.0302734375 0.0859375 0.060546875
0 0.052734375 0.03515625 0.10546875 0.0703125
0 0.96484375 0.0380859375 0.0703125 0.076171875
0 0.677734375 0.3427734375 0.126953125 0.1025390625