0 0.44863281250000003 0.3779296875 0.15112847222222225 0.208984375
0 0.5367621527777777 0.7626953125 0.17230902777777768 0.1953125
0 0.5431857638888888 0.25390625 0.1596354166666667 0.15234375
0 0.27471788194444446 0.689453125 0.2164062499999999 0.24609375
0 0.15075954861111113 0.90625 0.20924479166666665 0.1875
0 0.7118923611111111 0.923828125 0.1361979166666667 0.15234375
0 0.105859375 0.2900390625 0.13949652777777777 0.125
0 0.16065538194444445 0.5048828125 0.15616319444444443 0.171875
0 0.9053385416666667 0.7001953125 0.16349826388888888 0.23828125
0 0.3818793402777778 0.9208984375 0.1929687499999999 0.158203125
0 0.9245225694444444 0.056640625 0.15095486111111112 0.11328125
0 0.05822482638888889 0.669921875 0.11644965277777777 0.21875
0 0.19635416666666666 0.12890625 0.22790798611111107 0.236328125
0 0.9587022569444444 0.408203125 0.06948784722222223 0.2265625
0 0.7369791666666667 0.76171875 0.20967881944444455 0.20703125
0 0.8194010416666666 0.4365234375 0.14470486111111125 0.18359375
0 0.6673611111111111 0.5546875 0.15030381944444438 0.171875
0 0.6970703125 0.0966796875 0.2425781250000001 0.193359375
0 0.7530164930555556 0.259765625 0.14079861111111125 0.18359375
0 0.3228515625 0.4130859375 0.2177083333333334 0.3046875
0 0.43721788194444444 0.14453125 0.2182291666666667 0.15234375
0 0.87421875 0.9140625 0.21475694444444438 0.171875