0 0.6791015625 0.9025607638888888 0.2611255787037037 0.12051504629629628
0 0.6954933449074074 0.31119791666666663 0.3140914351851851 0.3540219907407407
0 0.6895399305555556 0.7635633680555556 0.34435763888888893 0.2998408564814814
0 0.19696180555555556 0.12395109953703703 0.2845486111111111 0.24790219907407407
0 0.9141276041666666 0.6041304976851851 0.17174479166666679 0.3720341435185186
0 0.8449797453703703 0.8687065972222222 0.21843171296296293 0.16015625
0 0.35174334490740744 0.33666087962962965 0.1669126157407408 0.1796875
0 0.8399377893518518 0.14756944444444442 0.22352430555555558 0.22084780092592593
0 0.9939380787037038 0.3008897569444444 0.012123842592592471 0.23820891203703698
0 0.17114438657407408 0.33239293981481477 0.24406828703703703 0.24182581018518512
0 0.29346064814814815 0.536060474537037 0.3173177083333333 0.3036747685185186
0 0.5131944444444445 0.17961516203703703 0.26306423611111107 0.2704716435185185
0 0.924927662037037 0.8980758101851851 0.07806712962962958 0.07971643518518512
0 0.35262586805555557 0.010235821759259259 0.15056423611111114 0.020471643518518517
0 0.4575954861111111 0.05443431712962963 0.21597222222222223 0.10886863425925926
0 0.8750361689814814 0.8811848958333333 0.18566261574074083 0.12854456018518512
0 0.07913773148148148 0.6754557291666667 0.09973958333333333 0.23502604166666652
0 0.9223451967592593 0.2651548032407407 0.1553096064814814 0.19017650462962954
0 0.9068142361111111 0.4501953125 0.18637152777777777 0.25166377314814814
0 0.06402633101851851 0.4785517939814815 0.08956886574074074 0.22649016203703698
0 0.9781684027777777 0.115234375 0.04366319444444455 0.17939814814814814
0 0.6241825810185185 0.040617766203703706 0.22492766203703707 0.08123553240740741
0 0.4413917824074074 0.7799840856481481 0.2504340277777779 0.252025462962963
0 0.3329065393518519 0.8997757523148149 0.21155960648148153 0.14019097222222232
0 0.49734519675925926 0.932689525462963 0.16760706018518512 0.08051215277777768
0 0.5800708912037037 0.42954282407407407 0.1571469907407408 0.17896412037037046
0 0.4531032986111111 0.4575737847222222 0.2050347222222222 0.20196759259259256
0 0.1646122685185185 0.7357855902777778 0.23258101851851853 0.20789930555555558
0 0.7667462384259259 0.5509982638888888 0.28576388888888893 0.2955005787037037