0 0.9216652199074074 0.19830005787037036 0.1566695601851853 0.2426359953703704
0 0.8883897569444444 0.3944227430555556 0.20918692129629624 0.2040943287037037
0 0.8803385416666667 0.9018229166666667 0.1937789351851853 0.17459490740740735
0 0.4902850115740741 0.7688078703703705 0.2466435185185185 0.21050347222222232
0 0.4967013888888889 0.4647352430555555 0.1875723379629629 0.16864872685185184
0 0.7027271412037037 0.5271701388888889 0.28401331018518516 0.2813078703703704
0 0.4511646412037037 0.24060329861111113 0.2984809027777777 0.26200810185185186
0 0.29551504629629627 0.5664351851851852 0.24079861111111112 0.2435908564814815
0 0.7352141203703704 0.20120804398148148 0.29296875 0.2677806712962963
0 0.06556712962962963 0.8425419560185186 0.036689814814814814 0.09225983796296289
0 0.8883029513888889 0.6541449652777778 0.22339409722222214 0.24192708333333335
0 0.7592520254629629 0.78828125 0.2510127314814814 0.21837384259259274
0 0.36162471064814816 0.4120008680555556 0.20149016203703707 0.20593171296296298
0 0.4859230324074074 0.9096209490740741 0.22479745370370363 0.17115162037037024
0 0.28013599537037037 0.07907986111111111 0.29074074074074074 0.15815972222222222
0 0.47803096064814815 0.5950086805555556 0.23710937500000007 0.21426504629629628
0 0.09050925925925926 0.33977864583333334 0.1470341435185185 0.2090277777777778
0 0.7400101273148147 0.9254050925925925 0.20099826388888875 0.1317708333333334
0 0.8729817708333334 0.10142505787037037 0.1839843750000001 0.10810185185185184
0 0.12747395833333333 0.6666666666666667 0.19082754629629628 0.2565104166666665
0 0.432935474537037 0.06917679398148148 0.295558449074074 0.13835358796296296
0 0.8041811342592593 0.8042317708333333 0.1781539351851853 0.1743634259259259
0 0.2746383101851852 0.24712818287037036 0.1836805555555555 0.20176504629629632
0 0.6279586226851852 0.06244212962962963 0.18560474537037042 0.12488425925925926
0 0.7952980324074075 0.3244502314814815 0.14079861111111125 0.1367332175925926
0 0.8997178819444445 0.2886935763888889 0.17491319444444442 0.11967592592592591
0 0.15500578703703705 0.17461660879629629 0.19275173611111107 0.1901909722222222