0 0.22108651620370373 0.502857349537037 0.1406105324074074 0.1543258101851852
0 0.17968026620370373 0.6069372106481481 0.17041377314814815 0.16495949074074057
0 0.30640914351851856 0.7003978587962962 0.1747251157407408 0.1728877314814814
0 0.42550636574074074 0.3646050347222222 0.25175057870370376 0.26682581018518514
0 0.6338324652777778 0.35810185185185184 0.23749999999999982 0.21765046296296298
0 0.5641637731481481 0.5188729745370371 0.2001157407407408 0.17364004629629637
0 0.6753689236111111 0.6138237847222222 0.17756076388888897 0.2275752314814814
0 0.8131944444444444 0.451171875 0.1390625000000001 0.1620804398148148
0 0.9331958912037037 0.4658492476851852 0.13360821759259256 0.15881076388888893
0 0.9412760416666667 0.7217664930555556 0.11744791666666665 0.1977575231481481
0 0.6276186342592593 0.8776258680555555 0.22588252314814827 0.2192563657407407
0 0.34425636574074076 0.9351345486111111 0.25894097222222223 0.12973090277777777
0 0.49015480324074073 0.9638744212962963 0.22495659722222217 0.0722511574074074
0 0.0703052662037037 0.20879629629629629 0.1296730324074074 0.20665509259259257
0 0.8127965856481482 0.6315465856481481 0.18867187500000004 0.21620370370370368
0 0.8098958333333333 0.8576750578703705 0.2323495370370372 0.23114872685185173
0 0.5123553240740741 0.6479962384259259 0.20153356481481488 0.20098379629629637
0 0.41909722222222223 0.8051432291666667 0.29761284722222214 0.24868344907407414
0 0.07275028935185185 0.3687789351851852 0.11633391203703702 0.17505787037037035
0 0.08187210648148148 0.6011140046296296 0.11108217592592592 0.1866030092592592
0 0.25264033564814814 0.24637586805555556 0.17391493055555562 0.1572627314814815
0 0.39208622685185185 0.11497395833333333 0.18664641203703702 0.1771412037037037
0 0.5316261574074075 0.06060474537037037 0.17262731481481497 0.09482060185185186
0 0.6537977430555555 0.1978081597222222 0.17513020833333348 0.1807002314814815
0 0.10088252314814815 0.08391927083333334 0.19811921296296295 0.09752604166666667
0 0.8450231481481482 0.10596788194444444 0.24473379629629632 0.1691116898148148
0 0.8517903645833333 0.2876085069444444 0.2964192708333333 0.25270543981481475
0 0.9401258680555555 0.8963975694444445 0.11974826388888893 0.18443287037037037
0 0.1462601273148148 0.7522063078703703 0.1778211805555555 0.15737847222222223
0 0.14784432870370373 0.8930700231481481 0.14785879629629628 0.2138599537037038
0 0.3700159143518519 0.535546875 0.259592013888889 0.2300057870370371
0 0.16315104166666666 0.3821831597222222 0.18732638888888886 0.22786458333333337
0 0.2912326388888889 0.38890335648148144 0.1268663194444445 0.11491608796296293
0 0.27621527777777777 0.1368923611111111 0.12868923611111116 0.150072337962963
0 0.14976851851851852 0.14289641203703704 0.16004050925925928 0.15295138888888887
0 0.39738136574074073 0.04785156249999999 0.13841145833333335 0.07430555555555556
0 0.6376808449074074 0.03742042824074074 0.1777054398148148 0.04231770833333334