0 0.6945529513888888 0.49485677083333335 0.3904947916666668 0.458984375
0 0.42161458333333335 0.10416666666666667 0.3354166666666667 0.17447916666666666
0 0.9421657986111112 0.3556640625 0.11566840277777768 0.2813802083333333
0 0.1372612847222222 0.2529296875 0.23224826388888886 0.2709635416666667
0 0.1181640625 0.7099609375 0.21254340277777778 0.349609375
0 0.13897569444444444 0.9005208333333333 0.24131944444444448 0.15260416666666665
0 0.29086371527777777 0.7146484375 0.22374131944444442 0.2391927083333334
0 0.8925130208333334 0.9021484375 0.18129340277777795 0.1957031250000001
0 0.9088324652777777 0.6003255208333333 0.18233506944444455 0.2764322916666666
0 0.6888888888888889 0.15221354166666665 0.22495659722222228 0.20611979166666666
0 0.40078125 0.30755208333333334 0.3032552083333333 0.30690104166666665
0 0.4369357638888889 0.4864583333333333 0.2270833333333333 0.21406250000000004
0 0.19889322916666666 0.43743489583333334 0.2503472222222222 0.29557291666666663
0 0.9024088541666666 0.9973307291666667 0.10681423611111107 0.005338541666666696
0 0.5786675347222222 0.9624348958333333 0.2074218750000001 0.07513020833333339
0 0.6132378472222222 0.8287760416666667 0.24848090277777768 0.21158854166666652
0 0.4803385416666667 0.7721354166666667 0.2606770833333334 0.3216145833333335
0 0.7649305555555556 0.7657552083333333 0.1988281249999999 0.25898437500000004
0 0.7618272569444444 0.9489583333333333 0.21219618055555545 0.1020833333333333
0 0.3392795138888889 0.9039713541666667 0.3111111111111111 0.19205729166666652
0 0.07606336805555555 0.43899739583333336 0.13702256944444446 0.19830729166666672
0 0.8963975694444445 0.23138020833333334 0.185546875 0.18789062499999998
0 0.8685763888888889 0.16419270833333333 0.24140625000000004 0.15651041666666665
0 0.16657986111111112 0.036458333333333336 0.19253472222222223 0.06354166666666668
0 0.09906684027777778 0.06998697916666666 0.09266493055555555 0.13294270833333333