0 0.333984375 0.3076171875 0.1474609375 0.1796875
0 0.33984375 0.1376953125 0.125 0.1396484375
0 0.572265625 0.13671875 0.1552734375 0.16796875
0 0.46875 0.58984375 0.1474609375 0.1552734375
0 0.6611328125 0.3515625 0.1279296875 0.1220703125
0 0.5859375 0.74609375 0.16796875 0.177734375
0 0.42578125 0.7548828125 0.1572265625 0.169921875
0 0.1787109375 0.4033203125 0.1474609375 0.1376953125
0 0.205078125 0.169921875 0.1650390625 0.1748046875
0 0.94140625 0.494140625 0.1123046875 0.142578125
0 0.9052734375 0.6875 0.1845703125 0.205078125
0 0.1923828125 0.8515625 0.150390625 0.1572265625
0 0.3046875 0.51953125 0.1796875 0.16015625
0 0.46875 0.4560546875 0.146484375 0.15234375
0 0.5830078125 0.44140625 0.0986328125 0.123046875
0 0.673828125 0.498046875 0.095703125 0.1220703125
0 0.771484375 0.515625 0.0908203125 0.0908203125
0 0.8017578125 0.6083984375 0.1484375 0.158203125
0 0.607421875 0.591796875 0.13671875 0.134765625
0 0.283203125 0.6748046875 0.1396484375 0.10546875
0 0.1591796875 0.6416015625 0.193359375 0.12890625
0 0.06640625 0.75390625 0.1328125 0.16015625
0 0.119140625 0.9521484375 0.2021484375 0.095703125
0 0.603515625 0.904296875 0.21484375 0.1396484375
0 0.7333984375 0.865234375 0.1044921875 0.1474609375
0 0.8603515625 0.92578125 0.1494140625 0.1474609375
0 0.70703125 0.2529296875 0.1328125 0.146484375
0 0.7294921875 0.0654296875 0.15234375 0.130859375
0 0.3857421875 0.0234375 0.169921875 0.046875
0 0.4638671875 0.109375 0.1259765625 0.1494140625
0 0.9365234375 0.208984375 0.12109375 0.09765625
0 0.9169921875 0.29296875 0.123046875 0.1162109375
0 0.96484375 0.337890625 0.0703125 0.1171875
0 0.8271484375 0.40234375 0.22265625 0.1748046875
0 0.8623046875 0.169921875 0.0888671875 0.10546875
0 0.7744140625 0.1611328125 0.1142578125 0.107421875
0 0.3408203125 0.92578125 0.169921875 0.1474609375
0 0.3037109375 0.791015625 0.1142578125 0.1689453125
0 0.0556640625 0.3193359375 0.111328125 0.19921875
0 0.0517578125 0.119140625 0.103515625 0.189453125
0 0.0869140625 0.0283203125 0.126953125 0.056640625
0 0.4560546875 0.283203125 0.099609375 0.1279296875
0 0.56640625 0.2578125 0.115234375 0.0859375
0 0.5185546875 0.341796875 0.1240234375 0.07421875