0 0.8677734374999999 0.24887876157407407 0.25855034722222214 0.3062065972222222
0 0.4906684027777778 0.06058304398148148 0.14756944444444442 0.12116608796296297
0 0.8358506944444444 0.8950376157407407 0.14973958333333348 0.15190972222222232
0 0.7342881944444444 0.6353443287037037 0.18181423611111125 0.19017650462962976
0 0.6297526041666667 0.3777126736111111 0.16219618055555562 0.185546875
0 0.43435329861111105 0.25712528935185186 0.1694010416666667 0.15849247685185186
0 0.9205512152777777 0.46451822916666663 0.1415364583333334 0.22186053240740744
0 0.7101128472222222 0.23032407407407407 0.18567708333333321 0.18836805555555558
0 0.08023003472222223 0.2097439236111111 0.10490451388888888 0.15415219907407407
0 0.03599175347222222 0.3881655092592593 0.07198350694444444 0.1415653935185186
0 0.058854166666666666 0.820384837962963 0.11770833333333333 0.11559606481481488
0 0.3685112847222222 0.10246672453703703 0.18593749999999998 0.20008680555555558
0 0.35030381944444444 0.6583478009259258 0.17404513888888884 0.19184027777777768
0 0.1593967013888889 0.03269675925925926 0.1616753472222222 0.06539351851851852
0 0.5705946180555556 0.6248191550925926 0.20234375000000004 0.2358217592592593
0 0.2267361111111111 0.8180700231481481 0.22569444444444448 0.23278356481481488
0 0.8558376736111111 0.7420789930555556 0.19648437499999982 0.23560474537037024
0 0.64296875 0.05929904513888889 0.20811631944444442 0.11859809027777778
0 0.5478515625 0.9457103587962963 0.2260850694444445 0.0747251157407407
0 0.1396701388888889 0.915943287037037 0.17743055555555554 0.08072916666666652
0 0.025130208333333334 0.8659215856481481 0.05026041666666667 0.10800057870370372
0 0.5351128472222222 0.81640625 0.2211805555555557 0.20529513888888884
0 0.4017144097222222 0.8916015625 0.17990451388888884 0.19205729166666674
0 0.20403645833333334 0.25882523148148145 0.24348958333333337 0.2432002314814815
0 0.8961154513888889 0.07121672453703703 0.20551215277777768 0.11494502314814814
0 0.7240668402777777 0.43666811342592593 0.10590277777777768 0.11125578703703698
0 0.4256944444444445 0.5589554398148149 0.19019097222222214 0.2158564814814814
0 0.28546006944444446 0.026222511574074073 0.13611111111111107 0.05244502314814815
0 0.14876302083333331 0.6384910300925926 0.20182291666666663 0.2123842592592593
0 0.07621527777777778 0.534107349537037 0.15243055555555557 0.20912905092592604
0 0.6914930555555556 0.8486689814814815 0.1929687499999999 0.16521990740740744
0 0.6656901041666667 0.5168909143518519 0.11788194444444455 0.12340856481481488
0 0.8362630208333333 0.5691189236111112 0.15546874999999982 0.14626736111111116
0 0.6027777777777777 0.2743055555555556 0.11019965277777777 0.12897858796296302
0 0.45735677083333337 0.40751591435185186 0.1850260416666667 0.15907118055555558
0 0.11705729166666667 0.3967013888888889 0.1375 0.12803819444444442
0 0.20397135416666667 0.08986183449074074 0.2071180555555555 0.17972366898148148
0 0.5437934027777778 0.2062355324074074 0.1988281249999999 0.2532552083333333
0 0.6571397569444444 0.11129195601851852 0.14353298611111098 0.13606770833333331
0 0.7635416666666667 0.15321180555555555 0.12222222222222223 0.14308449074074076