0 0.40234375 0.275390625 0.2548828125 0.259765625
0 0.91015625 0.5400390625 0.169921875 0.169921875
0 0.896484375 0.380859375 0.2021484375 0.16796875
0 0.724609375 0.4560546875 0.1396484375 0.16796875
0 0.5185546875 0.611328125 0.3828125 0.322265625
0 0.2685546875 0.7958984375 0.16796875 0.177734375
0 0.1083984375 0.8076171875 0.216796875 0.240234375
0 0.1708984375 0.0888671875 0.1875 0.177734375
0 0.0478515625 0.09765625 0.0947265625 0.1748046875
0 0.7529296875 0.1708984375 0.2802734375 0.197265625
0 0.7001953125 0.3203125 0.1650390625 0.115234375
0 0.76953125 0.63671875 0.1298828125 0.1875
0 0.482421875 0.861328125 0.1904296875 0.1826171875
0 0.1650390625 0.45703125 0.330078125 0.2998046875
0 0.4248046875 0.068359375 0.259765625 0.13671875
0 0.724609375 0.8330078125 0.1279296875 0.171875
0 0.611328125 0.865234375 0.1083984375 0.1767578125
0 0.314453125 0.9443359375 0.109375 0.111328125
0 0.8125 0.06640625 0.23046875 0.1328125
0 0.8525390625 0.822265625 0.1484375 0.1806640625
0 0.9599609375 0.81640625 0.080078125 0.1953125
0 0.8955078125 0.9384765625 0.208984375 0.123046875
0 0.56640625 0.375 0.1455078125 0.1513671875
0 0.55859375 0.2041015625 0.1162109375 0.1796875