0 0.2998046875 0.3408203125 0.1953125 0.1875
0 0.84765625 0.625 0.1396484375 0.10546875
0 0.744140625 0.81640625 0.3173828125 0.267578125
0 0.21484375 0.7353515625 0.16015625 0.1904296875
0 0.2998046875 0.8798828125 0.1552734375 0.14453125
0 0.2353515625 0.5224609375 0.2353515625 0.2001953125
0 0.2490234375 0.0615234375 0.212890625 0.1025390625
0 0.5673828125 0.1826171875 0.2197265625 0.1904296875
0 0.8291015625 0.2626953125 0.142578125 0.2548828125
0 0.427734375 0.1025390625 0.16015625 0.115234375
0 0.5986328125 0.455078125 0.16796875 0.169921875
0 0.7900390625 0.0791015625 0.142578125 0.158203125
0 0.10546875 0.1494140625 0.2109375 0.193359375
0 0.0693359375 0.4853515625 0.138671875 0.306640625
0 0.0732421875 0.7236328125 0.1455078125 0.162109375
0 0.0732421875 0.9150390625 0.1455078125 0.1357421875
0 0.5048828125 0.9208984375 0.16796875 0.158203125
0 0.4736328125 0.6865234375 0.2744140625 0.2548828125
0 0.630859375 0.6123046875 0.0791015625 0.1142578125
0 0.9501953125 0.3046875 0.0986328125 0.1591796875
0 0.958984375 0.5673828125 0.08203125 0.134765625
0 0.802734375 0.4697265625 0.22265625 0.2099609375
0 0.9599609375 0.7978515625 0.080078125 0.146484375
0 0.46875 0.3564453125 0.1494140625 0.1826171875
0 0.6142578125 0.3359375 0.15625 0.123046875
0 0.10546875 0.302734375 0.1904296875 0.1162109375