0 0.6897063078703703 0.8758318865740742 0.17326388888888888 0.2002314814814814
0 0.1255425347222222 0.6095558449074074 0.1654803240740741 0.20355902777777768
0 0.6716001157407407 0.6714771412037037 0.19500868055555554 0.23697916666666674
0 0.12301070601851852 0.13599537037037038 0.19914641203703703 0.26851851851851855
0 0.8749059606481482 0.9388744212962963 0.1868778935185187 0.12225115740740744
0 0.4011140046296296 0.12731481481481483 0.20240162037037035 0.18091724537037035
0 0.2875434027777778 0.8704427083333333 0.26725983796296293 0.24037905092592604
0 0.0509693287037037 0.4244429976851852 0.09696180555555556 0.17701099537037035
0 0.09976851851851852 0.8194444444444444 0.18932291666666665 0.25998263888888884
0 0.39950086805555557 0.436595775462963 0.18914930555555554 0.23654513888888884
0 0.5464554398148148 0.7744502314814814 0.16134259259259265 0.17201967592592604
0 0.8473668981481481 0.682544849537037 0.17500000000000004 0.17107928240740744
0 0.7418402777777777 0.1398654513888889 0.32342303240740744 0.1801215277777778
0 0.3625072337962963 0.054181134259259266 0.20938946759259258 0.07016782407407408
0 0.751048900462963 0.3289207175925926 0.14176793981481461 0.16471354166666663
0 0.9591435185185185 0.21849681712962962 0.08171296296296293 0.2150607638888889
0 0.44354745370370374 0.9601056134259259 0.23318865740740735 0.07978877314814814
0 0.02183159722222222 0.5755208333333333 0.03616898148148148 0.13932291666666652
0 0.8747178819444444 0.38896122685185186 0.2505642361111111 0.2921006944444444
0 0.11237702546296297 0.9404296875 0.1939091435185185 0.08854166666666674
0 0.9254340277777777 0.595775462962963 0.14913194444444455 0.19878472222222232
0 0.5472511574074075 0.09129050925925927 0.13356481481481497 0.11140046296296297
0 0.6363353587962963 0.39069733796296297 0.21892361111111125 0.3031684027777778
0 0.5396122685185185 0.5094401041666666 0.17905092592592586 0.1908998842592593