0 0.6443648726851852 0.3748046875 0.331004050925926 0.410546875
0 0.3422381365740741 0.066015625 0.3116174768518518 0.13203125
0 0.9142867476851853 0.17233072916666667 0.16983506944444438 0.26315104166666664
0 0.09263237847222222 0.27786458333333336 0.18526475694444444 0.2407552083333333
0 0.09646990740740741 0.7287760416666667 0.19293981481481481 0.3158854166666667
0 0.12959346064814814 0.9218098958333334 0.2591869212962963 0.14075520833333321
0 0.2750434027777778 0.6873697916666667 0.1928819444444444 0.2119791666666666
0 0.8943865740740741 0.7505208333333333 0.18531539351851856 0.2446614583333333
0 0.8919632523148149 0.4188151041666667 0.21077835648148158 0.25611979166666665
0 0.6077690972222223 0.06748046875 0.19850983796296306 0.1349609375
0 0.3435546875 0.2669921875 0.2655237268518519 0.267578125
0 0.3940827546296296 0.4295572916666667 0.20049189814814805 0.1851562499999999
0 0.1607060185185185 0.4421875 0.21278935185185188 0.2640625
0 0.9149450231481482 0.8740885416666666 0.12986111111111098 0.13750000000000018
0 0.5750868055555556 0.8986979166666667 0.19233217592592577 0.1377604166666666
0 0.5959563078703703 0.7167317708333334 0.22193287037037046 0.1807291666666666
0 0.46239149305555555 0.6953776041666666 0.2207899305555555 0.2899739583333334
0 0.7352936921296296 0.6176432291666667 0.16377314814814814 0.2354166666666666
0 0.7560257523148148 0.8495442708333334 0.18488136574074066 0.1860677083333333
0 0.338990162037037 0.883203125 0.2865306712962963 0.2045572916666667
0 0.04933449074074074 0.4731770833333333 0.09866898148148148 0.1786458333333334
0 0.8145109953703704 0.07610677083333334 0.16325231481481461 0.15221354166666667
0 0.7798032407407407 0.03776041666666667 0.22349537037037037 0.07552083333333334
0 0.09734519675925926 0.04147135416666667 0.16468460648148148 0.08294270833333334
0 0.03838252314814815 0.08919270833333334 0.05785590277777777 0.16783854166666667