0 0.7082682291666667 0.4685257523148148 0.2626302083333334 0.22242476851851845
0 0.1208984375 0.32308304398148147 0.23502604166666666 0.18884548611111107
0 0.404296875 0.8574146412037037 0.2027343749999999 0.23129340277777777
0 0.7206380208333334 0.7073640046296297 0.18684895833333348 0.16861979166666652
0 0.8359375 0.821752025462963 0.1811197916666667 0.1997540509259259
0 0.2615234375 0.06032262731481482 0.21523437499999998 0.12064525462962963
0 0.8311848958333333 0.08997757523148148 0.27369791666666665 0.17995515046296295
0 0.8620442708333333 0.6350260416666667 0.1986979166666667 0.20001446759259256
0 0.4883463541666666 0.15276331018518519 0.2201822916666667 0.17106481481481484
0 0.7922526041666667 0.24777199074074074 0.14921874999999996 0.16025752314814812
0 0.9173177083333333 0.2888454861111111 0.1434895833333334 0.2791956018518519
0 0.9033854166666666 0.4831958912037037 0.1377604166666666 0.1639901620370371
0 0.7278645833333334 0.935546875 0.22968750000000004 0.10876736111111107
0 0.6231770833333334 0.8668547453703703 0.1878906250000001 0.18424479166666652
0 0.5038411458333334 0.9300853587962963 0.1292968750000001 0.12484085648148158
0 0.5251953125 0.6536747685185185 0.2798177083333333 0.2168258101851852
0 0.11438802083333334 0.6548828124999999 0.21406250000000002 0.19633969907407423
0 0.05572916666666666 0.5780598958333334 0.11145833333333333 0.2852864583333332
0 0.03170572916666667 0.877076099537037 0.06341145833333334 0.20287905092592595
0 0.39583333333333337 0.457544849537037 0.37916666666666665 0.2436631944444445
0 0.6321614583333333 0.10282841435185186 0.19908854166666679 0.14733796296296298
0 0.6127604166666667 0.29140625 0.2358072916666667 0.20056423611111107
0 0.3383463541666667 0.2369357638888889 0.2540364583333333 0.21059027777777778
0 0.10621744791666667 0.11843894675925926 0.21243489583333333 0.2295138888888889
0 0.015755208333333333 0.2818648726851852 0.031510416666666666 0.2212528935185185
0 0.33059895833333336 0.6604600694444445 0.316796875 0.2446903935185185
0 0.9692708333333333 0.06563946759259259 0.05833333333333335 0.1140335648148148
0 0.8297526041666667 0.024088541666666668 0.2610677083333335 0.048177083333333336
0 0.6729817708333333 0.03451244212962963 0.1278645833333334 0.06902488425925926
0 0.19934895833333333 0.8731336805555556 0.2890625 0.23842592592592604
0 0.8710286458333334 0.939279513888889 0.09414062500000009 0.09505208333333348