0 0.4327473958333333 0.2821759259259259 0.32738715277777786 0.24001736111111116
0 0.22621527777777778 0.3424189814814815 0.1678819444444445 0.1767361111111111
0 0.15681423611111112 0.11785300925925925 0.28580729166666663 0.21341145833333333
0 0.8355251736111111 0.09404658564814815 0.29605034722222223 0.14735243055555555
0 0.8230902777777778 0.6763020833333333 0.32165798611111107 0.2457031249999999
0 0.3331163194444444 0.9303096064814815 0.28055555555555556 0.13938078703703694
0 0.633615451388889 0.537962962962963 0.18120659722222232 0.16151620370370368
0 0.9576171875 0.5223813657407408 0.08476562499999996 0.18246527777777777
0 0.8834201388888889 0.2730830439814815 0.1518663194444443 0.1586950231481482
0 0.14752604166666666 0.6660445601851852 0.1437934027777778 0.14674479166666665
0 0.7402126736111111 0.3722873263888889 0.1977864583333333 0.20494791666666667
0 0.37224392361111114 0.10666956018518518 0.2640190972222223 0.19910300925925925
0 0.05748697916666667 0.2154296875 0.110546875 0.231640625
0 0.028819444444444443 0.06721643518518519 0.05668402777777778 0.09146412037037038
0 0.10703125000000001 0.46868489583333334 0.19952256944444444 0.2830729166666667
0 0.30711805555555555 0.4697337962962963 0.2796440972222223 0.19956597222222228
0 0.9382161458333333 0.8937572337962962 0.1235677083333333 0.20143229166666687
0 0.9418619791666667 0.9727502893518518 0.11627604166666661 0.05449942129629637
0 0.7152994791666667 0.8644314236111111 0.3207899305555557 0.2711371527777777
0 0.349609375 0.800853587962963 0.3062065972222223 0.16521990740740744
0 0.36937934027777775 0.6804253472222221 0.20933159722222228 0.19748263888888884
0 0.15618489583333334 0.836111111111111 0.1103298611111111 0.13404224537037024
0 0.9700954861111111 0.26491608796296295 0.05598958333333348 0.14804687500000002
0 0.9849175347222222 0.7740813078703703 0.03016493055555558 0.1634403935185187
0 0.6773871527777777 0.1801215277777778 0.18437500000000018 0.2162615740740741
0 0.5181206597222222 0.6545789930555556 0.14453125 0.17994791666666665
0 0.06671006944444444 0.7183015046296296 0.09700520833333331 0.23709490740740735
0 0.12013888888888889 0.9240885416666667 0.16744791666666667 0.1518229166666667
0 0.8864366319444444 0.4088252314814815 0.16723090277777786 0.1474392361111111
0 0.4626953125 0.5319227430555555 0.19101562500000002 0.16375868055555554