0 0.310546875 0.9169921875 0.2177734375 0.1640625
0 0.3955078125 0.3193359375 0.220703125 0.2626953125
0 0.328125 0.728515625 0.2666015625 0.197265625
0 0.89453125 0.1552734375 0.1953125 0.306640625
0 0.0966796875 0.55078125 0.1826171875 0.3115234375
0 0.1611328125 0.845703125 0.1552734375 0.1904296875
0 0.7041015625 0.390625 0.119140625 0.1298828125
0 0.291015625 0.1513671875 0.1640625 0.15625
0 0.052734375 0.2607421875 0.1044921875 0.216796875
0 0.8681640625 0.412109375 0.1806640625 0.1708984375
0 0.724609375 0.578125 0.2373046875 0.2099609375
0 0.5810546875 0.2255859375 0.19140625 0.1943359375
0 0.05078125 0.8857421875 0.1005859375 0.19921875
0 0.763671875 0.044921875 0.123046875 0.0888671875
0 0.66015625 0.078125 0.16796875 0.1416015625
0 0.1162109375 0.86328125 0.1611328125 0.189453125
0 0.9384765625 0.7431640625 0.123046875 0.189453125
0 0.1806640625 0.2431640625 0.140625 0.1357421875
0 0.1552734375 0.41015625 0.17578125 0.1826171875
0 0.9638671875 0.5634765625 0.0712890625 0.1953125
0 0.091796875 0.08203125 0.1640625 0.162109375
0 0.5087890625 0.0478515625 0.19140625 0.095703125
0 0.5517578125 0.7783203125 0.18359375 0.1787109375
0 0.6298828125 0.931640625 0.173828125 0.13671875
0 0.1259765625 0.974609375 0.1875 0.0498046875
0 0.4755859375 0.9462890625 0.1435546875 0.10546875
0 0.48046875 0.4423828125 0.109375 0.1337890625
0 0.5927734375 0.4853515625 0.15234375 0.140625
0 0.8095703125 0.77734375 0.177734375 0.1396484375
0 0.2919921875 0.5263671875 0.20703125 0.212890625