0 0.5094039351851851 0.3375 0.22029803240740753 0.25078124999999996
0 0.38895399305555556 0.7189453125 0.18421585648148153 0.1859375000000001
0 0.393677662037037 0.83984375 0.1518663194444445 0.10963541666666665
0 0.4007957175925926 0.9244140625 0.1596498842592593 0.10820312499999996
0 0.5864583333333333 0.9198567708333334 0.14577546296296306 0.09361979166666679
0 0.9037181712962963 0.2533203125 0.19256365740740744 0.26888020833333326
0 0.7604528356481481 0.7215494791666667 0.13067129629629637 0.12773437499999996
0 0.5641493055555555 0.6016927083333334 0.1171730324074074 0.13854166666666679
0 0.060546875 0.39186197916666665 0.11226851851851852 0.2026041666666667
0 0.0767505787037037 0.16595052083333334 0.12314814814814815 0.14674479166666665
0 0.22837094907407407 0.10696614583333333 0.11323784722222219 0.13632812500000002
0 0.676634837962963 0.14453125 0.19444444444444442 0.2178385416666666
0 0.9407190393518519 0.08196614583333334 0.11856192129629628 0.16393229166666667
0 0.4048249421296296 0.07802734375 0.18777488425925926 0.1560546875
0 0.41880787037037037 0.556640625 0.17657696759259256 0.19713541666666656
0 0.9610821759259259 0.8694661458333333 0.06802662037037033 0.1138020833333333
0 0.9326822916666666 0.4041015625 0.12857349537037033 0.11783854166666663
0 0.15979456018518517 0.6247395833333333 0.2723668981481482 0.2093750000000001
0 0.7312355324074074 0.03170572916666667 0.3471498842592591 0.06341145833333334
0 0.3423611111111111 0.03177083333333333 0.30581597222222223 0.06354166666666666
0 0.0894458912037037 0.038346354166666666 0.1359230324074074 0.07669270833333333
0 0.14379340277777777 0.07962239583333333 0.14305555555555555 0.15924479166666666
0 0.2092158564814815 0.265625 0.25122974537037035 0.23138020833333328
0 0.3434027777777778 0.34954427083333334 0.15465856481481477 0.16640624999999998
0 0.24333043981481484 0.4569010416666667 0.2842881944444444 0.22382812500000004
0 0.7136067708333333 0.3307291666666667 0.1586805555555555 0.17447916666666663
0 0.7602430555555555 0.5094401041666666 0.14466145833333321 0.15013020833333335
0 0.6073350694444444 0.7454427083333333 0.12877604166666679 0.13151041666666652
0 0.6841652199074074 0.85078125 0.1620949074074074 0.1415364583333334
0 0.8331669560185185 0.8789713541666666 0.2304832175925926 0.1480468749999999
0 0.9301902488425926 0.7257161458333334 0.1396195023148148 0.2613281249999999
0 0.1527922453703704 0.8119140625 0.2841724537037037 0.21601562500000004
0 0.25469473379629626 0.8940755208333333 0.17194733796296302 0.1480468749999999