0 0.7203125 0.3479962384259259 0.2012152777777778 0.2221209490740741
0 0.7385633680555556 0.16557436342592594 0.16788194444444438 0.1750144675925926
0 0.48754340277777775 0.11880787037037038 0.2065538194444445 0.21044560185185185
0 0.5353732638888888 0.6238787615740741 0.19609375000000018 0.19474826388888888
0 0.36126302083333334 0.33069299768518523 0.1670138888888889 0.15548321759259265
0 0.38559027777777777 0.7682291666666667 0.22278645833333333 0.22423321759259274
0 0.5582248263888889 0.8085575810185186 0.2105468749999999 0.2124276620370371
0 0.874609375 0.480931712962963 0.19140625 0.17714120370370368
0 0.8798828125 0.226171875 0.2206597222222222 0.22031249999999997
0 0.06610243055555556 0.4329644097222222 0.10112847222222221 0.16671006944444444
0 0.1000217013888889 0.6470124421296296 0.15351562500000002 0.2471498842592592
0 0.7960286458333333 0.9282262731481481 0.19605034722222214 0.1435474537037038
0 0.7218967013888888 0.5813295717592593 0.23177083333333348 0.20672743055555554
0 0.5543836805555555 0.4805121527777778 0.19405381944444455 0.19278067129629628
0 0.4326171875 0.4425130208333333 0.13559027777777777 0.1513454861111112
0 0.3271050347222222 0.4846860532407407 0.13159722222222214 0.14936342592592589
0 0.21870659722222224 0.4838831018518518 0.12035590277777775 0.11608796296296298
0 0.17408854166666665 0.578247974537037 0.1982204861111111 0.1986689814814815
0 0.3858506944444444 0.5983651620370369 0.17942708333333335 0.17119502314814827
0 0.7226128472222222 0.7512008101851853 0.17413194444444446 0.13991608796296306
0 0.8626736111111111 0.7395471643518519 0.23819444444444438 0.17553530092592595
0 0.9281901041666667 0.873777488425926 0.14318576388888893 0.19045138888888902
0 0.3491753472222222 0.9153718171296297 0.25703125000000004 0.160054976851852
0 0.21130642361111113 0.8665147569444445 0.1465711805555555 0.178761574074074
0 0.09934895833333335 0.8734953703703704 0.12682291666666667 0.1298032407407408
0 0.32591145833333335 0.21621093749999998 0.17799479166666665 0.18289930555555556
0 0.3282552083333333 0.04929108796296296 0.18776041666666665 0.0951099537037037
0 0.7040147569444444 0.047193287037037034 0.18815104166666652 0.059968171296296294
0 0.6092230902777778 0.1109230324074074 0.17026909722222228 0.18479456018518517
0 0.10813802083333335 0.1267361111111111 0.10881076388888888 0.11990740740740741
0 0.10733506944444443 0.21849681712962965 0.13532986111111112 0.1454861111111111
0 0.06032986111111111 0.2591507523148148 0.05464409722222223 0.13122106481481477
0 0.17573784722222224 0.3517722800925926 0.281640625 0.23052662037037042
0 0.17026909722222222 0.09693287037037036 0.12096354166666667 0.12975983796296295
0 0.26627604166666663 0.1044777199074074 0.14865451388888884 0.13777488425925927
0 0.6302083333333333 0.9539568865740741 0.20347222222222205 0.09208622685185186
0 0.6850260416666667 0.8719762731481482 0.16332465277777786 0.20426793981481484
0 0.9682942708333333 0.40849247685185186 0.06341145833333339 0.22907986111111112
0 0.9871744791666667 0.19675202546296297 0.025651041666666652 0.2150607638888889
0 0.9762152777777777 0.1087818287037037 0.04756944444444455 0.05896990740740743
0 0.5931857638888889 0.29921875 0.13780381944444442 0.1572193287037037
0 0.47773437500000004 0.24955150462962963 0.14370659722222223 0.11430844907407406
0 0.5153645833333333 0.3494068287037037 0.15108506944444433 0.10460069444444442