0 0.43354311342592594 0.2720269097222222 0.17031249999999998 0.16180555555555554
0 0.7601924189814815 0.7211588541666667 0.29040798611111107 0.25811631944444446
0 0.2980902777777778 0.9477213541666667 0.24580439814814814 0.10455729166666661
0 0.16725260416666668 0.98515625 0.09341724537037038 0.02968750000000009
0 0.16102430555555555 0.8668402777777777 0.15674189814814815 0.16345486111111107
0 0.5856119791666667 0.8909071180555556 0.1636429398148147 0.14605034722222232
0 0.6079933449074074 0.40075954861111107 0.1620949074074074 0.1538194444444445
0 0.7658492476851853 0.4540147569444445 0.18479456018518503 0.177734375
0 0.9132921006944444 0.5785373263888889 0.17341579861111112 0.20147569444444446
0 0.893822337962963 0.2695746527777778 0.15047743055555562 0.15551215277777786
0 0.8388237847222222 0.33760850694444444 0.1527343750000001 0.16141493055555556
0 0.6705512152777777 0.19633246527777778 0.17677951388888902 0.17365451388888892
0 0.7475477430555555 0.06343315972222223 0.13181423611111098 0.09657118055555555
0 0.6340133101851853 0.056032986111111106 0.1430266203703705 0.08706597222222222
0 0.37085503472222225 0.11651475694444444 0.135691550925926 0.13372395833333334
0 0.4527271412037037 0.05883246527777778 0.15936053240740744 0.10108506944444444
0 0.12743055555555555 0.18133680555555554 0.18378182870370374 0.158203125
0 0.13224826388888888 0.3306857638888889 0.1713541666666667 0.14427083333333335
0 0.4478515625 0.5103515625 0.15737847222222223 0.13810763888888888
0 0.5262876157407408 0.1794704861111111 0.2138599537037038 0.21154513888888893
0 0.22037760416666666 0.09268663194444444 0.1525607638888889 0.12044270833333334
0 0.06354166666666666 0.11553819444444445 0.12120949074074072 0.1177951388888889
0 0.026461226851851854 0.20933159722222222 0.03894675925925926 0.14913194444444444
0 0.06765046296296297 0.38289930555555557 0.10370370370370371 0.15642361111111114
0 0.3202907986111111 0.3641276041666667 0.14030671296296293 0.1474826388888889
0 0.3288773148148148 0.4921006944444445 0.2084346064814815 0.1821614583333333
0 0.17038483796296294 0.46419270833333337 0.19395254629629632 0.16623263888888884
0 0.1696976273148148 0.6202473958333333 0.20031828703703702 0.17612847222222228
0 0.0554759837962963 0.5055338541666667 0.06558159722222223 0.13606770833333348
0 0.09147858796296296 0.6731336805555556 0.09416956018518519 0.123046875
0 0.13503327546296295 0.7794487847222222 0.13313078703703707 0.12196180555555558
0 0.28115596064814813 0.7192925347222222 0.1986689814814815 0.18194444444444446
0 0.36548032407407405 0.6148437499999999 0.17977430555555562 0.15616319444444438
0 0.5040798611111111 0.7105902777777777 0.24140625000000004 0.21605902777777786
0 0.49446614583333337 0.8449869791666667 0.1250144675925926 0.11592881944444455
0 0.6411675347222222 0.9578559027777778 0.1612123842592592 0.08428819444444446
0 0.7426721643518519 0.9100043402777778 0.15169270833333348 0.17894965277777786
0 0.9209635416666666 0.8745225694444445 0.15807291666666679 0.2016493055555557
0 0.9455729166666667 0.7244140625 0.1088541666666667 0.10993923611111112
0 0.9987051504629629 0.6576171875000001 0.0025896990740741366 0.16671006944444455
0 0.9471860532407408 0.4603081597222223 0.10562789351851842 0.20976562499999996
0 0.8877748842592592 0.11532118055555556 0.1469762731481481 0.1632378472222222
0 0.8056351273148148 0.18665364583333333 0.17021122685185186 0.15985243055555554
0 0.8254846643518519 0.04273003472222223 0.11581307870370372 0.051345486111111116
0 0.2814308449074074 0.23548177083333333 0.1904513888888889 0.17395833333333333
0 0.6910373263888889 0.5537977430555555 0.18674768518518503 0.1777777777777778
0 0.5420789930555556 0.5592664930555555 0.20810185185185182 0.2133680555555555