0 0.3837456597222222 0.328125 0.27567997685185186 0.2734375
0 0.18430989583333332 0.123046875 0.2722800925925926 0.224609375
0 0.48416521990740735 0.619140625 0.22546296296296298 0.2265625
0 0.9093677662037036 0.6376953125 0.18126446759259274 0.1953125
0 0.8109375 0.73828125 0.17248263888888893 0.15234375
0 0.4854673032407407 0.9267578125 0.24451678240740748 0.14453125
0 0.09991319444444444 0.8671875 0.15630787037037036 0.265625
0 0.11963975694444445 0.5771484375 0.21219618055555556 0.240234375
0 0.03558304398148148 0.376953125 0.05415219907407408 0.1796875
0 0.03891782407407408 0.126953125 0.0777199074074074 0.25
0 0.7741174768518518 0.220703125 0.2212094907407407 0.21484375
0 0.9176359953703703 0.45703125 0.16472800925925934 0.16796875
0 0.937937644675926 0.78515625 0.124124710648148 0.126953125
0 0.42604166666666665 0.7998046875 0.19408275462962976 0.15625
0 0.43570601851851853 0.0712890625 0.22297453703703707 0.142578125
0 0.6365017361111112 0.05859375 0.2573784722222223 0.1171875
0 0.7868706597222223 0.0908203125 0.1850115740740741 0.1796875
0 0.9189887152777778 0.0947265625 0.16202256944444438 0.18359375
0 0.5729600694444444 0.4189453125 0.16192129629629637 0.19140625
0 0.7344328703703704 0.3974609375 0.18776041666666665 0.140625
0 0.7487340856481481 0.517578125 0.1928819444444445 0.181640625
0 0.2761501736111111 0.5859375 0.1943287037037037 0.23046875
0 0.21929253472222224 0.7763671875 0.2082175925925926 0.171875
0 0.6330801504629631 0.96484375 0.12317708333333321 0.0703125
0 0.8377965856481482 0.88671875 0.11158854166666665 0.140625
0 0.7389973958333333 0.9140625 0.14858217592592604 0.13671875
0 0.5835503472222222 0.2490234375 0.18972800925925926 0.20703125
0 0.676707175925926 0.6904296875 0.18761574074074083 0.267578125
0 0.1636646412037037 0.4150390625 0.27394386574074076 0.21484375
0 0.07773437500000001 0.7119140625 0.11686921296296296 0.12109375
0 0.9206741898148147 0.9208984375 0.1586516203703705 0.158203125
0 0.8129123263888889 0.9697265625 0.2771846064814816 0.060546875