0 0.878515625 0.7388599537037037 0.21757812499999996 0.2198061342592592
0 0.3091796875 0.8913990162037038 0.18294270833333326 0.1685619212962961
0 0.4630208333333333 0.5209997106481481 0.19908854166666656 0.14733796296296298
0 0.9228515625 0.9306495949074074 0.154296875 0.1387008101851852
0 0.3322265625 0.4615017361111111 0.18723958333333335 0.20374710648148153
0 0.600390625 0.21084346064814813 0.21158854166666674 0.1884982638888889
0 0.16432291666666668 0.7087673611111112 0.20611979166666666 0.252806712962963
0 0.88671875 0.21525607638888888 0.2265625 0.2905237268518519
0 0.98623046875 0.7340060763888889 0.027539062500000044 0.1865306712962962
0 0.2620442708333333 0.3160734953703704 0.14687499999999998 0.1543692129629629
0 0.12649739583333333 0.9169849537037037 0.14101562500000003 0.1542824074074074
0 0.97412109375 0.5727864583333333 0.0517578125 0.15163483796296306
0 0.6309244791666666 0.7566550925925926 0.21119791666666687 0.18263888888888902
0 0.4185546875 0.29302662037037036 0.19114583333333335 0.14526909722222225
0 0.47734375 0.6626736111111111 0.15416666666666667 0.14667245370370363
0 0.7261067708333333 0.919994212962963 0.2670572916666667 0.16001157407407396
0 0.06705729166666666 0.6546440972222223 0.05781249999999999 0.16475694444444455
0 0.7400390625 0.32998408564814813 0.130859375 0.14827835648148147
0 0.9822265625 0.8559317129629629 0.03554687500000009 0.14379340277777786
0 0.12955729166666669 0.9628833912037037 0.13489583333333333 0.062485532407407396
0 0.6876953125 0.0570167824074074 0.26002604166666665 0.09555844907407407
0 0.3204427083333333 0.6798611111111111 0.16666666666666674 0.18783275462962967
0 0.526171875 0.019502314814814813 0.1460937499999999 0.0255787037037037
0 0.2734375 0.09185474537037037 0.37109375 0.18110532407407406
0 0.47369791666666666 0.8128616898148149 0.19049479166666672 0.16477141203703694
0 0.9063802083333333 0.034910300925925924 0.18723958333333335 0.03793402777777778
0 0.6306640625 0.518605324074074 0.20690104166666679 0.1767216435185186
0 0.16100260416666667 0.3370153356481481 0.29270833333333335 0.263845486111111
0 0.04993489583333333 0.1490306712962963 0.08619791666666667 0.21005497685185187
0 0.8292317708333333 0.3800853587962963 0.1420572916666667 0.1406394675925926
0 0.4228515625 0.9547706886574074 0.14882812499999998 0.09045862268518512
0 0.09694010416666667 0.0785083912037037 0.15091145833333333 0.15638020833333333
0 0.8466145833333334 0.5383897569444445 0.1859375000000001 0.18421585648148153