0 0.7900390625 0.140625 0.19921875 0.1669921875
0 0.74609375 0.3466796875 0.1494140625 0.1572265625
0 0.6240234375 0.48828125 0.1455078125 0.162109375
0 0.5517578125 0.697265625 0.20703125 0.16015625
0 0.1845703125 0.6728515625 0.14453125 0.1396484375
0 0.6943359375 0.056640625 0.142578125 0.109375
0 0.8857421875 0.8779296875 0.203125 0.2138671875
0 0.626953125 0.1728515625 0.13671875 0.1513671875
0 0.361328125 0.94140625 0.2138671875 0.1162109375
0 0.0849609375 0.7529296875 0.169921875 0.205078125
0 0.060546875 0.404296875 0.12109375 0.1708984375
0 0.501953125 0.40234375 0.162109375 0.1474609375
0 0.2177734375 0.0654296875 0.1767578125 0.1259765625
0 0.1025390625 0.9228515625 0.173828125 0.154296875
0 0.9267578125 0.2890625 0.14453125 0.1513671875
0 0.2197265625 0.1650390625 0.1181640625 0.10546875
0 0.7080078125 0.90234375 0.1435546875 0.1845703125
0 0.509765625 0.5478515625 0.1416015625 0.1376953125
0 0.9736328125 0.74609375 0.052734375 0.1650390625
0 0.365234375 0.3720703125 0.1474609375 0.13671875
0 0.748046875 0.744140625 0.1015625 0.10546875
0 0.9697265625 0.166015625 0.060546875 0.1484375
0 0.8203125 0.46484375 0.0869140625 0.1015625
0 0.333984375 0.22265625 0.1416015625 0.1572265625
0 0.3046875 0.5 0.1474609375 0.1611328125
0 0.1494140625 0.296875 0.09375 0.21484375
0 0.43359375 0.0947265625 0.1201171875 0.099609375
0 0.548828125 0.2734375 0.1259765625 0.177734375
0 0.810546875 0.60546875 0.1796875 0.1708984375
0 0.9326171875 0.4716796875 0.1337890625 0.234375
0 0.578125 0.84765625 0.205078125 0.169921875
0 0.3623046875 0.79296875 0.1474609375 0.1357421875
0 0.5654296875 0.0576171875 0.103515625 0.1064453125