0 0.416015625 0.3134765625 0.2470703125 0.2529296875
0 0.2373046875 0.1240234375 0.2451171875 0.20703125
0 0.5009765625 0.58203125 0.2021484375 0.2099609375
0 0.9052734375 0.599609375 0.1845703125 0.1796875
0 0.7998046875 0.6923828125 0.1552734375 0.1396484375
0 0.494140625 0.8984375 0.22265625 0.197265625
0 0.103515625 0.826171875 0.20703125 0.2724609375
0 0.1298828125 0.5439453125 0.259765625 0.22265625
0 0.0576171875 0.3583984375 0.115234375 0.16796875
0 0.0673828125 0.1279296875 0.134765625 0.23046875
0 0.7802734375 0.2138671875 0.2001953125 0.197265625
0 0.9140625 0.4326171875 0.162109375 0.1552734375
0 0.916015625 0.736328125 0.1123046875 0.1171875
0 0.4423828125 0.75 0.1748046875 0.14453125
0 0.47265625 0.0712890625 0.203125 0.142578125
0 0.6591796875 0.05859375 0.236328125 0.1171875
0 0.7958984375 0.0888671875 0.1650390625 0.177734375
0 0.9228515625 0.099609375 0.154296875 0.169921875
0 0.587890625 0.3974609375 0.14453125 0.17578125
0 0.73828125 0.376953125 0.169921875 0.1298828125
0 0.748046875 0.48828125 0.1748046875 0.16796875
0 0.30859375 0.5517578125 0.173828125 0.21484375
0 0.251953125 0.728515625 0.1875 0.158203125
0 0.6298828125 0.93359375 0.1123046875 0.1220703125
0 0.8203125 0.830078125 0.099609375 0.130859375
0 0.728515625 0.85546875 0.134765625 0.126953125
0 0.6025390625 0.240234375 0.1689453125 0.19140625
0 0.6767578125 0.6484375 0.1669921875 0.248046875
0 0.2099609375 0.3935546875 0.248046875 0.1982421875
0 0.0908203125 0.669921875 0.169921875 0.111328125
0 0.9130859375 0.8681640625 0.173828125 0.15234375
0 0.794921875 0.9404296875 0.25390625 0.119140625