0 0.8616319444444445 0.40263310185185186 0.1581597222222222 0.16956018518518512
0 0.9267939814814814 0.48372395833333337 0.1464120370370372 0.1821469907407407
0 0.8713758680555556 0.6166087962962963 0.19458912037037046 0.1923466435185186
0 0.6028718171296297 0.3466435185185185 0.2844762731481483 0.29506655092592593
0 0.4004629629629629 0.41579861111111105 0.2640046296296297 0.2455873842592593
0 0.5409722222222222 0.5407624421296297 0.2202112268518519 0.19719328703703698
0 0.4770905671296296 0.6684027777777778 0.20368923611111112 0.24725115740740744
0 0.27144820601851855 0.5673828125 0.15862268518518519 0.17737268518518512
0 0.14021267361111112 0.6319444444444444 0.2017071759259259 0.18091724537037024
0 0.2484881365740741 0.8735894097222222 0.18816550925925923 0.21549479166666674
0 0.6402126736111111 0.8776765046296297 0.24434317129629624 0.20978009259259256
0 0.9057364004629629 0.8433159722222222 0.18852719907407423 0.1474247685185186
0 0.8732638888888888 0.08781828703703703 0.15668402777777768 0.17563657407407407
0 0.35475983796296295 0.7345920138888888 0.21471354166666667 0.23596643518518512
0 0.4557074652777777 0.9021267361111112 0.250072337962963 0.17491319444444464
0 0.6487268518518519 0.6414930555555556 0.2256221064814814 0.2227285879629628
0 0.8110604745370371 0.7548828125 0.32651909722222205 0.28103298611111116
0 0.9332465277777777 0.2238136574074074 0.12174479166666652 0.1799045138888889
0 0.9882523148148148 0.4501591435185185 0.023495370370370416 0.18532986111111116
0 0.7140118634259259 0.17418981481481483 0.19171006944444446 0.17664930555555558
0 0.5217664930555556 0.10105613425925926 0.20860821759259252 0.19871238425925927
0 0.35280671296296295 0.07877604166666667 0.19503761574074074 0.15755208333333334
0 0.30785590277777775 0.2734013310185185 0.19700520833333335 0.2002314814814814
0 0.7886140046296296 0.012876157407407406 0.2256655092592592 0.02575231481481481
0 0.10642361111111112 0.2103949652777778 0.20451388888888888 0.2940538194444444
0 0.1694806134259259 0.4321831597222222 0.30354456018518516 0.2879774305555556
0 0.30677806712962963 0.9653862847222222 0.1885561342592592 0.0576533564814814
0 0.20395688657407407 0.9809389467592593 0.09341724537037033 0.03074363425925908
0 0.9757667824074074 0.6109664351851851 0.04846643518518512 0.16319444444444464
0 0.7344256365740741 0.48564091435185186 0.28629918981481484 0.26005497685185186
0 0.8624927662037037 0.26851851851851855 0.21345486111111112 0.2476128472222222
0 0.7422815393518518 0.3209273726851852 0.14021990740740753 0.1299189814814815
0 0.6418764467592593 0.08080150462962962 0.1460937499999999 0.16160300925925924
0 0.7642216435185185 0.06268084490740741 0.17688078703703702 0.12536168981481483
0 0.47859519675925927 0.043366608796296294 0.15640914351851853 0.08673321759259259
0 0.2351056134259259 0.08622685185185185 0.20076678240740742 0.13216145833333334