0 0.9140625 0.2822265625 0.16796875 0.224609375
0 0.912109375 0.70703125 0.169921875 0.26953125
0 0.44140625 0.759765625 0.20703125 0.2001953125
0 0.4658203125 0.9296875 0.1328125 0.134765625
0 0.09765625 0.3935546875 0.1953125 0.287109375
0 0.048828125 0.1435546875 0.09765625 0.177734375
0 0.1376953125 0.0751953125 0.1298828125 0.150390625
0 0.267578125 0.1025390625 0.1396484375 0.1396484375
0 0.4248046875 0.1220703125 0.16015625 0.16015625
0 0.5361328125 0.2275390625 0.197265625 0.2099609375
0 0.79296875 0.4228515625 0.134765625 0.16015625
0 0.5458984375 0.39453125 0.1171875 0.125
0 0.3076171875 0.2998046875 0.23046875 0.2353515625
0 0.6220703125 0.06640625 0.1904296875 0.1328125
0 0.2001953125 0.94140625 0.1904296875 0.1123046875
0 0.8271484375 0.1044921875 0.212890625 0.169921875
0 0.76953125 0.2724609375 0.1982421875 0.166015625
0 0.6884765625 0.556640625 0.1865234375 0.1748046875
0 0.7412109375 0.7099609375 0.1650390625 0.1708984375
0 0.736328125 0.865234375 0.1513671875 0.1611328125
0 0.599609375 0.7802734375 0.15234375 0.1953125
0 0.5810546875 0.9404296875 0.126953125 0.119140625
0 0.0556640625 0.900390625 0.111328125 0.19921875
0 0.4111328125 0.48046875 0.1015625 0.126953125
0 0.5263671875 0.533203125 0.1552734375 0.15625
0 0.3955078125 0.599609375 0.146484375 0.1298828125
0 0.27734375 0.681640625 0.1171875 0.134765625
0 0.283203125 0.515625 0.1650390625 0.1328125
0 0.890625 0.88671875 0.10546875 0.138671875
0 0.11328125 0.6640625 0.2255859375 0.25390625
0 0.1748046875 0.23828125 0.1279296875 0.1318359375