0 0.3427734375 0.443359375 0.169921875 0.2021484375
0 0.8916015625 0.3662109375 0.1826171875 0.1923828125
0 0.9296875 0.6416015625 0.125 0.1376953125
0 0.865234375 0.80078125 0.1953125 0.1572265625
0 0.412109375 0.7333984375 0.1396484375 0.1171875
0 0.25 0.65625 0.2548828125 0.1875
0 0.1923828125 0.80859375 0.16015625 0.1376953125
0 0.244140625 0.2041015625 0.15234375 0.16796875
0 0.5712890625 0.1103515625 0.1474609375 0.1201171875
0 0.580078125 0.24609375 0.14453125 0.162109375
0 0.912109375 0.1220703125 0.16015625 0.244140625
0 0.91015625 0.9296875 0.1552734375 0.1201171875
0 0.712890625 0.919921875 0.2197265625 0.1552734375
0 0.5283203125 0.8701171875 0.1376953125 0.125
0 0.23046875 0.9345703125 0.1796875 0.125
0 0.5859375 0.6904296875 0.2470703125 0.2001953125
0 0.75 0.6953125 0.10546875 0.08984375
0 0.4013671875 0.87890625 0.1025390625 0.1328125
0 0.2158203125 0.46875 0.1025390625 0.142578125
0 0.48828125 0.32421875 0.1025390625 0.09765625
0 0.779296875 0.2578125 0.1474609375 0.15625
0 0.1611328125 0.09765625 0.169921875 0.146484375
0 0.0458984375 0.1396484375 0.0908203125 0.2099609375
0 0.083984375 0.4658203125 0.1669921875 0.1728515625
0 0.0712890625 0.6396484375 0.142578125 0.173828125
0 0.076171875 0.8408203125 0.099609375 0.212890625
0 0.65234375 0.3935546875 0.1025390625 0.1123046875
0 0.7353515625 0.4462890625 0.099609375 0.1630859375
0 0.591796875 0.52734375 0.1474609375 0.146484375
0 0.3896484375 0.1171875 0.1279296875 0.1640625
0 0.6982421875 0.1796875 0.1455078125 0.1298828125
0 0.666015625 0.0390625 0.0927734375 0.0771484375
0 0.3828125 0.96875 0.125 0.0625
0 0.544921875 0.96875 0.16796875 0.0625
0 0.7978515625 0.6181640625 0.138671875 0.1220703125