0 0.2265480324074074 0.12188946759259259 0.22241030092592595 0.19147858796296297
0 0.24485677083333335 0.33488859953703703 0.1709201388888889 0.17592592592592593
0 0.35028935185185184 0.49045138888888884 0.16721643518518525 0.1796875
0 0.3975911458333333 0.7103949652777777 0.2318721064814815 0.18598090277777768
0 0.7715639467592592 0.7252242476851851 0.16414930555555562 0.1581307870370372
0 0.33253038194444445 0.05928096064814815 0.1552517361111111 0.09932002314814815
0 0.07758969907407406 0.8551432291666667 0.15517939814814813 0.23763020833333348
0 0.386328125 0.17281539351851852 0.15694444444444444 0.16956018518518517
0 0.5624638310185185 0.9516059027777778 0.23253761574074083 0.09678819444444442
0 0.8589048032407407 0.8145616319444444 0.18917824074074074 0.22728587962962976
0 0.9211299189814814 0.46365017361111116 0.12269965277777795 0.18583622685185186
0 0.48422309027777777 0.41713686342592593 0.18418692129629632 0.16861979166666674
0 0.8141565393518518 0.11136429398148148 0.196238425925926 0.13787615740740738
0 0.8255642361111111 0.9490379050925926 0.19233217592592577 0.10192418981481488
0 0.07760054976851852 0.25520833333333337 0.15520109953703703 0.16775173611111116
0 0.7993778935185185 0.20768229166666669 0.13292824074074083 0.11993634259259256
0 0.2155888310185185 0.8988896122685186 0.168431712962963 0.2022207754629628
0 0.45904947916666666 0.5629701967592593 0.16004050925925928 0.15407986111111116
0 0.002300347222222221 0.7126012731481481 0.004600694444444442 0.17129629629629628
0 0.6259114583333333 0.40183738425925924 0.1660011574074074 0.15625
0 0.19377170138888888 0.7351345486111112 0.1172019675925926 0.11740451388888884
0 0.04630353009259259 0.1259765625 0.07255497685185185 0.1586371527777778
0 0.15592447916666666 0.44607204861111116 0.10137442129629631 0.11291956018518512
0 0.6756510416666667 0.25397858796296297 0.1630063657407408 0.17368344907407407
0 0.6717086226851852 0.5375795717592593 0.17112268518518525 0.17983217592592604
0 0.8537109375 0.3486328125 0.1210214120370372 0.22866030092592593
0 0.590943287037037 0.1138599537037037 0.13457754629629637 0.11414930555555555
0 0.4530743634259259 0.28193721064814814 0.15044849537037042 0.19466145833333337
0 0.14755497685185184 0.5886140046296297 0.20298032407407407 0.19270833333333326
0 0.06221064814814815 0.4381510416666667 0.1244212962962963 0.25130208333333337
0 0.35278501157407405 0.8574580439814814 0.2304253472222222 0.19567418981481488
0 0.5774667245370371 0.8266420717592593 0.16589988425925917 0.154296875
0 0.46318721064814816 0.06803385416666667 0.11659432870370368 0.1056857638888889