0 0.8849537037037036 0.10882523148148149 0.2001880787037038 0.21685474537037036
0 0.7651837384259259 0.08712384259259259 0.19052372685185182 0.17424768518518519
0 0.17290219907407406 0.12420428240740741 0.3437789351851852 0.24377893518518517
0 0.0919994212962963 0.3957175925925926 0.15726273148148148 0.2905960648148148
0 0.11731047453703705 0.6950159143518518 0.15617766203703703 0.23210358796296293
0 0.2007450810185185 0.8689019097222223 0.2608072916666667 0.25895543981481484
0 0.37882667824074073 0.6775390625 0.26882233796296295 0.26326678240740753
0 0.6140335648148147 0.07612123842592593 0.1694733796296295 0.15224247685185185
0 0.6395688657407408 0.2674479166666667 0.30943287037037037 0.25758101851851856
0 0.4746455439814815 0.5237340856481482 0.24419849537037042 0.20160590277777768
0 0.7893012152777779 0.6435257523148148 0.336892361111111 0.3739293981481482
0 0.5121310763888889 0.8312138310185185 0.4111689814814814 0.303761574074074
0 0.30419560185185185 0.35240162037037037 0.33765914351851856 0.3135850694444444
0 0.4327980324074074 0.08975694444444444 0.25622106481481477 0.1795138888888889
0 0.8476779513888889 0.018793402777777777 0.2070746527777778 0.037586805555555554
0 0.790162037037037 0.39574652777777775 0.16822916666666665 0.2015625000000001
0 0.666919849537037 0.4550130208333334 0.18169849537037042 0.19836516203703702
0 0.9583767361111111 0.5837962962962963 0.08324652777777786 0.26348379629629637
0 0.8682400173611111 0.8430555555555556 0.26351996527777777 0.1968605324074073
0 0.8816984953703704 0.3293113425925926 0.1953414351851852 0.23608217592592595