0 0.5796657986111111 0.07246817129629629 0.15933159722222223 0.14493634259259258
0 0.6808376736111111 0.27705439814814814 0.11807002314814818 0.12087673611111116
0 0.6620081018518518 0.3720703125 0.11811342592592577 0.12673611111111116
0 0.8446759259259259 0.5080512152777777 0.13780381944444442 0.14850983796296302
0 0.5881438078703703 0.5528718171296296 0.14755497685185182 0.14670138888888884
0 0.6943287037037038 0.7798394097222222 0.2398148148148147 0.21056134259259252
0 0.8662977430555556 0.9218388310185185 0.11815682870370381 0.13259548611111116
0 0.9134259259259259 0.6916232638888888 0.15214120370370354 0.23855613425925926
0 0.514185474537037 0.3254267939814815 0.22611400462962972 0.20645254629629628
0 0.17918836805555555 0.32550636574074077 0.17514467592592597 0.18030960648148153
0 0.2784215856481481 0.40509982638888886 0.17306134259259265 0.16270254629629632
0 0.23187934027777776 0.5825665509259259 0.23637152777777776 0.2730034722222223
0 0.06523437500000001 0.6319155092592592 0.12213541666666666 0.14241898148148158
0 0.9058159722222223 0.32353153935185186 0.1298900462962962 0.1347222222222222
0 0.9073423032407407 0.13403501157407408 0.17296006944444442 0.14903067129629627
0 0.48182870370370373 0.04856047453703704 0.10037615740740746 0.09712094907407408
0 0.20909288194444445 0.013664641203703703 0.1525607638888889 0.027329282407407406
0 0.6916811342592593 0.9498191550925926 0.11582754629629632 0.08178530092592595
0 0.6920428240740741 0.6030960648148148 0.1338252314814814 0.1386863425925926
0 0.929810474537037 0.5302300347222222 0.1200810185185186 0.12871817129629637
0 0.8275679976851852 0.8354890046296296 0.1142216435185186 0.12863136574074074
0 0.7658492476851853 0.9418836805555555 0.10811631944444455 0.09534143518518512
0 0.8022280092592593 0.9745515046296296 0.15645254629629646 0.02965856481481488
0 0.6046006944444444 0.9286458333333334 0.12592592592592577 0.126851851851852
0 0.5312644675925926 0.9170355902777778 0.13192997685185182 0.1464699074074074
0 0.3148509837962963 0.8401548032407408 0.1338541666666666 0.1425925925925926
0 0.13887442129629632 0.8163917824074074 0.26750578703703703 0.2578414351851852
0 0.017216435185185185 0.6101634837962964 0.026359953703703705 0.13123553240740726
0 0.10813078703703703 0.2259620949074074 0.15601851851851853 0.23470775462962962
0 0.3066116898148148 0.2552517361111111 0.24791666666666667 0.24973958333333335
0 0.5013454861111111 0.4379340277777778 0.18078703703703702 0.15109953703703694
0 0.7651114004629629 0.3148726851851852 0.16921296296296306 0.1704571759259259
0 0.7503616898148149 0.43326822916666663 0.13962673611111098 0.13096064814814823
0 0.8259982638888889 0.22802372685185185 0.14369212962962963 0.15250289351851853
0 0.9633246527777778 0.20057870370370373 0.07335069444444442 0.19641203703703702
0 0.6965422453703703 0.15571469907407406 0.2221643518518519 0.20053530092592592
0 0.7339699074074074 0.06628327546296296 0.16481481481481475 0.10399305555555555
0 0.35271990740740744 0.022417534722222222 0.16637731481481488 0.044835069444444445
0 0.4711154513888889 0.18054108796296298 0.2065682870370371 0.20421006944444442
0 0.3710503472222222 0.1204933449074074 0.16737557870370368 0.18605324074074076
0 0.20014467592592594 0.12204861111111111 0.16918402777777775 0.16655092592592594
0 0.4896990740740741 0.5797236689814815 0.1889612268518519 0.20004340277777777
0 0.584056712962963 0.6603660300925926 0.11032986111111098 0.13052662037037033
0 0.509714988425926 0.7767144097222223 0.23207465277777795 0.2202112268518519
0 0.3794632523148148 0.7288339120370371 0.13592303240740744 0.1582465277777778
0 0.1468605324074074 0.44416232638888886 0.1494502314814815 0.13891782407407405
0 0.7820240162037038 0.6203197337962962 0.1200810185185186 0.12871817129629637
0 0.8890263310185185 0.4302372685185185 0.12188946759259256 0.10921585648148147
0 0.9643518518518519 0.4437427662037037 0.07129629629629619 0.12805266203703702
0 0.9678747106481482 0.3489583333333333 0.06425057870370354 0.1455150462962963
0 0.862037037037037 0.6103443287037037 0.09447337962962954 0.09904513888888888
0 0.8332971643518519 0.6859736689814815 0.07102141203703694 0.09674479166666661
0 0.8940465856481481 0.8442708333333333 0.09856770833333339 0.1244936342592593
0 0.3946325231481481 0.5352285879629629 0.11629050925925921 0.14428530092592595