0 0.6286675347222223 0.5120298032407408 0.23910590277777777 0.21462673611111116
0 0.5476779513888889 0.7792751736111111 0.18780381944444446 0.19081307870370368
0 0.8727647569444444 0.20060040509259258 0.17026909722222228 0.19263599537037035
0 0.6193142361111111 0.8822771990740741 0.14197048611111107 0.149464699074074
0 0.36015624999999996 0.20830439814814816 0.19565972222222228 0.1928240740740741
0 0.7036241319444445 0.7204933449074074 0.21154513888888893 0.2046585648148147
0 0.1609592013888889 0.12285156250000001 0.23919270833333334 0.2185329861111111
0 0.3062282986111111 0.5945095486111112 0.15959201388888888 0.15154803240740744
0 0.2232638888888889 0.2894097222222222 0.22552083333333334 0.21843171296296293
0 0.2820095486111111 0.03349971064814815 0.1968315972222222 0.0669994212962963
0 0.7719618055555555 0.059722222222222225 0.19327256944444438 0.08540219907407408
0 0.89951171875 0.5959273726851853 0.20097656249999996 0.22225115740740753
0 0.9014756944444444 0.7893518518518519 0.1805989583333334 0.21809895833333326
0 0.4803385416666667 0.2982494212962963 0.18806423611111112 0.20253182870370368
0 0.06666666666666667 0.8902777777777777 0.0959201388888889 0.09835069444444455
0 0.4092881944444444 0.4413773148148148 0.2231770833333333 0.20083912037037033
0 0.20965711805555556 0.9077763310185185 0.28619791666666666 0.13686342592592604
0 0.5215060763888889 0.9201171875 0.1615885416666667 0.15351562499999982
0 0.7385850694444445 0.755396412037037 0.22526041666666652 0.20671296296296293
0 0.12513020833333333 0.5763165509259259 0.2299479166666667 0.24189814814814814
0 0.7280164930555555 0.8951461226851851 0.16362847222222232 0.15743634259259265
0 0.7120225694444444 0.9665653935185186 0.23368055555555545 0.058362268518518334
0 0.5651692708333333 0.0744357638888889 0.1928385416666667 0.1488715277777778
0 0.12779947916666667 0.7843388310185185 0.2251302083333333 0.20085358796296293
0 0.7129340277777778 0.3043402777777778 0.30212673611111107 0.32640335648148144
0 0.8722873263888888 0.44283130787037034 0.12977430555555536 0.1278935185185185
0 0.40811631944444443 0.7402633101851852 0.1851128472222222 0.24547164351851847
0 0.2795355902777778 0.7119140625 0.13975694444444442 0.1377314814814814
0 0.10787760416666667 0.41528501157407405 0.193359375 0.1771846064814815
0 0.9600694444444444 0.14426359953703705 0.07986111111111116 0.10802951388888887
0 0.9328559027777779 0.3153718171296296 0.1342881944444443 0.251027199074074