0 0.22550636574074076 0.2951388888888889 0.21827256944444445 0.22139756944444444
0 0.4785011574074074 0.40390625 0.20247395833333326 0.1800781250000001
0 0.3612268518518519 0.7819444444444444 0.1816261574074074 0.1542534722222222
0 0.6390914351851852 0.7669704861111111 0.20853587962962972 0.1841145833333333
0 0.9585358796296296 0.7046440972222222 0.08292824074074079 0.20763888888888893
0 0.7502314814814814 0.4780381944444445 0.23514178240740735 0.20811631944444442
0 0.227220775462963 0.9315755208333334 0.20004340277777777 0.1332031250000001
0 0.5201533564814815 0.9055121527777779 0.28214699074074057 0.17404513888888884
0 0.8578559027777778 0.8755208333333333 0.2718750000000001 0.1640625
0 0.7356553819444445 0.2534939236111111 0.21931423611111112 0.20386284722222225
0 0.6916594328703703 0.12150607638888888 0.17216435185185186 0.15989583333333335
0 0.8606915509259259 0.13828125 0.17563657407407396 0.1892361111111111
0 0.045985243055555555 0.15149739583333333 0.08467881944444444 0.16575520833333335
0 0.1697193287037037 0.6522569444444445 0.17031249999999998 0.16180555555555554
0 0.7936487268518518 0.04281684027777778 0.15370370370370368 0.08563368055555556
0 0.5817057291666666 0.2070529513888889 0.2182725694444445 0.22139756944444444
0 0.7856626157407407 0.0022352430555555554 0.2158564814814814 0.004470486111111111
0 0.9014756944444444 0.04906684027777777 0.08810763888888884 0.09813368055555555
0 0.9443793402777778 0.1872612847222222 0.07841435185185186 0.15781250000000002
0 0.9399884259259259 0.5389539930555556 0.12002314814814818 0.17703993055555545
0 0.9596788194444444 0.4017144097222222 0.08064236111111112 0.19162326388888884
0 0.8836371527777778 0.3733940972222222 0.2294560185185186 0.24895833333333328
0 0.588744212962963 0.47478298611111114 0.21170428240740735 0.20759548611111112
0 0.6753689236111111 0.5804036458333334 0.14728009259259256 0.16909722222222223
0 0.8439380787037037 0.663671875 0.2397280092592593 0.25894097222222223
0 0.9890046296296297 0.8319878472222222 0.0219907407407407 0.14592013888888888
0 0.6808666087962962 0.9126953124999999 0.17505787037037024 0.14045138888888875
0 0.35030381944444444 0.9483940972222222 0.15309606481481475 0.09314236111111107
0 0.16508246527777778 0.8645182291666667 0.14707754629629627 0.16519097222222223
0 0.11618923611111112 0.48723958333333334 0.19328703703703703 0.22864583333333333
0 0.05470920138888889 0.3008897569444444 0.08835358796296297 0.19900173611111116
0 0.3834129050925926 0.08221571180555555 0.1844907407407408 0.1644314236111111
0 0.5805917245370371 0.06139322916666667 0.2588396990740742 0.12278645833333333
0 0.26493055555555556 0.09383680555555556 0.1620949074074074 0.15381944444444443
0 0.13134403935185185 0.10071614583333333 0.10888310185185185 0.10581597222222222
0 0.5182074652777777 0.6982855902777778 0.2451822916666666 0.25125868055555545
0 0.41962528935185184 0.5694661458333333 0.24484953703703716 0.28246527777777786
0 0.27078269675925926 0.5649522569444445 0.20581597222222225 0.2445312500000001