0 0.8160517939814815 0.6116536458333333 0.36254340277777786 0.44370659722222205
0 0.20386284722222223 0.7006944444444445 0.24223090277777776 0.2802083333333334
0 0.4251446759259259 0.10486111111111111 0.28642939814814816 0.18454861111111112
0 0.9029007523148148 0.22866753472222223 0.19361979166666665 0.30733506944444444
0 0.07320601851851852 0.6371310763888889 0.14641203703703703 0.20004340277777777
0 0.3294849537037037 0.3585069444444444 0.5047453703703704 0.39926215277777777
0 0.14966001157407408 0.10531684027777778 0.23192997685185185 0.20750868055555557
0 0.5673683449074074 0.5546875 0.23004918981481493 0.2171875000000001
0 0.48428096064814813 0.9442708333333334 0.1982204861111111 0.11145833333333321
0 0.7325737847222222 0.9146701388888889 0.3705873842592593 0.17065972222222214
0 0.3114293981481482 0.9457248263888889 0.16096643518518516 0.10855034722222223
0 0.09981192129629629 0.8551432291666667 0.19962384259259258 0.23763020833333348
0 0.43290653935185186 0.6395616319444444 0.14962384259259265 0.16675347222222214
0 0.3768590856481482 0.8207248263888889 0.2343315972222222 0.2681423611111111
0 0.05687934027777778 0.36592881944444444 0.10852141203703704 0.15321180555555558
0 0.04732349537037037 0.4924045138888889 0.09464699074074075 0.1723090277777778
0 0.3171730324074074 0.17430555555555555 0.20047743055555556 0.17877604166666672
0 0.6843171296296295 0.196484375 0.3442129629629629 0.3413628472222222
0 0.5905815972222223 0.7178819444444444 0.19645543981481484 0.16297743055555558
0 0.8220124421296295 0.8620008680555555 0.29061053240740753 0.22183159722222223
0 0.07068142361111111 0.21707899305555556 0.10287905092592592 0.18224826388888893