0 0.8677951388888889 0.8496383101851852 0.1968749999999999 0.2206597222222222
0 0.26082899305555557 0.2967592592592593 0.21306423611111114 0.27800925925925923
0 0.49587673611111105 0.8943721064814816 0.1986979166666667 0.17398726851851842
0 0.7061414930555556 0.49390190972222225 0.2535156249999999 0.31128472222222214
0 0.23936631944444445 0.7608506944444444 0.18784722222222222 0.1929108796296295
0 0.3436414930555556 0.4862702546296296 0.20711805555555562 0.18806423611111112
0 0.7198784722222222 0.9131004050925926 0.21163194444444455 0.11425057870370381
0 0.4791666666666667 0.3422092013888889 0.35368923611111114 0.3729890046296296
0 0.0904079861111111 0.31636284722222224 0.14401041666666667 0.17115162037037035
0 0.3234592013888889 0.8690538194444444 0.12725694444444446 0.1449508101851853
0 0.91083984375 0.40658998842592586 0.1783203124999999 0.19506655092592595
0 0.4071180555555556 0.0920138888888889 0.22690972222222228 0.1840277777777778
0 0.9447808159722222 0.6716724537037037 0.11043836805555562 0.21957465277777777
0 0.06529947916666667 0.9186559606481481 0.05230034722222221 0.08065682870370372
0 0.6647786458333333 0.020909288194444445 0.19240451388888902 0.04181857638888889
0 0.2014105902777778 0.9419415509259259 0.18415798611111112 0.06605902777777772
0 0.4556423611111111 0.6497974537037037 0.22387152777777786 0.21426504629629628
0 0.23094618055555555 0.8797236689814815 0.13029513888888888 0.12562210648148153
0 0.23732638888888888 0.019169560185185185 0.22074652777777776 0.03833912037037037
0 0.4407552083333333 0.2267433449074074 0.19960937499999998 0.1506510416666667
0 0.9205729166666667 0.07978877314814814 0.15885416666666652 0.15957754629629628
0 0.9723307291666667 0.8613932291666666 0.05533854166666652 0.1830295138888891
0 0.9779947916666667 0.5279947916666666 0.04401041666666661 0.1518807870370371
0 0.11608072916666667 0.6957899305555555 0.1799045138888889 0.23342013888888902
0 0.37981770833333334 0.012355324074074072 0.13072916666666667 0.024710648148148145
0 0.1062282986111111 0.8264829282407408 0.14787326388888888 0.21422164351851847
0 0.08246527777777779 0.4900245949074074 0.13142361111111112 0.23870081018518519
0 0.2029730902777778 0.10275969328703703 0.19678819444444445 0.20551938657407406
0 0.7099392361111112 0.8216073495370371 0.1343749999999999 0.12973090277777777
0 0.08305121527777778 0.04401041666666667 0.09578993055555557 0.08802083333333334
0 0.08736979166666667 0.20395688657407407 0.1220486111111111 0.11545138888888895
0 0.6016710069444444 0.7861111111111111 0.16245659722222205 0.19159432870370363