0 0.3310546875 0.3134765625 0.1826171875 0.1826171875
0 0.482421875 0.3291015625 0.150390625 0.177734375
0 0.83984375 0.25 0.16015625 0.2099609375
0 0.2666015625 0.5048828125 0.287109375 0.2099609375
0 0.755859375 0.7958984375 0.2978515625 0.27734375
0 0.2490234375 0.7265625 0.177734375 0.1923828125
0 0.95703125 0.1123046875 0.080078125 0.1298828125
0 0.306640625 0.8798828125 0.1728515625 0.1650390625
0 0.0361328125 0.8603515625 0.072265625 0.1845703125
0 0.5087890625 0.630859375 0.2021484375 0.1923828125
0 0.126953125 0.2802734375 0.232421875 0.107421875
0 0.0712890625 0.1552734375 0.142578125 0.197265625
0 0.3740234375 0.0537109375 0.24609375 0.107421875
0 0.068359375 0.4794921875 0.1357421875 0.259765625
0 0.1044921875 0.73046875 0.16796875 0.2412109375
0 0.654296875 0.3291015625 0.15625 0.1533203125
0 0.9580078125 0.33984375 0.083984375 0.26953125
0 0.5029296875 0.4873046875 0.185546875 0.140625
0 0.71875 0.5 0.26953125 0.271484375
0 0.7548828125 0.083984375 0.3154296875 0.16796875
0 0.49609375 0.86328125 0.21484375 0.2724609375