0 0.3072554976851852 0.8686848958333333 0.23057002314814812 0.24526909722222223
0 0.737109375 0.16799768518518518 0.2554108796296295 0.30318287037037034
0 0.6854094328703704 0.8335358796296297 0.23861400462962967 0.24963831018518512
0 0.3638454861111111 0.48411458333333335 0.3006944444444444 0.3447916666666666
0 0.8866608796296296 0.6079716435185185 0.2153935185185185 0.21906828703703707
0 0.7101417824074074 0.3744140625 0.23480902777777768 0.2182725694444445
0 0.4747251157407407 0.8999204282407407 0.24328703703703702 0.16427951388888884
0 0.5405164930555555 0.27372685185185186 0.40837673611111125 0.42123842592592586
0 0.8943287037037038 0.14202112268518519 0.14908854166666652 0.18399884259259258
0 0.834497974537037 0.736501736111111 0.14781539351851847 0.16251446759259247
0 0.13697916666666665 0.45933883101851847 0.21941550925925923 0.2212528935185185
0 0.5394386574074075 0.05993923611111111 0.24684606481481497 0.11987847222222223
0 0.15881076388888887 0.7285228587962963 0.19736689814814812 0.24330150462962963
0 0.9392216435185186 0.7982566550925926 0.12155671296296289 0.14862557870370363
0 0.6478370949074075 0.5633246527777778 0.255960648148148 0.24677372685185195
0 0.9240089699074074 0.8288266782407407 0.15198206018518512 0.11485821759259252
0 0.9266239872685185 0.7202039930555555 0.14675202546296306 0.1450520833333333
0 0.5450593171296296 0.15193865740740742 0.21893807870370363 0.18035300925925923
0 0.06958188657407408 0.1654152199074074 0.12828414351851852 0.1613570601851852
0 0.19691840277777778 0.9085431134259259 0.1426504629629629 0.17388599537037042
0 0.08947482638888887 0.6003327546296297 0.11691261574074074 0.1665219907407407
0 0.9369646990740741 0.5116608796296296 0.12607060185185182 0.25512152777777786
0 0.9703703703703703 0.6368778935185185 0.059259259259259345 0.22821180555555554
0 0.9378399884259259 0.30617766203703706 0.12432002314814827 0.24649884259259258
0 0.7762008101851852 0.8938151041666667 0.18880208333333348 0.09877025462962963
0 0.7427300347222222 0.03984375 0.21983506944444442 0.0796875
0 0.4501519097222222 0.7994574652777777 0.1528645833333333 0.14918981481481497
0 0.8673394097222222 0.04833622685185185 0.11643518518518525 0.0966724537037037
0 0.5443359375 0.7350766782407407 0.19172453703703707 0.21377314814814818