0 0.31764322916666665 0.1271629050925926 0.2553385416666667 0.2543258101851852
0 0.3087239583333333 0.4203559027777778 0.33671874999999996 0.24846643518518507
0 0.10003255208333334 0.28044704861111114 0.20006510416666667 0.2964120370370371
0 0.5229817708333333 0.7496600115740741 0.2373697916666666 0.22235243055555554
0 0.7505859375 0.49809751157407406 0.22187500000000004 0.22418981481481481
0 0.1130859375 0.09066840277777778 0.168359375 0.18133680555555556
0 0.8541015624999999 0.10201822916666667 0.1714843749999999 0.1418258101851852
0 0.8181640625 0.2604094328703703 0.21171875000000018 0.2182581018518519
0 0.22845052083333334 0.6581380208333334 0.171875 0.17696759259259265
0 0.6693359375000001 0.9262225115740741 0.21419270833333348 0.13823784722222232
0 0.5916666666666667 0.3343171296296296 0.24479166666666674 0.21655092592592595
0 0.6792317708333333 0.11893084490740741 0.2299479166666667 0.22815393518518517
0 0.9192708333333334 0.36898148148148147 0.12578124999999996 0.21762152777777777
0 0.9699869791666667 0.1792462384259259 0.04856770833333335 0.20143229166666665
0 0.5514322916666666 0.047120949074074076 0.19401041666666674 0.09424189814814815
0 0.42356770833333335 0.6449797453703704 0.24401041666666656 0.26339699074074074
0 0.5863932291666667 0.5159071180555556 0.20286458333333335 0.2025752314814815
0 0.944921875 0.5259403935185185 0.047395833333333304 0.12528935185185186
0 0.9106119791666667 0.6452763310185186 0.09062499999999996 0.15879629629629632
0 0.8666015625000001 0.8076316550925926 0.12239583333333348 0.22540509259259256
0 0.7426432291666667 0.7343677662037037 0.3126302083333332 0.29709201388888884
0 0.8282552083333333 0.9289496527777777 0.12578124999999996 0.12977430555555558
0 0.35944010416666666 0.889474826388889 0.41080729166666663 0.2177806712962962
0 0.115625 0.8591724537037038 0.23125 0.22251157407407396
0 0.04114583333333333 0.8149450231481481 0.08229166666666667 0.1747974537037038
0 0.09459635416666667 0.6603009259259259 0.18919270833333335 0.26142939814814814
0 0.029492187500000003 0.5504484953703703 0.058984375000000006 0.17644675925925934
0 0.105078125 0.4951533564814815 0.21015625 0.23793402777777772
0 0.3606770833333333 0.008883101851851852 0.24739583333333337 0.017766203703703704
0 0.46028645833333337 0.16740451388888888 0.1514322916666666 0.19243344907407411
0 0.5517578125 0.18624855324074074 0.11888020833333335 0.14338831018518516