0 0.7875651041666667 0.2082248263888889 0.1953125 0.18530092592592595
0 0.4990234375 0.2156467013888889 0.36302083333333335 0.2776909722222222
0 0.95068359375 0.8068431712962962 0.0986328125 0.2064091435185187
0 0.7989583333333333 0.8024594907407407 0.2026041666666667 0.20708912037037042
0 0.8384114583333333 0.38700810185185186 0.2001302083333334 0.22837094907407396
0 0.5018880208333333 0.7111472800925926 0.3471354166666667 0.3021701388888891
0 0.3064453125 0.9691044560185185 0.1977864583333333 0.061791087962963065
0 0.1263671875 0.46492332175925927 0.20234375 0.17398726851851853
0 0.4757161458333333 0.46454716435185184 0.2451822916666666 0.1742621527777779
0 0.94921875 0.9758246527777779 0.1015625 0.04835069444444429
0 0.26399739583333337 0.8798249421296296 0.19401041666666674 0.19496527777777795
0 0.10123697916666667 0.14636140046296295 0.19023437499999998 0.22591145833333331
0 0.7337890625 0.6423972800925926 0.1640625 0.18368055555555562
0 0.9150390625 0.6459563078703703 0.11822916666666661 0.1968749999999999
0 0.14498697916666667 0.9765625 0.162890625 0.046875
0 0.3591796875 0.044900173611111115 0.273046875 0.06671006944444445
0 0.10865885416666667 0.7686125578703704 0.12669270833333332 0.17785011574074083
0 0.8995442708333333 0.11890190972222223 0.20091145833333335 0.1471498842592593
0 0.09973958333333334 0.32826967592592593 0.16263020833333333 0.1621961805555555
0 0.7981770833333333 0.9875795717592593 0.24401041666666679 0.024840856481481488
0 0.29075520833333335 0.9685655381944445 0.1704427083333333 0.06286892361111107
0 0.2643229166666667 0.5489583333333333 0.19374999999999998 0.19105902777777772
0 0.9513020833333333 0.4540870949074074 0.09739583333333335 0.22287326388888884
0 0.9698567708333333 0.6158275462962963 0.06028645833333335 0.13376736111111098
0 0.6706380208333333 0.39582609953703707 0.1596354166666667 0.1464699074074074
0 0.2798828125 0.1984447337962963 0.13203125000000004 0.17034143518518519
0 0.22734375 0.3154224537037037 0.13945312499999996 0.135691550925926
0 0.7121744791666667 0.0992115162037037 0.16028645833333321 0.12703993055555554
0 0.9547526041666667 0.2797381365740741 0.09049479166666652 0.19266493055555556
0 0.17109375 0.05558449074074074 0.16640624999999998 0.10205439814814814
0 0.7634114583333333 0.4882233796296296 0.15507812499999996 0.13650173611111116
0 0.840625 0.9165364583333333 0.16393229166666679 0.15253182870370363
0 0.6617838541666666 0.9021918402777778 0.17695312500000004 0.19561631944444446
0 0.516796875 0.9190972222222222 0.12187499999999996 0.16180555555555554
0 0.40305989583333335 0.9269603587962962 0.15117187499999996 0.14607928240740753
0 0.11992187500000001 0.61640625 0.17109375 0.2015625000000001