0 0.574609375 0.2025245949074074 0.3999276620370371 0.3527633101851852
0 0.8926432291666666 0.22748842592592594 0.20377604166666652 0.36255787037037035
0 0.7847222222222222 0.7128761574074074 0.3226417824074075 0.3267650462962963
0 0.3155598958333333 0.27921006944444443 0.3624131944444444 0.3427517361111111
0 0.14618778935185184 0.8174262152777778 0.2923755787037037 0.2948350694444444
0 0.02989728009259259 0.7502097800925926 0.05979456018518518 0.2769241898148147
0 0.7227936921296296 0.08618344907407408 0.29713541666666665 0.17236689814814815
0 0.06037326388888889 0.30925202546296293 0.12074652777777778 0.20639467592592586
0 0.7558883101851852 0.9122178819444444 0.21704282407407405 0.09269386574074057
0 0.1673683449074074 0.5782769097222222 0.3347366898148148 0.32391493055555554
0 0.431517650462963 0.4086371527777778 0.2079282407407408 0.17977430555555562
0 0.7967592592592592 0.4619574652777778 0.328023726851852 0.2803530092592592
0 0.6069516782407407 0.611451099537037 0.2510416666666666 0.2602141203703705
0 0.42888454861111114 0.0808666087962963 0.20473090277777772 0.1617332175925926
0 0.1302662037037037 0.15389178240740742 0.19372106481481483 0.20619212962962963
0 0.40108506944444444 0.6012586805555555 0.30580150462962963 0.3024016203703703
0 0.22604890046296297 0.06409143518518519 0.30962094907407406 0.12818287037037038
0 0.33717447916666665 0.8387008101851852 0.25461516203703705 0.2915798611111111
0 0.5578776041666667 0.8256221064814815 0.31384548611111107 0.26977719907407405
0 0.5412977430555556 0.9200665509259259 0.24879918981481475 0.10431134259259256