0 0.4404296875 0.3486328125 0.115234375 0.142578125
0 0.53515625 0.38671875 0.1103515625 0.107421875
0 0.755859375 0.6123046875 0.162109375 0.14453125
0 0.662109375 0.125 0.134765625 0.169921875
0 0.2216796875 0.2841796875 0.212890625 0.1875
0 0.240234375 0.51953125 0.2548828125 0.26953125
0 0.080078125 0.48828125 0.16015625 0.2578125
0 0.3759765625 0.7783203125 0.2177734375 0.2470703125
0 0.8662109375 0.38671875 0.1728515625 0.1474609375
0 0.92578125 0.1298828125 0.1376953125 0.1552734375
0 0.359375 0.076171875 0.248046875 0.15234375
0 0.130859375 0.08203125 0.2607421875 0.1640625
0 0.5078125 0.146484375 0.1923828125 0.1826171875
0 0.7626953125 0.3564453125 0.12890625 0.138671875
0 0.603515625 0.5078125 0.2451171875 0.2666015625
0 0.443359375 0.5908203125 0.169921875 0.212890625
0 0.6025390625 0.8447265625 0.22265625 0.2294921875
0 0.4755859375 0.9443359375 0.326171875 0.111328125
0 0.05078125 0.7265625 0.1005859375 0.2548828125
0 0.1943359375 0.7900390625 0.2265625 0.17578125
0 0.138671875 0.9111328125 0.205078125 0.177734375
0 0.8642578125 0.9189453125 0.181640625 0.1279296875
0 0.896484375 0.720703125 0.1611328125 0.130859375
0 0.740234375 0.78125 0.166015625 0.1728515625
0 0.8623046875 0.525390625 0.22265625 0.197265625
0 0.9365234375 0.2646484375 0.126953125 0.109375
0 0.9541015625 0.3642578125 0.091796875 0.099609375
0 0.8173828125 0.0361328125 0.1982421875 0.072265625
0 0.82421875 0.1806640625 0.185546875 0.22265625
0 0.0869140625 0.3203125 0.142578125 0.130859375