0 0.4091796875 0.3251953125 0.1171875 0.1103515625
0 0.16015625 0.6103515625 0.21484375 0.1953125
0 0.6953125 0.2177734375 0.1552734375 0.125
0 0.16015625 0.0615234375 0.1845703125 0.1220703125
0 0.4228515625 0.18359375 0.1396484375 0.177734375
0 0.2685546875 0.330078125 0.1025390625 0.0947265625
0 0.1064453125 0.330078125 0.1279296875 0.125
0 0.4443359375 0.0458984375 0.169921875 0.091796875
0 0.8125 0.1435546875 0.1298828125 0.1376953125
0 0.94140625 0.3203125 0.1025390625 0.1650390625
0 0.8466796875 0.2861328125 0.142578125 0.162109375
0 0.6611328125 0.5595703125 0.1171875 0.1201171875
0 0.8173828125 0.794921875 0.099609375 0.1103515625
0 0.9326171875 0.8134765625 0.1298828125 0.1376953125
0 0.9423828125 0.705078125 0.1103515625 0.1201171875
0 0.611328125 0.798828125 0.1220703125 0.1279296875
0 0.3486328125 0.75390625 0.1826171875 0.162109375
0 0.11328125 0.8818359375 0.2265625 0.173828125
0 0.083984375 0.1982421875 0.16796875 0.1279296875
0 0.1650390625 0.2421875 0.1484375 0.140625
0 0.310546875 0.2177734375 0.1396484375 0.1865234375
0 0.30859375 0.0703125 0.1298828125 0.12109375
0 0.05078125 0.0439453125 0.1005859375 0.087890625
0 0.8125 0.041015625 0.099609375 0.08203125
0 0.935546875 0.1083984375 0.12890625 0.216796875
0 0.853515625 0.4296875 0.1005859375 0.119140625
0 0.9501953125 0.45703125 0.0986328125 0.14453125
0 0.955078125 0.6015625 0.0888671875 0.123046875
0 0.8203125 0.59765625 0.1806640625 0.1357421875
0 0.7470703125 0.720703125 0.1875 0.1669921875
0 0.5537109375 0.671875 0.1640625 0.154296875
0 0.4814453125 0.7880859375 0.0986328125 0.1162109375
0 0.4736328125 0.9384765625 0.1240234375 0.123046875
0 0.3427734375 0.943359375 0.1552734375 0.11328125
0 0.0302734375 0.72265625 0.060546875 0.166015625
0 0.04296875 0.5390625 0.0859375 0.1982421875
0 0.037109375 0.2802734375 0.0732421875 0.1416015625
0 0.1767578125 0.3994140625 0.1083984375 0.1337890625
0 0.3359375 0.3740234375 0.08984375 0.087890625
0 0.41796875 0.4013671875 0.119140625 0.1025390625
0 0.5029296875 0.359375 0.0751953125 0.0732421875
0 0.693359375 0.419921875 0.1904296875 0.1953125
0 0.5634765625 0.521484375 0.1650390625 0.1728515625
0 0.3427734375 0.5732421875 0.1357421875 0.16796875
0 0.2607421875 0.4765625 0.23046875 0.142578125
0 0.8076171875 0.9306640625 0.228515625 0.1376953125
0 0.958984375 0.951171875 0.08203125 0.09765625