0 0.8547526041666667 0.3130642361111111 0.2904947916666667 0.28255208333333337
0 0.33469328703703705 0.19116753472222223 0.27375578703703707 0.21475694444444443
0 0.23586516203703703 0.39715711805555554 0.20710358796296297 0.1747829861111112
0 0.17167968749999998 0.6124782986111111 0.2874565972222222 0.2815972222222223
0 0.41671006944444444 0.5561631944444444 0.21848958333333335 0.20256076388888888
0 0.8868670428240741 0.9223741319444445 0.22626591435185173 0.15525173611111098
0 0.8956814236111111 0.5450520833333333 0.20863715277777772 0.2191406250000001
0 0.6200231481481482 0.4697482638888889 0.294921875 0.27608506944444433
0 0.5882667824074075 0.0982204861111111 0.18825231481481497 0.1525173611111111
0 0.9015697337962962 0.10922309027777778 0.18985821759259247 0.14674479166666668
0 0.3093677662037037 0.07608506944444444 0.29026331018518514 0.13172743055555555
0 0.2209056712962963 0.8605251736111111 0.3407696759259259 0.2789496527777777
0 0.7611328125 0.13901909722222222 0.21009837962962963 0.19244791666666666
0 0.1370949074074074 0.20965711805555556 0.2091724537037037 0.17682291666666666
0 0.4486834490740741 0.7669921875 0.2943287037037037 0.23320312499999996
0 0.752003761574074 0.6752821180555555 0.2460648148148148 0.20768229166666652
0 0.731495949074074 0.9218641493055555 0.18057002314814818 0.15627170138888902
0 0.5504991319444444 0.9433376736111111 0.20892650462962958 0.11332465277777781
0 0.5687210648148149 0.8531684027777777 0.30017361111111107 0.20034722222222223