0 0.2662326388888889 0.2258174189814815 0.10438368055555558 0.1103732638888889
0 0.14581163194444446 0.3985532407407407 0.12426215277777775 0.11876446759259252
0 0.2646701388888889 0.3226707175925926 0.11627604166666661 0.11462673611111107
0 0.22868923611111114 0.4371672453703703 0.1005642361111111 0.11221064814814818
0 0.3136935763888889 0.43562644675925927 0.1044704861111111 0.1123263888888889
0 0.45086805555555554 0.37582465277777777 0.12513020833333344 0.13829571759259252
0 0.3941840277777778 0.5085358796296295 0.11219618055555558 0.11060474537037024
0 0.3624348958333333 0.6082392939814815 0.09001736111111114 0.09434317129629632
0 0.901171875 0.34292534722222223 0.18155381944444438 0.17897858796296295
0 0.8669921875 0.4759476273148148 0.11193576388888893 0.10474537037037035
0 0.7912760416666667 0.5984664351851852 0.2524305555555555 0.23764467592592586
0 0.9422960069444444 0.6746600115740741 0.11540798611111125 0.18580729166666665
0 0.09042968750000001 0.736574074074074 0.09205729166666668 0.09635416666666652
0 0.1086154513888889 0.5737123842592593 0.08381076388888886 0.0863570601851853
0 0.11673177083333333 0.18428819444444444 0.12222222222222223 0.11675347222222221
0 0.5145616319444444 0.035655381944444446 0.17365451388888875 0.07131076388888889
0 0.9204644097222222 0.018750000000000003 0.15290798611111112 0.037500000000000006
0 0.7747395833333333 0.40240885416666666 0.15993923611111116 0.13152488425925923
0 0.06514756944444444 0.059483506944444445 0.11857638888888888 0.11896701388888889
0 0.06358506944444445 0.8146195023148148 0.060156249999999994 0.12466724537037033
0 0.658203125 0.7725549768518518 0.10846354166666661 0.11439525462962963
0 0.36551649305555556 0.19354021990740738 0.1044704861111111 0.1123263888888889
0 0.35596788194444445 0.07338686342592593 0.2041232638888889 0.14677372685185186
0 0.6882161458333333 0.23776041666666664 0.1324218749999999 0.12680844907407407
0 0.21059027777777778 0.9100043402777778 0.13016493055555556 0.16380208333333335
0 0.09186197916666668 0.9448133680555555 0.10368923611111111 0.09474826388888902
0 0.131640625 0.8497612847222222 0.12183159722222225 0.1518518518518519
0 0.23159722222222223 0.7226128472222222 0.21345486111111112 0.15066550925925926
0 0.06927083333333334 0.6345269097222221 0.08802083333333333 0.1371961805555557
0 0.060980902777777776 0.3599971064814815 0.09301215277777777 0.11783854166666663
0 0.04344618055555556 0.18548177083333334 0.06336805555555555 0.1091579861111111
0 0.5048611111111111 0.27057291666666666 0.1571614583333334 0.1567997685185185
0 0.6349826388888888 0.16208767361111112 0.13255208333333313 0.1736255787037037
0 0.7479383680555556 0.05239076967592593 0.1967881944444443 0.10478153935185186
0 0.8917100694444444 0.13003472222222223 0.14665798611111125 0.1837962962962963
0 0.9605902777777777 0.21383101851851852 0.07881944444444455 0.16660879629629627
0 0.7857855902777777 0.2769169560185185 0.1216579861111109 0.1479456018518519
0 0.9685763888888889 0.4833043981481482 0.06284722222222228 0.1625868055555555
0 0.5333333333333333 0.5151692708333333 0.25208333333333344 0.22983217592592586
0 0.47875434027777775 0.7612485532407407 0.3348524305555556 0.29275173611111116
0 0.9196180555555555 0.8620225694444444 0.16076388888888893 0.22826967592592595
0 0.7261284722222222 0.8927734375 0.2655381944444444 0.18146701388888875
0 0.5305121527777777 0.9357277199074074 0.1372395833333333 0.10354456018518521
0 0.40115017361111116 0.951294849537037 0.15564236111111107 0.07873263888888893
0 0.29598524305555557 0.9172526041666667 0.12556423611111112 0.14806134259259252