0 0.8291015625 0.103515625 0.1962890625 0.1806640625
0 0.7890625 0.3046875 0.1494140625 0.15625
0 0.8955078125 0.787109375 0.1611328125 0.154296875
0 0.49609375 0.7412109375 0.1865234375 0.1513671875
0 0.4453125 0.458984375 0.1396484375 0.125
0 0.64453125 0.4697265625 0.2021484375 0.2158203125
0 0.3603515625 0.263671875 0.224609375 0.189453125
0 0.2802734375 0.599609375 0.169921875 0.189453125
0 0.6123046875 0.1611328125 0.216796875 0.1982421875
0 0.0751953125 0.947265625 0.126953125 0.10546875
0 0.8681640625 0.5419921875 0.216796875 0.1806640625
0 0.74609375 0.697265625 0.189453125 0.1572265625
0 0.3115234375 0.44140625 0.140625 0.16015625
0 0.5224609375 0.896484375 0.171875 0.1630859375
0 0.162109375 0.1064453125 0.2216796875 0.1923828125
0 0.4521484375 0.583984375 0.17578125 0.1572265625
0 0.0458984375 0.4375 0.091796875 0.1796875
0 0.763671875 0.8623046875 0.14453125 0.1611328125
0 0.71875 0.0341796875 0.1572265625 0.0673828125
0 0.1162109375 0.73828125 0.18359375 0.1982421875
0 0.25390625 0.9677734375 0.177734375 0.0634765625
0 0.3037109375 0.072265625 0.2421875 0.14453125
0 0.9677734375 0.2412109375 0.0615234375 0.1875
0 0.7890625 0.7021484375 0.1279296875 0.1318359375
0 0.201171875 0.3095703125 0.1240234375 0.1591796875
0 0.490234375 0.05078125 0.1474609375 0.1005859375
0 0.689453125 0.26171875 0.1025390625 0.1044921875
0 0.7783203125 0.205078125 0.14453125 0.0751953125
0 0.07421875 0.271484375 0.1484375 0.14453125