0 0.4720558449074074 0.34263599537037037 0.2729745370370371 0.2596788194444445
0 0.847359664351852 0.12280815972222221 0.19850983796296306 0.2214988425925926
0 0.9134982638888889 0.70859375 0.17300347222222223 0.24525462962962963
0 0.3735821759259259 0.7060908564814814 0.3284577546296297 0.24098668981481497
0 0.48721788194444443 0.8619357638888889 0.2484953703703704 0.24175347222222232
0 0.27024739583333335 0.9851996527777778 0.20302372685185177 0.029600694444444464
0 0.771238425925926 0.23778935185185185 0.23320312499999996 0.21420717592592597
0 0.6320384837962963 0.47379918981481484 0.3255931712962963 0.25850694444444433
0 0.5640842013888889 0.08446180555555555 0.20238715277777786 0.15520833333333334
0 0.7377170138888889 0.034346064814814815 0.29184027777777777 0.0511574074074074
0 0.6161096643518518 0.9575737847222222 0.1870804398148147 0.08485243055555558
0 0.13464988425925925 0.6586443865740741 0.19241898148148145 0.21750578703703694
0 0.9715494791666667 0.8275535300925926 0.05690104166666665 0.1870225694444445
0 0.059389467592592594 0.24480613425925926 0.10164930555555556 0.20054976851851852
0 0.9080512152777778 0.4937644675925926 0.18389756944444446 0.24913194444444442
0 0.28368778935185185 0.8520905671296297 0.26882233796296295 0.22254050925925917
0 0.37583912037037037 0.08557581018518517 0.20675636574074074 0.1630787037037037
0 0.41160300925925924 0.9491608796296296 0.20546874999999998 0.10167824074074083
0 0.8786675347222221 0.4162398726851852 0.2426649305555557 0.3651186342592593
0 0.14581886574074074 0.8471209490740741 0.10302372685185185 0.19081307870370368
0 0.7382667824074074 0.6363642939814815 0.2782407407407408 0.2168258101851852
0 0.2950159143518518 0.4834418402777778 0.3110098379629629 0.2758535879629629
0 0.8371889467592593 0.9061487268518518 0.22915219907407414 0.14584780092592586
0 0.04538483796296296 0.1401982060185185 0.07965856481481481 0.09289641203703702
0 0.7285734953703704 0.8020905671296297 0.3370804398148146 0.25477430555555536