0 0.816579861111111 0.8379340277777778 0.2992187500000001 0.3241319444444444
0 0.20669126157407408 0.09204282407407408 0.24932002314814816 0.17922453703703706
0 0.5827039930555555 0.23987268518518517 0.28527199074074083 0.2876880787037037
0 0.06500289351851851 0.3397424768518519 0.12269965277777778 0.22038483796296293
0 0.6828703703703703 0.44982638888888893 0.32832754629629624 0.30067997685185177
0 0.5406322337962963 0.7551142939814814 0.26743344907407396 0.2520109953703704
0 0.3388671875 0.2736545138888889 0.2989293981481481 0.2861400462962963
0 0.873314525462963 0.5512297453703704 0.2533709490740741 0.38648726851851856
0 0.8951967592592592 0.31166087962962963 0.20960648148148153 0.21718749999999998
0 0.6470196759259259 0.6186487268518519 0.287181712962963 0.28188657407407414
0 0.9779803240740741 0.2574797453703703 0.044039351851851816 0.22008101851851847
0 0.3397424768518519 0.911986400462963 0.28845486111111107 0.17602719907407405
0 0.08608940972222222 0.8138961226851852 0.1617042824074074 0.21372974537037037
0 0.4835286458333333 0.031901041666666664 0.26393229166666665 0.04296875
0 0.7256365740740741 0.1601417824074074 0.3515335648148148 0.2701244212962963
0 0.9524884259259259 0.15125868055555555 0.09502314814814827 0.06533564814814813
0 0.8165581597222222 0.953978587962963 0.18638599537037037 0.09204282407407405
0 0.14322193287037036 0.6183666087962962 0.19665798611111113 0.1874276620370372
0 0.24763454861111112 0.4789134837962963 0.20282118055555554 0.22861689814814823
0 0.35649594907407406 0.5446252893518518 0.1791521990740741 0.19667245370370368
0 0.32643229166666665 0.703855613425926 0.2613859953703703 0.22644675925925917
0 0.5635633680555556 0.9416015625 0.1650318287037038 0.11679687499999991
0 0.7141420717592593 0.9690755208333333 0.18418692129629632 0.06184895833333348
0 0.4087818287037037 0.0902199074074074 0.27459490740740744 0.16435185185185186