0 0.8384693287037037 0.6241536458333333 0.23764467592592586 0.25755208333333335
0 0.31353443287037036 0.9057291666666667 0.1978153935185185 0.16328125000000004
0 0.40493344907407414 0.5229166666666667 0.21005497685185182 0.181640625
0 0.9138310185185186 0.8021484375000001 0.1723379629629629 0.18684895833333348
0 0.27021846064814814 0.5005859375 0.20776909722222225 0.23606770833333335
0 0.48976417824074076 0.1826171875 0.22695312499999998 0.22565104166666672
0 0.15237268518518518 0.7833984375 0.21495949074074078 0.2813802083333332
0 0.8035445601851852 0.13776041666666666 0.3219328703703703 0.2755208333333333
0 0.9582103587962962 0.5772786458333333 0.08357928240740753 0.20585937499999996
0 0.1804615162037037 0.3774088541666667 0.16317997685185182 0.17851562499999996
0 0.15545428240740738 0.9534505208333334 0.11944444444444446 0.083984375
0 0.9346715856481482 0.4244140625 0.13065682870370354 0.17747395833333335
0 0.6031901041666667 0.7083333333333333 0.22677951388888884 0.2197916666666666
0 0.3262731481481481 0.3119140625 0.2021846064814814 0.1791666666666667
0 0.4412109375 0.6574869791666667 0.1669704861111111 0.1748697916666666
0 0.7198350694444444 0.8473307291666667 0.2793402777777778 0.21744791666666652
0 0.6427879050925925 0.26145833333333335 0.14537037037037037 0.1695312499999999
0 0.9641999421296297 0.6981119791666667 0.07160011574074066 0.16627604166666665
0 0.5494719328703703 0.0408203125 0.26691261574074066 0.081640625
0 0.29131944444444446 0.7173828124999999 0.18381076388888884 0.21692708333333321
0 0.9634620949074074 0.260546875 0.07307581018518516 0.18046874999999996
0 0.3887080439814815 0.0232421875 0.1504050925925926 0.046484375
0 0.17446469907407405 0.1419921875 0.3473090277777778 0.274609375
0 0.46025752314814816 0.8049479166666667 0.2046585648148147 0.1968749999999999
0 0.5669487847222222 0.4759114583333333 0.2207465277777778 0.21354166666666663
0 0.12583912037037037 0.41627604166666665 0.2351273148148148 0.3041666666666667
0 0.7365162037037036 0.28750000000000003 0.15300925925925934 0.16419270833333333
0 0.43288483796296295 0.9378906250000001 0.15442708333333344 0.08046875000000009
0 0.03438946759259259 0.169921875 0.06426504629629629 0.1953125
0 0.7771339699074074 0.4364583333333333 0.20328414351851842 0.2162760416666667