0 0.662109375 0.232421875 0.1953125 0.2646484375
0 0.39453125 0.2236328125 0.275390625 0.1728515625
0 0.45703125 0.6484375 0.150390625 0.15234375
0 0.9345703125 0.34765625 0.1201171875 0.1201171875
0 0.87890625 0.72265625 0.1923828125 0.1796875
0 0.8876953125 0.9189453125 0.134765625 0.1474609375
0 0.6513671875 0.83984375 0.2421875 0.2646484375
0 0.4560546875 0.4599609375 0.2421875 0.21484375
0 0.150390625 0.3046875 0.1904296875 0.2001953125
0 0.0576171875 0.6923828125 0.115234375 0.1953125
0 0.2099609375 0.693359375 0.1796875 0.1728515625
0 0.068359375 0.890625 0.13671875 0.15234375
0 0.0849609375 0.54296875 0.1123046875 0.15234375
0 0.1826171875 0.8056640625 0.12890625 0.0869140625
0 0.2353515625 0.92578125 0.189453125 0.1474609375
0 0.341796875 0.822265625 0.216796875 0.2099609375
0 0.7705078125 0.447265625 0.2392578125 0.140625
0 0.9091796875 0.048828125 0.181640625 0.09765625
0 0.7978515625 0.158203125 0.1748046875 0.16796875
0 0.9248046875 0.1767578125 0.150390625 0.197265625
0 0.9501953125 0.537109375 0.0986328125 0.1943359375
0 0.8154296875 0.5927734375 0.2265625 0.146484375
0 0.7294921875 0.70703125 0.2177734375 0.21484375
0 0.1669921875 0.142578125 0.212890625 0.17578125
0 0.19921875 0.53125 0.146484375 0.142578125
0 0.33203125 0.546875 0.12109375 0.138671875
0 0.3203125 0.6552734375 0.1376953125 0.107421875
0 0.8310546875 0.3544921875 0.1689453125 0.1650390625
0 0.6083984375 0.048828125 0.3701171875 0.09765625
0 0.365234375 0.09765625 0.1162109375 0.1162109375
0 0.498046875 0.3544921875 0.134765625 0.1591796875
0 0.060546875 0.3544921875 0.12109375 0.19921875
0 0.638671875 0.51171875 0.1298828125 0.1689453125