0 0.263671875 0.2451171875 0.0927734375 0.099609375
0 0.14453125 0.4091796875 0.1103515625 0.107421875
0 0.259765625 0.337890625 0.10546875 0.10546875
0 0.22265625 0.4462890625 0.08984375 0.1025390625
0 0.3037109375 0.4462890625 0.0927734375 0.1025390625
0 0.4345703125 0.3896484375 0.1103515625 0.125
0 0.3779296875 0.5146484375 0.099609375 0.099609375
0 0.3447265625 0.6103515625 0.080078125 0.0849609375
0 0.86328125 0.36328125 0.162109375 0.162109375
0 0.8271484375 0.490234375 0.099609375 0.0947265625
0 0.7529296875 0.60546875 0.224609375 0.21484375
0 0.9208984375 0.6796875 0.15234375 0.169921875
0 0.083984375 0.728515625 0.08203125 0.087890625
0 0.10546875 0.57421875 0.0751953125 0.0771484375
0 0.1220703125 0.205078125 0.1103515625 0.10546875
0 0.5048828125 0.0498046875 0.16015625 0.099609375
0 0.8916015625 0.0361328125 0.142578125 0.072265625
0 0.7421875 0.4189453125 0.14453125 0.1171875
0 0.07421875 0.0751953125 0.1123046875 0.1298828125
0 0.041015625 0.802734375 0.08203125 0.115234375
0 0.62109375 0.76953125 0.09765625 0.10546875
0 0.3583984375 0.2158203125 0.0927734375 0.1025390625
0 0.3525390625 0.0966796875 0.1845703125 0.142578125
0 0.6640625 0.2626953125 0.1171875 0.115234375
0 0.1943359375 0.896484375 0.11328125 0.1484375
0 0.064453125 0.9404296875 0.1279296875 0.107421875
0 0.1201171875 0.8369140625 0.1083984375 0.138671875
0 0.2177734375 0.716796875 0.1943359375 0.134765625
0 0.052734375 0.6328125 0.10546875 0.1259765625
0 0.0625 0.3740234375 0.0927734375 0.107421875
0 0.0400390625 0.2060546875 0.080078125 0.099609375
0 0.48828125 0.291015625 0.140625 0.142578125
0 0.615234375 0.189453125 0.1162109375 0.1591796875
0 0.724609375 0.06640625 0.1796875 0.1328125
0 0.859375 0.1611328125 0.1279296875 0.1689453125
0 0.9453125 0.244140625 0.109375 0.1533203125
0 0.7548828125 0.2998046875 0.1064453125 0.1357421875
0 0.9501953125 0.501953125 0.0986328125 0.150390625
0 0.5107421875 0.5234375 0.2265625 0.2080078125
0 0.4521484375 0.7568359375 0.302734375 0.2646484375
0 0.8984375 0.8779296875 0.1953125 0.244140625
0 0.6845703125 0.9033203125 0.2421875 0.1923828125
0 0.498046875 0.939453125 0.125 0.1201171875
0 0.375 0.9521484375 0.1416015625 0.095703125
0 0.2744140625 0.91796875 0.111328125 0.1640625