0 0.5234375 0.43558304398148145 0.25954861111111116 0.2333622685185185
0 0.40405815972222225 0.6746238425925926 0.5822916666666667 0.5745804398148149
0 0.5016710069444444 0.9215494791666667 0.3187934027777777 0.15690104166666652
0 0.13426649305555555 0.6605179398148149 0.20273437500000002 0.22526041666666652
0 0.7317057291666667 0.2687717013888889 0.3262586805555556 0.28891782407407407
0 0.22701822916666664 0.4253833912037037 0.203125 0.19024884259259256
0 0.9096137152777778 0.5866608796296297 0.14431423611111116 0.22482638888888884
0 0.12174479166666666 0.3029513888888889 0.21987847222222223 0.216796875
0 0.3354166666666667 0.34523292824074076 0.23710937499999996 0.21028645833333337
0 0.7916232638888889 0.48582175925925924 0.22426215277777795 0.27162905092592593
0 0.8409722222222222 0.8745298032407407 0.18771701388888884 0.23777488425925908
0 0.8012152777777778 0.9853153935185186 0.16397569444444438 0.0293692129629628
0 0.7006727430555556 0.9812282986111112 0.130859375 0.03754340277777768
0 0.650390625 0.841796875 0.24865451388888893 0.20724826388888884
0 0.07170138888888888 0.49811921296296297 0.14340277777777777 0.24233217592592593
0 0.2745225694444444 0.17220052083333334 0.31423611111111116 0.3250144675925926
0 0.12122395833333333 0.13831018518518517 0.18333333333333335 0.2705439814814815
0 0.5041666666666667 0.25191695601851855 0.27708333333333335 0.27748842592592593
0 0.9049696180555555 0.3384331597222222 0.17478298611111098 0.20956307870370372
0 0.9353949652777778 0.40339265046296297 0.10872395833333326 0.2124565972222222
0 0.9440972222222223 0.22963686342592593 0.10520833333333335 0.17715567129629628
0 0.7120442708333333 0.13798466435185186 0.20529513888888884 0.15147569444444442
0 0.2724392361111111 0.04271556712962963 0.3418402777777778 0.07009548611111112
0 0.7854383680555556 0.6911168981481481 0.2510850694444444 0.26193576388888884
0 0.24151475694444444 0.8868272569444444 0.24809027777777776 0.22634548611111116
0 0.061436631944444445 0.8191912615740741 0.12287326388888889 0.22432002314814814
0 0.027061631944444442 0.7109736689814814 0.054123263888888884 0.2539785879629628