0 0.8588179976851852 0.6587962962962963 0.24810474537037042 0.2798611111111111
0 0.09636140046296296 0.16419270833333333 0.19272280092592592 0.30833333333333335
0 0.4808159722222222 0.22301793981481483 0.23919270833333328 0.24228877314814812
0 0.043670428240740744 0.5107204861111111 0.08734085648148149 0.2051215277777778
0 0.6285300925925926 0.370240162037037 0.282277199074074 0.24874131944444444
0 0.5848596643518519 0.692578125 0.22844328703703698 0.2085069444444443
0 0.27241030092592594 0.34747540509259256 0.25470196759259256 0.239308449074074
0 0.8604600694444444 0.3730685763888889 0.2636863425925926 0.3451244212962963
0 0.7837601273148148 0.1650969328703704 0.18282696759259265 0.1824074074074074
0 0.6412760416666667 0.5322844328703704 0.24292534722222214 0.23666087962962967
0 0.9056206597222223 0.08406032986111112 0.1483651620370372 0.16812065972222223
0 0.4526331018518519 0.9109809027777778 0.26140046296296293 0.13637152777777772
0 0.1336082175925926 0.9251374421296297 0.2672164351851852 0.14671585648148167
0 0.32765480324074076 0.041919849537037035 0.26059027777777777 0.08383969907407407
0 0.5873480902777778 0.10428240740740741 0.3174913194444444 0.20856481481481481
0 0.8145905671296296 0.006445312500000001 0.15597511574074074 0.012890625000000003
0 0.9038194444444445 0.8179542824074074 0.1464120370370372 0.2036458333333333
0 0.19296875 0.7255497685185185 0.16840277777777773 0.1562065972222222
0 0.24651331018518519 0.5634765625 0.16766493055555554 0.19710648148148158
0 0.36303530092592595 0.5789930555555556 0.14927662037037037 0.16872106481481475
0 0.380005787037037 0.7300636574074074 0.22579571759259265 0.18495370370370368
0 0.6652126736111111 0.8759620949074074 0.1352575231481481 0.15619212962962958
0 0.8137659143518519 0.8632595486111111 0.15840567129629624 0.14781539351851847
0 0.2772280092592593 0.11907552083333334 0.24033564814814812 0.2150607638888889