0 0.8291015625 0.5908203125 0.1171875 0.1572265625
0 0.6708984375 0.61328125 0.1220703125 0.2021484375
0 0.15234375 0.7490234375 0.1552734375 0.1728515625
0 0.3271484375 0.7060546875 0.2197265625 0.2021484375
0 0.4970703125 0.2578125 0.1396484375 0.1650390625
0 0.7001953125 0.3740234375 0.14453125 0.177734375
0 0.9013671875 0.2412109375 0.1923828125 0.20703125
0 0.1337890625 0.35546875 0.2578125 0.2353515625
0 0.3779296875 0.1220703125 0.134765625 0.14453125
0 0.5078125 0.1015625 0.1298828125 0.1474609375
0 0.64453125 0.134765625 0.1298828125 0.1298828125
0 0.5078125 0.5673828125 0.22265625 0.2646484375
0 0.912109375 0.7529296875 0.1630859375 0.15234375
0 0.8349609375 0.869140625 0.13671875 0.1435546875
0 0.6884765625 0.9140625 0.1259765625 0.1640625
0 0.576171875 0.865234375 0.1083984375 0.1171875
0 0.427734375 0.9208984375 0.1767578125 0.158203125
0 0.14453125 0.5498046875 0.171875 0.1591796875
0 0.0654296875 0.6923828125 0.130859375 0.2666015625
0 0.087890625 0.9462890625 0.125 0.107421875
0 0.2431640625 0.9150390625 0.1650390625 0.169921875
0 0.3359375 0.2666015625 0.1103515625 0.1240234375
0 0.14453125 0.0888671875 0.162109375 0.16796875
0 0.0380859375 0.103515625 0.076171875 0.20703125
0 0.65234375 0.048828125 0.1728515625 0.09765625
0 0.9052734375 0.0400390625 0.185546875 0.080078125
0 0.7802734375 0.0439453125 0.08984375 0.087890625
0 0.759765625 0.2255859375 0.087890625 0.0966796875
0 0.8564453125 0.37109375 0.19140625 0.1328125
0 0.8994140625 0.5126953125 0.1474609375 0.1416015625
0 0.6669921875 0.7705078125 0.0673828125 0.0771484375
0 0.3154296875 0.458984375 0.09375 0.119140625
0 0.3125 0.05078125 0.1015625 0.1015625
0 0.5361328125 0.7451171875 0.12109375 0.0908203125
0 0.826171875 0.9599609375 0.125 0.080078125