0 0.8271484375 0.7119140625 0.2001953125 0.1767578125
0 0.3505859375 0.3828125 0.275390625 0.232421875
0 0.77734375 0.3515625 0.171875 0.154296875
0 0.5654296875 0.1787109375 0.197265625 0.205078125
0 0.5380859375 0.7578125 0.2080078125 0.1572265625
0 0.1552734375 0.568359375 0.1904296875 0.2138671875
0 0.1767578125 0.142578125 0.3525390625 0.25390625
0 0.5546875 0.6474609375 0.099609375 0.0810546875
0 0.943359375 0.3466796875 0.1123046875 0.1123046875
0 0.0478515625 0.5498046875 0.0947265625 0.224609375
0 0.5205078125 0.47265625 0.1171875 0.1005859375
0 0.212890625 0.7626953125 0.193359375 0.1884765625
0 0.8388671875 0.884765625 0.259765625 0.171875
0 0.4248046875 0.595703125 0.2021484375 0.166015625
0 0.5966796875 0.916015625 0.2119140625 0.1611328125
0 0.0927734375 0.927734375 0.166015625 0.14453125
0 0.8935546875 0.974609375 0.173828125 0.0498046875
0 0.939453125 0.544921875 0.12109375 0.19140625
0 0.59375 0.4287109375 0.171875 0.13671875
0 0.65234375 0.04296875 0.306640625 0.0859375
0 0.8046875 0.5009765625 0.17578125 0.181640625
0 0.7509765625 0.177734375 0.140625 0.13671875
0 0.0234375 0.310546875 0.044921875 0.16015625
0 0.169921875 0.3271484375 0.162109375 0.1240234375
0 0.0576171875 0.779296875 0.115234375 0.1796875
0 0.3369140625 0.8984375 0.1416015625 0.1923828125
0 0.91796875 0.1640625 0.1640625 0.2177734375
0 0.63671875 0.55859375 0.1669921875 0.1474609375