0 0.28247251157407405 0.9499348958333333 0.22935474537037037 0.09006076388888884
0 0.08127893518518518 0.5123914930555555 0.11579861111111109 0.24474826388888893
0 0.8641493055555556 0.4004557291666666 0.27170138888888884 0.30386284722222223
0 0.35789207175925924 0.14075520833333333 0.23414351851851856 0.2694878472222222
0 0.23109085648148148 0.628125 0.33812210648148144 0.2819010416666665
0 0.024833622685185186 0.17122395833333334 0.03763020833333333 0.14192708333333331
0 0.7633101851851851 0.8521918402777777 0.30753761574074057 0.2259982638888891
0 0.8450810185185185 0.005013020833333333 0.11984953703703694 0.010026041666666666
0 0.6807002314814815 0.5817057291666666 0.287109375 0.2757378472222223
0 0.9884620949074074 0.8272786458333334 0.02307581018518512 0.08328993055555545
0 0.17661313657407407 0.18797743055555555 0.29376446759259256 0.25655381944444444
0 0.29131221064814816 0.4051432291666667 0.31365740740740744 0.2963975694444445
0 0.5292607060185185 0.686349826388889 0.19654224537037046 0.19379340277777768
0 0.7063078703703703 0.040863715277777775 0.2563657407407407 0.08172743055555555
0 0.7500868055555556 0.16640624999999998 0.24538483796296306 0.22907986111111112
0 0.15950520833333334 0.08103298611111111 0.3150752314814815 0.12309027777777778
0 0.4914424189814815 0.37862413194444444 0.2719618055555556 0.3159722222222223
0 0.46521990740740743 0.06427951388888889 0.21168981481481486 0.12855902777777778
0 0.7999927662037036 0.020768229166666666 0.21717303240740726 0.04153645833333333
0 0.9215784143518518 0.7947048611111112 0.15684317129629632 0.17942708333333313
0 0.8979456018518519 0.15004340277777778 0.17566550925925917 0.26883680555555556
0 0.09791666666666667 0.3305121527777778 0.1708333333333333 0.2530381944444444
0 0.28402777777777777 0.8274739583333333 0.2236689814814815 0.2242187499999999
0 0.12556423611111112 0.7640190972222223 0.11843171296296295 0.22343750000000018
0 0.46986400462962963 0.8241102430555556 0.2607783564814814 0.22586805555555545
0 0.5926070601851852 0.9126519097222222 0.22627314814814814 0.1366753472222222
0 0.9078631365740741 0.6840060763888889 0.18427372685185173 0.3592447916666668
0 0.6801649305555555 0.40744357638888884 0.20238715277777786 0.16093749999999996
0 0.4541160300925926 0.9383897569444444 0.12825520833333326 0.09335937499999991
0 0.4613136574074074 0.5806857638888889 0.21367187499999996 0.21987847222222223
0 0.6464988425925926 0.26892361111111107 0.19276620370370368 0.22868923611111103