0 0.537109375 0.6923828125 0.1201171875 0.125
0 0.384765625 0.7236328125 0.134765625 0.1328125
0 0.6201171875 0.755859375 0.1201171875 0.1123046875
0 0.7802734375 0.7421875 0.125 0.1298828125
0 0.423828125 0.943359375 0.142578125 0.107421875
0 0.0712890625 0.42578125 0.1328125 0.15234375
0 0.650390625 0.9140625 0.099609375 0.09765625
0 0.6611328125 0.1796875 0.162109375 0.1650390625
0 0.1650390625 0.11328125 0.099609375 0.1025390625
0 0.26171875 0.1376953125 0.1123046875 0.10546875
0 0.412109375 0.1162109375 0.125 0.1171875
0 0.94140625 0.111328125 0.1123046875 0.142578125
0 0.0625 0.0498046875 0.125 0.099609375
0 0.150390625 0.8125 0.2099609375 0.1845703125
0 0.3994140625 0.3671875 0.24609375 0.1904296875
0 0.080078125 0.1982421875 0.16015625 0.154296875
0 0.22265625 0.484375 0.1689453125 0.1796875
0 0.3408203125 0.5166015625 0.1298828125 0.234375
0 0.4482421875 0.5810546875 0.134765625 0.1630859375
0 0.5888671875 0.6044921875 0.15625 0.1455078125
0 0.7548828125 0.5439453125 0.1376953125 0.177734375
0 0.8564453125 0.61328125 0.10546875 0.181640625
0 0.947265625 0.673828125 0.10546875 0.140625
0 0.9306640625 0.80078125 0.138671875 0.1328125
0 0.744140625 0.853515625 0.1162109375 0.103515625
0 0.8779296875 0.9404296875 0.244140625 0.119140625
0 0.587890625 0.9580078125 0.15625 0.083984375
0 0.279296875 0.9072265625 0.1982421875 0.1103515625
0 0.0556640625 0.9404296875 0.111328125 0.119140625
0 0.05078125 0.7607421875 0.1005859375 0.1923828125
0 0.1025390625 0.6494140625 0.142578125 0.1494140625
0 0.056640625 0.5703125 0.11328125 0.125
0 0.2109375 0.291015625 0.1650390625 0.1982421875
0 0.2939453125 0.048828125 0.287109375 0.09765625
0 0.65625 0.0439453125 0.412109375 0.087890625
0 0.912109375 0.0302734375 0.1025390625 0.060546875
0 0.7001953125 0.357421875 0.1875 0.1962890625
0 0.892578125 0.2978515625 0.2138671875 0.2119140625
0 0.93359375 0.44140625 0.1298828125 0.0986328125
0 0.505859375 0.208984375 0.1650390625 0.1982421875
0 0.25390625 0.6494140625 0.1640625 0.173828125
0 0.484375 0.8359375 0.173828125 0.11328125