0 0.48046875 0.3828125 0.21484375 0.169921875
0 0.5380859375 0.6376953125 0.466796875 0.435546875
0 0.3798828125 0.9013671875 0.275390625 0.1923828125
0 0.7939453125 0.693359375 0.1572265625 0.177734375
0 0.322265625 0.1728515625 0.26953125 0.2099609375
0 0.759765625 0.44921875 0.1650390625 0.142578125
0 0.94140625 0.9375 0.1123046875 0.10546875
0 0.06640625 0.4248046875 0.1328125 0.1904296875
0 0.88671875 0.3603515625 0.177734375 0.1650390625
0 0.67578125 0.3466796875 0.197265625 0.15234375
0 0.2177734375 0.3623046875 0.1669921875 0.220703125
0 0.0771484375 0.716796875 0.1533203125 0.1943359375
0 0.0732421875 0.916015625 0.1455078125 0.16796875
0 0.1787109375 0.923828125 0.1005859375 0.15234375
0 0.26953125 0.732421875 0.2080078125 0.146484375
0 0.919921875 0.564453125 0.16015625 0.19921875
0 0.771484375 0.197265625 0.2470703125 0.2548828125
0 0.9365234375 0.1806640625 0.126953125 0.29296875
0 0.5400390625 0.21484375 0.2216796875 0.2109375
0 0.138671875 0.193359375 0.1455078125 0.16796875
0 0.068359375 0.244140625 0.1357421875 0.1796875
0 0.0859375 0.0712890625 0.1708984375 0.142578125
0 0.373046875 0.052734375 0.1787109375 0.10546875
0 0.8134765625 0.03515625 0.326171875 0.0703125
0 0.177734375 0.5556640625 0.197265625 0.203125
0 0.640625 0.8984375 0.19921875 0.2021484375
0 0.845703125 0.8681640625 0.119140625 0.1865234375
0 0.9404296875 0.783203125 0.119140625 0.2216796875