0 0.21644965277777778 0.8031684027777778 0.17209201388888884 0.1880353009259259
0 0.8358072916666667 0.6085069444444444 0.16245659722222228 0.1937500000000001
0 0.25928819444444445 0.5887369791666667 0.1924045138888889 0.22348090277777777
0 0.8937282986111111 0.11809172453703703 0.19691840277777772 0.23618344907407407
0 0.05082465277777778 0.8926287615740741 0.10164930555555556 0.21456886574074074
0 0.5960720486111111 0.0675998263888889 0.20238715277777786 0.1351996527777778
0 0.6389322916666667 0.8574363425925926 0.27035590277777777 0.2168258101851852
0 0.9394748263888889 0.42441406249999997 0.10542534722222219 0.1753327546296296
0 0.8590928819444444 0.8346498842592593 0.2241319444444445 0.24542824074074066
0 0.5674696180555556 0.38306568287037035 0.1846354166666666 0.22531828703703705
0 0.3784722222222222 0.7168113425925926 0.1597222222222222 0.15856481481481488
0 0.08041449652777778 0.5729456018518518 0.16082899305555556 0.15684317129629632
0 0.24214409722222222 0.043862123842592596 0.33394097222222224 0.08772424768518519
0 0.21295572916666666 0.21357060185185187 0.1401041666666667 0.15436921296296297
0 0.021397569444444445 0.08757233796296296 0.04279513888888889 0.16079282407407408
0 0.46213107638888895 0.9498697916666667 0.2421440972222222 0.08949652777777795
0 0.9602647569444445 0.5871383101851853 0.055859375000000044 0.14140625000000018
0 0.1001953125 0.2543547453703704 0.200390625 0.2686342592592592
0 0.8124782986111112 0.9554181134259259 0.20047743055555545 0.05959201388888902
0 0.03687065972222222 0.46521267361111107 0.07374131944444444 0.18676215277777786
0 0.1481987847222222 0.9750217013888889 0.2041232638888889 0.04793113425925921
0 0.4506076388888889 0.022533275462962965 0.13198784722222223 0.04506655092592593
0 0.3243489583333333 0.2968532986111111 0.21345486111111112 0.29212962962962963
0 0.4129991319444445 0.4370949074074074 0.1776909722222222 0.17640335648148153