0 0.31081452546296295 0.17199797453703702 0.12241030092592597 0.12280092592592595
0 0.14869068287037038 0.3392939814814815 0.14263599537037036 0.1348090277777778
0 0.2881944444444444 0.2738064236111111 0.13654513888888897 0.1308159722222222
0 0.22575954861111108 0.3888888888888889 0.12068865740740742 0.12667824074074074
0 0.31399016203703706 0.398314525462963 0.12264178240740742 0.12670717592592595
0 0.4679036458333333 0.3531032986111111 0.14574652777777786 0.15436921296296302
0 0.38116319444444446 0.4831814236111111 0.1303385416666667 0.12486979166666667
0 0.32649016203703707 0.5825376157407407 0.10574363425925926 0.10499131944444429
0 0.9087239583333333 0.3729166666666667 0.14829282407407396 0.19733796296296302
0 0.8752893518518519 0.509035011574074 0.12999131944444442 0.11901041666666679
0 0.7707465277777779 0.6266927083333333 0.29113136574074083 0.269704861111111
0 0.8938078703703705 0.7234157986111112 0.10727719907407396 0.19673032407407387
0 0.03602430555555555 0.6827256944444444 0.0720486111111111 0.1089265046296295
0 0.07192563657407408 0.5150824652777778 0.09942129629629629 0.09709201388888888
0 0.16510416666666666 0.1117115162037037 0.14252025462962964 0.13285590277777776
0 0.6056278935185185 0.026439525462962965 0.18327546296296293 0.05287905092592593
0 0.797605613425926 0.4204210069444444 0.1826244212962962 0.15101273148148153
0 0.12958622685185184 0.021006944444444446 0.13535879629629632 0.04201388888888889
0 0.00691550925925926 0.7574074074074074 0.01383101851851852 0.13752893518518516
0 0.5940899884259259 0.7922526041666667 0.12873263888888875 0.13070023148148158
0 0.4192780671296296 0.15282841435185185 0.12264178240740742 0.12670717592592595
0 0.43115596064814815 0.055201099537037036 0.2236255787037037 0.11040219907407407
0 0.7429976851851852 0.23877314814814815 0.15298032407407414 0.14471932870370374
0 0.10319010416666666 0.8766059027777777 0.1570167824074074 0.17990451388888884
0 0.017968750000000002 0.8958478009259259 0.035937500000000004 0.10674189814814827
0 0.054730902777777785 0.805396412037037 0.10946180555555557 0.16804108796296302
0 0.1662326388888889 0.6854094328703704 0.2407696759259259 0.1772424768518519
0 0.03608217592592593 0.5715133101851853 0.07216435185185185 0.1538483796296295
0 0.06576244212962963 0.28978587962962965 0.12494212962962961 0.13259548611111116
0 0.07882667824074074 0.10225694444444444 0.1008101851851852 0.12052951388888888
0 0.5461877893518519 0.25047019675925924 0.18424479166666674 0.17835648148148153
0 0.7051215277777778 0.15347222222222223 0.1596643518518519 0.19165219907407405
0 0.8420500578703705 0.06558159722222222 0.21304976851851842 0.10462962962962963
0 0.9415075231481482 0.14899450231481481 0.10957754629629646 0.2026186342592593
0 0.8344835069444445 0.29205729166666666 0.14437210648148158 0.1641059027777778
0 0.5230975115740741 0.5083984375 0.29066840277777795 0.261892361111111
0 0.413671875 0.7578486689814814 0.3867476851851852 0.3355179398148147
0 0.833130787037037 0.8911603009259259 0.16368634259259274 0.19366319444444446
0 0.6400535300925926 0.9057291666666667 0.29706307870370363 0.17222222222222205
0 0.43019386574074076 0.9400607638888889 0.15468749999999998 0.10766782407407405
0 0.29238281250000003 0.9440538194444444 0.16950231481481481 0.09422743055555549
0 0.19187644675925924 0.8948061342592593 0.14816261574074074 0.16221064814814823