0 0.34520399305555555 0.4101634837962963 0.2362413194444445 0.2698640046296297
0 0.9060836226851852 0.4502314814814815 0.18783275462962967 0.25807291666666665
0 0.8935691550925926 0.746267361111111 0.14903067129629632 0.17947048611111116
0 0.794849537037037 0.8774594907407407 0.2485243055555557 0.1768229166666666
0 0.3411603009259259 0.730931712962963 0.18010706018518519 0.1693721064814815
0 0.1928096064814815 0.612550636574074 0.3203414351851852 0.28203124999999996
0 0.1031105324074074 0.758912037037037 0.1863715277777778 0.19701967592592595
0 0.30496238425925926 0.13469328703703703 0.20828993055555556 0.22743055555555558
0 0.6710865162037036 0.10984519675925924 0.18800636574074092 0.17563657407407407
0 0.6449074074074074 0.2558449074074074 0.19840856481481484 0.21911168981481488
0 0.9519675925925926 0.20165653935185185 0.09606481481481488 0.29217303240740744
0 0.6118200231481481 0.9250651041666667 0.2552083333333335 0.1010561342592593
0 0.42669994212962964 0.8975260416666666 0.1801359953703704 0.1713252314814815
0 0.11057581018518518 0.8670066550925926 0.19701967592592592 0.12536168981481488
0 0.5335865162037037 0.7238859953703703 0.31660879629629646 0.2935474537037037
0 0.7042607060185184 0.7658564814814814 0.13658854166666679 0.13003472222222223
0 0.29247685185185185 0.8751663773148148 0.14489293981481477 0.1636429398148147
0 0.20640190972222222 0.40856481481481477 0.14908854166666663 0.18337673611111116
0 0.5285300925925926 0.3166087962962963 0.1347222222222222 0.13579282407407411
0 0.8499927662037037 0.31166811342592593 0.2002748842592592 0.2133535879629629
0 0.24598524305555555 0.05504918981481481 0.2185329861111111 0.11009837962962962
0 0.13586516203703702 0.07214265046296296 0.11157407407407405 0.14428530092592592
0 0.09157986111111112 0.3764033564814815 0.17505787037037038 0.22375578703703702
0 0.058080150462962964 0.5560112847222223 0.10267650462962964 0.21219618055555545
0 0.026880787037037036 0.7589554398148148 0.034722222222222224 0.23599537037037033
0 0.6806568287037037 0.4259982638888889 0.13885995370370363 0.15162037037037035
0 0.7540943287037036 0.5013527199074075 0.1513599537037038 0.20496238425925917
0 0.582884837962963 0.5551866319444444 0.1962239583333334 0.20338541666666665
0 0.4800202546296296 0.09148582175925926 0.1826967592592592 0.18297164351851852
0 0.785959201388889 0.21139322916666667 0.19010416666666652 0.18550347222222224
0 0.7885850694444445 0.05879629629629629 0.1186921296296295 0.1076388888888889
0 0.7735894097222222 0.6958043981481481 0.1801938657407407 0.1752314814814815