0 0.2841724537037037 0.2058955439814815 0.2250434027777778 0.24699074074074073
0 0.288548900462963 0.4804325810185185 0.2983506944444445 0.23381076388888888
0 0.08840784143518518 0.34448061342592595 0.17681568287037036 0.27662037037037035
0 0.4988932291666667 0.7877459490740741 0.20934606481481488 0.20711805555555562
0 0.6966435185185185 0.5633897569444445 0.19392361111111112 0.21009837962962963
0 0.12991174768518518 0.044921875 0.18158275462962964 0.08475115740740741
0 0.09176070601851852 0.15726996527777776 0.15826099537037036 0.1982494212962963
0 0.7741753472222221 0.20162760416666664 0.15306712962962976 0.13563368055555558
0 0.747974537037037 0.3479890046296296 0.18580729166666687 0.20377604166666663
0 0.22549913194444443 0.6951388888888889 0.14872685185185186 0.1645833333333333
0 0.6394458912037038 0.944408275462963 0.19118923611111116 0.11118344907407396
0 0.5439814814814815 0.4093677662037037 0.21500289351851842 0.2035590277777778
0 0.6129557291666667 0.21264467592592592 0.20234374999999982 0.22228009259259257
0 0.8872902199074073 0.4571397569444444 0.19402488425925934 0.21205150462962963
0 0.9285807291666667 0.28424479166666666 0.1288628472222222 0.19456018518518514
0 0.9379774305555556 0.1408058449074074 0.11999421296296298 0.0986255787037037
0 0.49887876157407407 0.10792824074074073 0.18583622685185186 0.1667824074074074
0 0.4031177662037037 0.6890118634259259 0.2133246527777778 0.24629629629629624
0 0.5480685763888888 0.5761357060185186 0.1772858796296295 0.18964120370370363
0 0.9160807291666666 0.600882523148148 0.1176070601851853 0.12769097222222214
0 0.8879484953703703 0.7089265046296296 0.15057870370370363 0.16274594907407414
0 0.8557870370370371 0.8568938078703704 0.17695312499999982 0.22077546296296302
0 0.7000506365740741 0.7810546875 0.27333622685185177 0.27711226851851833
0 0.8249421296296297 0.9509403935185186 0.18718171296296293 0.09811921296296289
0 0.35575810185185186 0.9050347222222221 0.36990740740740735 0.1899305555555557
0 0.11781684027777778 0.8827112268518518 0.2294849537037037 0.21999421296296306
0 0.04742476851851851 0.8333839699074074 0.09484953703703702 0.1635416666666667
0 0.0916087962962963 0.6928313078703704 0.1832175925925926 0.2411313657407408
0 0.03175636574074074 0.589576099537037 0.06351273148148148 0.1635271990740741
0 0.0982349537037037 0.5424479166666667 0.1964699074074074 0.22228009259259252
0 0.7225477430555556 0.10159143518518518 0.25506365740740744 0.11247106481481484
0 0.3209129050925926 0.06407696759259258 0.23708043981481475 0.10361689814814815
0 0.4159360532407408 0.2528862847222222 0.13010706018518525 0.18100405092592586
0 0.5001374421296296 0.2725694444444444 0.10423900462962954 0.13274016203703698