0 0.573314525462963 0.2769892939814815 0.15646701388888884 0.14877025462962967
0 0.8866391782407408 0.5277416087962963 0.22672164351851842 0.2632089120370371
0 0.2376880787037037 0.2271050347222222 0.19981192129629627 0.1747974537037037
0 0.5213107638888889 0.12781394675925925 0.1986689814814815 0.22945601851851855
0 0.7252242476851851 0.2499493634259259 0.1366464120370372 0.12894965277777776
0 0.8877314814814814 0.21330295138888888 0.1449218750000001 0.16031539351851853
0 0.4700737847222222 0.030396412037037038 0.19014756944444444 0.04968171296296296
0 0.09241898148148149 0.17515914351851852 0.17651909722222223 0.18421585648148142
0 0.04191984953703704 0.3911603009259259 0.07521701388888889 0.20028935185185182
0 0.09772135416666666 0.3353587962962963 0.188671875 0.21368634259259256
0 0.36509693287037037 0.5892650462962963 0.15859374999999998 0.16051793981481488
0 0.26004774305555556 0.879636863425926 0.13687789351851853 0.1445746527777778
0 0.15616319444444443 0.9175130208333333 0.14699074074074076 0.1649739583333334
0 0.11644241898148147 0.8081886574074074 0.12136863425925926 0.15215567129629637
0 0.4820095486111111 0.836060474537037 0.1665509259259259 0.1703993055555555
0 0.7518012152777778 0.7258246527777779 0.23959780092592586 0.22420428240740753
0 0.9455222800925926 0.8147135416666667 0.1089554398148147 0.22832754629629637
0 0.8535517939814814 0.08098958333333334 0.1446035879629628 0.13883101851851853
0 0.8132740162037037 0.13018663194444444 0.19613715277777777 0.19036458333333334
0 0.6503472222222222 0.13851273148148147 0.20076678240740753 0.2392505787037037
0 0.6214554398148149 0.03361545138888889 0.15697337962962976 0.05114293981481481
0 0.07467447916666667 0.09776475694444445 0.11397569444444444 0.048553240740740744
0 0.02633101851851852 0.19565972222222222 0.04971064814814815 0.19210069444444444
0 0.12446469907407408 0.4929470486111111 0.13897569444444444 0.1543692129629629
0 0.05387008101851852 0.5387659143518518 0.09437210648148148 0.17518807870370368
0 0.07670717592592594 0.6962962962962963 0.0978732638888889 0.1479021990740741
0 0.20418836805555554 0.6679181134259259 0.23135127314814813 0.1947916666666667
0 0.31525607638888886 0.7837962962962963 0.2474971064814815 0.23017939814814814
0 0.5100549768518519 0.6861183449074073 0.21791087962962963 0.21021412037037024
0 0.6180772569444444 0.794140625 0.13696469907407405 0.1504340277777776
0 0.6641059027777778 0.9344147858796297 0.1581886574074074 0.13117042824074066
0 0.8043402777777777 0.9111328125 0.1893807870370372 0.12973090277777777
0 0.9748987268518519 0.42554253472222225 0.05020254629629628 0.21760706018518516
0 0.8431785300925926 0.30344328703703705 0.15290798611111112 0.17214988425925926
0 0.6656177662037037 0.3125289351851852 0.11892361111111116 0.11892361111111116
0 0.5843243634259259 0.3611183449074074 0.15442708333333321 0.14288194444444446
0 0.4814236111111111 0.33518518518518514 0.1010561342592593 0.09913194444444451
0 0.29364872685185184 0.4456597222222222 0.2577256944444445 0.26157407407407407
0 0.4598307291666667 0.5252531828703704 0.2240885416666667 0.23178530092592586
0 0.7098451967592592 0.529933449074074 0.19068287037037024 0.21762152777777777
0 0.7734230324074074 0.4059027777777777 0.28632812500000004 0.21513310185185186
0 0.30226417824074076 0.9581597222222222 0.27275752314814816 0.08368055555555554