0 0.2935474537037037 0.30755208333333334 0.26533564814814814 0.26154513888888886
0 0.30862991898148145 0.4808810763888889 0.2525318287037037 0.1792968749999999
0 0.12308304398148148 0.36312934027777777 0.24616608796296297 0.5192274305555555
0 0.8893229166666667 0.34522569444444445 0.19205729166666652 0.23259548611111114
0 0.7052228009259259 0.8790798611111111 0.30975115740740744 0.24184027777777772
0 0.27350983796296297 0.843359375 0.33984375 0.31328124999999996
0 0.10007957175925926 0.8303168402777779 0.20015914351851852 0.3393663194444443
0 0.2222222222222222 0.09583333333333333 0.23755787037037035 0.14383680555555556
0 0.8547092013888888 0.14507378472222224 0.21397569444444464 0.24479166666666669
0 0.5877821180555556 0.2798828125 0.44907407407407396 0.3749131944444444
0 0.6087962962962963 0.7152777777777778 0.255787037037037 0.21449652777777772
0 0.7788628472222222 0.6095920138888888 0.2944155092592593 0.3617187500000001
0 0.5357711226851851 0.5494574652777778 0.2701822916666665 0.2343315972222222
0 0.33416521990740744 0.13448350694444444 0.15567129629629628 0.14592013888888888
0 0.07825159143518519 0.6485026041666666 0.15650318287037038 0.20303819444444438
0 0.23614728009259256 0.6698567708333334 0.26786747685185186 0.2772135416666668
0 0.37572337962962965 0.6749131944444444 0.18684895833333326 0.19735243055555562
0 0.885814525462963 0.8357855902777778 0.17758969907407396 0.263498263888889
0 0.9029586226851851 0.5048394097222222 0.16558159722222232 0.2027343749999999
0 0.6536820023148149 0.057530381944444445 0.24341724537037024 0.09127604166666667
0 0.8379991319444444 0.042078993055555555 0.18337673611111116 0.050911458333333326
0 0.44610821759259256 0.04118923611111111 0.19372106481481488 0.06675347222222222
0 0.4716073495370371 0.9028862847222222 0.21650752314814814 0.19422743055555558