0 0.46057581018518523 0.5635199652777778 0.328052662037037 0.2758680555555555
0 0.7886284722222222 0.7077690972222221 0.2887008101851851 0.26631944444444455
0 0.9267216435185186 0.6111545138888889 0.1465567129629628 0.30798611111111107
0 0.7930772569444444 0.8888997395833333 0.4112413194444444 0.2222005208333333
0 0.5647424768518519 0.8226128472222223 0.20789930555555558 0.2432291666666666
0 0.2624782986111111 0.5322916666666667 0.26591435185185186 0.2828559027777777
0 0.11009837962962964 0.603515625 0.18648726851851852 0.296875
0 0.15285011574074073 0.15206163194444444 0.30367476851851855 0.24943576388888888
0 0.44375723379629634 0.37265625 0.30931712962962965 0.24383680555555554
0 0.6950593171296297 0.10303819444444444 0.2573061342592593 0.15572916666666667
0 0.09089265046296297 0.37452256944444445 0.16268807870370372 0.2334201388888889
0 0.4241536458333333 0.15924479166666666 0.32486979166666663 0.29522569444444446
0 0.7569444444444444 0.40509982638888886 0.3221932870370372 0.22296006944444446
0 0.2396556712962963 0.8552300347222221 0.36038773148148145 0.2895399305555557
0 0.8869357638888888 0.1242404513888889 0.14887152777777768 0.17625868055555555