0 0.1796875 0.291015625 0.26953125 0.2470703125
0 0.673828125 0.1796875 0.2421875 0.1845703125
0 0.7861328125 0.3759765625 0.1826171875 0.15234375
0 0.8701171875 0.5810546875 0.2548828125 0.2470703125
0 0.6279296875 0.5263671875 0.1904296875 0.177734375
0 0.205078125 0.8935546875 0.2197265625 0.177734375
0 0.1552734375 0.51171875 0.2099609375 0.1923828125
0 0.42578125 0.44140625 0.2578125 0.2421875
0 0.421875 0.0771484375 0.1640625 0.154296875
0 0.1064453125 0.080078125 0.20703125 0.16015625
0 0.6875 0.0615234375 0.2646484375 0.1220703125
0 0.8466796875 0.826171875 0.302734375 0.2578125
0 0.2626953125 0.126953125 0.1826171875 0.1689453125
0 0.86328125 0.19921875 0.1845703125 0.1533203125
0 0.6162109375 0.7255859375 0.2607421875 0.201171875
0 0.3193359375 0.63671875 0.2158203125 0.1787109375
0 0.3642578125 0.90234375 0.15625 0.1953125
0 0.5380859375 0.9248046875 0.1884765625 0.150390625
0 0.509765625 0.806640625 0.267578125 0.1689453125