0 0.35026765046296293 0.4048466435185185 0.32594039351851856 0.27472511574074066
0 0.22844328703703703 0.20850694444444443 0.4286747685185185 0.3860966435185185
0 0.049225983796296294 0.24662905092592594 0.08965567129629629 0.19638310185185187
0 0.12952112268518517 0.45610532407407406 0.24052372685185186 0.2872106481481481
0 0.5362485532407407 0.16728153935185183 0.29905960648148144 0.2887297453703704
0 0.7691116898148148 0.22884837962962962 0.24729456018518525 0.2525173611111111
0 0.8135561342592592 0.41280381944444444 0.30232928240740753 0.26747685185185177
0 0.4541377314814815 0.5874493634259259 0.2809027777777777 0.2681568287037037
0 0.17996961805555556 0.7768952546296296 0.24764178240740742 0.2642361111111111
0 0.6875940393518518 0.8664424189814814 0.22931134259259256 0.2378038194444443
0 0.8747757523148147 0.8668113425925925 0.1884114583333334 0.23927951388888902
0 0.9512586805555556 0.6789496527777777 0.09748263888888875 0.18640046296296298
0 0.8815502025462962 0.5631076388888889 0.23689959490740753 0.218851273148148
0 0.3710792824074074 0.7453269675925926 0.23120659722222214 0.23596643518518512
0 0.6497902199074074 0.5775969328703704 0.2720052083333333 0.296875
0 0.859302662037037 0.11428674768518518 0.15219907407407396 0.1357494212962963
0 0.5974681712962963 0.35808015046296293 0.19029224537037037 0.17115162037037046
0 0.48030237268518516 0.3189670138888889 0.1650173611111112 0.17355324074074074
0 0.07523871527777777 0.5981409143518519 0.11980613425925926 0.1611255787037038
0 0.5497178819444444 0.8192780671296296 0.1650752314814814 0.17550636574074074
0 0.29027777777777775 0.9678602430555556 0.25604745370370363 0.06427951388888875
0 0.1411747685185185 0.9433738425925926 0.09722222222222221 0.11325231481481479
0 0.5409939236111111 0.9672309027777778 0.20774016203703716 0.06553819444444442
0 0.8155454282407407 0.9618344907407408 0.19986979166666674 0.07633101851851842
0 0.9544270833333333 0.962037037037037 0.09114583333333348 0.06163194444444442
0 0.948951099537037 0.8671368634259259 0.10209780092592591 0.2162760416666667