0 0.728515625 0.21875 0.1875 0.212890625
0 0.6826171875 0.4833984375 0.2646484375 0.1875
0 0.91015625 0.38671875 0.16015625 0.2470703125
0 0.431640625 0.75 0.177734375 0.1748046875
0 0.2734375 0.5 0.162109375 0.1796875
0 0.91015625 0.0576171875 0.1748046875 0.115234375
0 0.9287109375 0.2041015625 0.1376953125 0.1728515625
0 0.25390625 0.13671875 0.1328125 0.1123046875
0 0.2578125 0.2822265625 0.1552734375 0.1748046875
0 0.7099609375 0.7041015625 0.125 0.142578125
0 0.2646484375 0.91796875 0.1650390625 0.16015625
0 0.4462890625 0.3740234375 0.185546875 0.169921875
0 0.408203125 0.171875 0.169921875 0.1904296875
0 0.0966796875 0.365234375 0.1787109375 0.181640625
0 0.087890625 0.1923828125 0.10546875 0.1748046875
0 0.0791015625 0.04296875 0.158203125 0.0859375
0 0.5361328125 0.0791015625 0.1591796875 0.1572265625
0 0.5390625 0.6689453125 0.17578125 0.2138671875
0 0.4169921875 0.5361328125 0.1484375 0.1630859375
0 0.052734375 0.5048828125 0.10546875 0.109375
0 0.0654296875 0.61328125 0.130859375 0.1376953125
0 0.07421875 0.76171875 0.1484375 0.1943359375
0 0.2373046875 0.7099609375 0.2333984375 0.2353515625
0 0.08203125 0.9072265625 0.1630859375 0.169921875
0 0.5498046875 0.9111328125 0.337890625 0.177734375
0 0.7880859375 0.90625 0.1982421875 0.1875
0 0.8798828125 0.869140625 0.107421875 0.1435546875
0 0.8681640625 0.7275390625 0.2041015625 0.2060546875
0 0.947265625 0.6376953125 0.10546875 0.146484375
0 0.8603515625 0.5751953125 0.1708984375 0.19140625
0 0.3212890625 0.041015625 0.2412109375 0.08203125
0 0.71484375 0.0537109375 0.2197265625 0.107421875
0 0.59375 0.2421875 0.103515625 0.16015625
0 0.5087890625 0.2490234375 0.083984375 0.1181640625