0 0.8309895833333334 0.7311414930555555 0.24105902777777777 0.21989293981481484
0 0.2849392361111111 0.41398292824074073 0.3305121527777778 0.29280960648148147
0 0.7447916666666667 0.34454571759259256 0.20724826388888884 0.19156539351851853
0 0.4993923611111111 0.17408130787037035 0.2417534722222222 0.25114293981481484
0 0.5225260416666666 0.8040870949074075 0.2464843750000001 0.20053530092592586
0 0.10284288194444445 0.6291883680555556 0.2056857638888889 0.2583767361111111
0 0.14038628472222223 0.17018229166666668 0.28077256944444445 0.29739583333333336
0 0.530078125 0.6841145833333333 0.11940104166666665 0.10308159722222232
0 0.9191623263888888 0.32528211805555557 0.12599826388888902 0.13645833333333335
0 0.0189453125 0.6159577546296297 0.037890625 0.2475405092592593
0 0.4775824652777778 0.4959129050925926 0.14140624999999996 0.12715567129629635
0 0.17000868055555557 0.8366391782407407 0.23546006944444442 0.2314380787037038
0 0.84375 0.9013888888888889 0.2777777777777777 0.1972222222222222
0 0.38352864583333335 0.6387297453703704 0.24279513888888893 0.21018518518518503
0 0.5936631944444445 0.9340784143518519 0.24348958333333326 0.1318431712962962
0 0.0830078125 0.9674334490740741 0.12452256944444445 0.06513310185185173
0 0.9250868055555556 0.5423972800925926 0.1318576388888888 0.22446469907407418
0 0.5520616319444445 0.44241898148148145 0.20490451388888875 0.17392939814814812
0 0.5803168402777777 0.05041956018518519 0.3393663194444445 0.07641782407407408
0 0.7881510416666666 0.5041377314814814 0.2157552083333334 0.2230468750000001
0 0.7000651041666667 0.15852864583333331 0.17161458333333335 0.16903935185185182
0 0.08958333333333333 0.36700665509259256 0.17916666666666667 0.15979456018518512
0 0.04045138888888889 0.8621166087962964 0.07278645833333335 0.2012442129629628
0 0.3115017361111111 0.9275028935185186 0.1713541666666667 0.1449942129629629
0 0.8715060763888889 0.13917824074074076 0.19839409722222223 0.23229166666666667
0 0.6105685763888888 0.5799840856481482 0.20125868055555562 0.1855324074074074