0 0.13782552083333333 0.32421875 0.25221354166666665 0.296875
0 0.4884114583333333 0.1044921875 0.15442708333333344 0.1484375
0 0.20670572916666666 0.947265625 0.137890625 0.10546875
0 0.2843098958333333 0.705078125 0.19010416666666674 0.185546875
0 0.3712890625 0.4423828125 0.17018229166666665 0.1796875
0 0.5579427083333333 0.3125 0.1761718750000001 0.15234375
0 0.09583333333333334 0.5439453125 0.13333333333333333 0.212890625
0 0.2826822916666667 0.2998046875 0.1958333333333333 0.18359375
0 0.9194010416666667 0.2412109375 0.14127604166666652 0.15625
0 0.9597005208333333 0.416015625 0.0805989583333333 0.14453125
0 0.9513671875 0.853515625 0.09726562499999991 0.11328125
0 0.6138020833333333 0.154296875 0.19661458333333348 0.1953125
0 0.6653645833333333 0.7080078125 0.18632812500000018 0.1875
0 0.8228515625 0.052734375 0.19257812500000004 0.10546875
0 0.4451822916666667 0.6865234375 0.21458333333333335 0.23046875
0 0.7975911458333333 0.8603515625 0.2377604166666667 0.2265625
0 0.17923177083333333 0.8134765625 0.19088541666666664 0.2265625
0 0.3326171875 0.0966796875 0.22447916666666667 0.173828125
0 0.4826171875 0.984375 0.21888020833333333 0.03125
0 0.8866536458333334 0.9365234375 0.16914062499999982 0.046875
0 0.9869791666666667 0.8798828125 0.02604166666666652 0.080078125
0 0.4918619791666667 0.8740234375 0.23007812500000002 0.19921875
0 0.6231770833333333 0.9248046875 0.17994791666666665 0.150390625
0 0.7856770833333333 0.30078125 0.255859375 0.234375
0 0.09765625 0.1318359375 0.18723958333333335 0.142578125
0 0.2818359375 0.5068359375 0.11067708333333326 0.107421875
0 0.584765625 0.6123046875 0.2015625000000001 0.2109375
0 0.6859375 0.0498046875 0.14140624999999996 0.099609375
0 0.8634765625 0.6767578125 0.212890625 0.205078125
0 0.9236979166666667 0.568359375 0.15260416666666665 0.20703125
0 0.3393229166666667 0.9150390625 0.2001302083333334 0.16015625
0 0.34348958333333335 0.58203125 0.12317708333333333 0.119140625
0 0.1787109375 0.64453125 0.16171875000000002 0.140625
0 0.39166666666666666 0.337890625 0.1177083333333333 0.125
0 0.5435546875 0.462890625 0.1938802083333333 0.154296875
0 0.8805338541666667 0.4345703125 0.1449218750000001 0.123046875
0 0.7752604166666667 0.1298828125 0.2171875000000001 0.181640625
0 0.44557291666666665 0.267578125 0.21171874999999996 0.24609375
0 0.32734375000000004 0.1787109375 0.1493489583333334 0.130859375
0 0.2251302083333333 0.2275390625 0.13046875000000002 0.140625