0 0.5283203125 0.2587890625 0.3173828125 0.2529296875
0 0.88671875 0.2275390625 0.22265625 0.2998046875
0 0.86328125 0.69921875 0.267578125 0.2470703125
0 0.3037109375 0.3662109375 0.2822265625 0.2529296875
0 0.2509765625 0.892578125 0.27734375 0.2099609375
0 0.0751953125 0.853515625 0.150390625 0.2373046875
0 0.634765625 0.08984375 0.25 0.1796875
0 0.052734375 0.43359375 0.10546875 0.177734375
0 0.8974609375 0.93359375 0.205078125 0.1328125
0 0.2041015625 0.6689453125 0.333984375 0.2236328125
0 0.4443359375 0.46875 0.166015625 0.1279296875
0 0.802734375 0.466796875 0.2626953125 0.1982421875
0 0.66015625 0.6318359375 0.189453125 0.1982421875
0 0.35546875 0.13671875 0.150390625 0.1845703125
0 0.0859375 0.279296875 0.1708984375 0.1591796875
0 0.462890625 0.650390625 0.234375 0.2265625
0 0.142578125 0.1083984375 0.28515625 0.205078125
0 0.4638671875 0.8837890625 0.18359375 0.232421875
0 0.6669921875 0.8349609375 0.2529296875 0.19140625
0 0.6796875 0.953125 0.2177734375 0.0927734375