0 0.6533203125 0.30234375 0.236328125 0.2598958333333333
0 0.89453125 0.39557291666666666 0.2109375 0.24453124999999998
0 0.673828125 0.12890625 0.1953125 0.16145833333333331
0 0.2001953125 0.034830729166666664 0.228515625 0.05820312500000001
0 0.1298828125 0.22350260416666667 0.20703125 0.2813802083333333
0 0.0537109375 0.4156901041666667 0.107421875 0.19856770833333337
0 0.0908203125 0.606640625 0.181640625 0.2406250000000001
0 0.904296875 0.6764973958333333 0.19140625 0.2764322916666666
0 0.7421875 0.6276041666666667 0.26171875 0.24791666666666679
0 0.330078125 0.3520833333333333 0.337890625 0.3272135416666666
0 0.904296875 0.8979166666666667 0.111328125 0.2041666666666666
0 0.6416015625 0.9337890625 0.158203125 0.1324218749999999
0 0.251953125 0.6505859375 0.154296875 0.1528645833333333
0 0.328125 0.11171874999999999 0.2265625 0.19479166666666667
0 0.513671875 0.12311197916666666 0.20703125 0.19153645833333333
0 0.49609375 0.2889322916666667 0.17578125 0.1875
0 0.9033203125 0.22623697916666666 0.193359375 0.231640625
0 0.9638671875 0.45488281249999996 0.072265625 0.2743489583333334
0 0.4677734375 0.5389973958333333 0.22265625 0.20234375000000004
0 0.3603515625 0.7251953124999999 0.20703125 0.23841145833333321
0 0.0537109375 0.8277994791666667 0.107421875 0.21028645833333348
0 0.369140625 0.9043619791666666 0.265625 0.19127604166666679
0 0.8486328125 0.995703125 0.138671875 0.008593749999999956
0 0.8056640625 0.89140625 0.216796875 0.2171875000000001
0 0.5703125 0.945703125 0.23828125 0.10859375000000004
0 0.1748046875 0.8700520833333334 0.23046875 0.22239583333333313