0 0.4631148726851852 0.559837962962963 0.3101417824074074 0.2544849537037037
0 0.7207682291666666 0.766869212962963 0.27280092592592586 0.2461226851851852
0 0.8932002314814815 0.7176432291666667 0.16659432870370372 0.2855468750000001
0 0.6585503472222223 0.914793113425926 0.3880787037037037 0.1704137731481481
0 0.4759837962962963 0.8179542824074074 0.19806134259259256 0.22744502314814818
0 0.2914568865740741 0.48402054398148153 0.2518373842592593 0.26338252314814814
0 0.10695167824074074 0.5055700231481481 0.21390335648148148 0.2884837962962963
0 0.11053240740740741 0.09445167824074074 0.15002893518518517 0.1876880787037037
0 0.3111834490740741 0.11501012731481482 0.29560185185185184 0.2249855324074074
0 0.5103443287037037 0.3837022569444445 0.29163773148148153 0.22297453703703707
0 0.8373408564814815 0.1628616898148148 0.2503906250000001 0.21455439814814814
0 0.009085648148148148 0.8206018518518519 0.018171296296296297 0.23104745370370372
0 0.13105468750000002 0.2921079282407407 0.2605613425925926 0.22837094907407407
0 0.5665436921296296 0.16861979166666666 0.3138888888888889 0.3150607638888889
0 0.7887008101851851 0.48552517361111114 0.3066840277777776 0.2036747685185185
0 0.16343315972222222 0.8053819444444444 0.32686631944444444 0.3389322916666666
0 0.9678747106481481 0.20876012731481483 0.060546875 0.264453125