0 0.3984375 0.3427734375 0.2626953125 0.1904296875
0 0.3271484375 0.1435546875 0.33984375 0.287109375
0 0.08984375 0.15625 0.1796875 0.1572265625
0 0.1708984375 0.3583984375 0.20703125 0.2177734375
0 0.619140625 0.146484375 0.232421875 0.2177734375
0 0.8203125 0.2333984375 0.1904296875 0.1875
0 0.82421875 0.40625 0.2421875 0.1875
0 0.45703125 0.51953125 0.2197265625 0.1953125
0 0.166015625 0.6572265625 0.1875 0.2001953125
0 0.615234375 0.80078125 0.1748046875 0.177734375
0 0.787109375 0.8251953125 0.134765625 0.1904296875
0 0.9326171875 0.669921875 0.1298828125 0.14453125
0 0.8564453125 0.55078125 0.1875 0.1572265625
0 0.3486328125 0.65234375 0.177734375 0.1748046875
0 0.6396484375 0.53515625 0.205078125 0.224609375
0 0.9375 0.1259765625 0.1240234375 0.13671875
0 0.63671875 0.330078125 0.1513671875 0.12109375
0 0.5361328125 0.2802734375 0.125 0.130859375
0 0.08984375 0.4853515625 0.1220703125 0.126953125
0 0.498046875 0.7412109375 0.125 0.1328125
0 0.2216796875 0.9208984375 0.21875 0.158203125
0 0.0595703125 0.849609375 0.1181640625 0.1796875
0 0.4560546875 0.93359375 0.181640625 0.1328125
0 0.7119140625 0.9462890625 0.1767578125 0.107421875
0 0.873046875 0.9580078125 0.140625 0.083984375
0 0.9130859375 0.8447265625 0.173828125 0.1650390625