0 0.8188874421296296 0.24345341435185186 0.20086805555555554 0.19473379629629628
0 0.5420355902777778 0.2165798611111111 0.36793981481481475 0.30237268518518523
0 0.8681640625 0.8240379050925926 0.16824363425925926 0.21303530092592604
0 0.6968677662037037 0.7981409143518519 0.20931712962962967 0.21650752314814814
0 0.8274667245370371 0.41583478009259256 0.2099537037037038 0.23799189814814814
0 0.4345124421296296 0.6779513888888888 0.3549045138888889 0.32335069444444464
0 0.183912037037037 0.919921875 0.19895833333333335 0.13028067129629628
0 0.13169126157407407 0.4057074652777778 0.2064959490740741 0.18713831018518512
0 0.4648654513888889 0.4454210069444444 0.2475694444444445 0.19061053240740744
0 0.8182653356481482 0.9731626157407407 0.1645399305555557 0.0536747685185186
0 0.1706669560185185 0.8060257523148149 0.2011574074074074 0.20449942129629628
0 0.1599609375 0.1115089699074074 0.24257812499999998 0.21969039351851852
0 0.670189525462963 0.6426866319444444 0.17151331018518512 0.19169560185185186
0 0.012109375 0.4567057291666667 0.02421875 0.17513020833333337
0 0.8425202546296295 0.6666666666666667 0.13072916666666679 0.19798900462962976
0 0.05772569444444445 0.9010416666666667 0.1154513888888889 0.10286458333333348
0 0.44720052083333334 0.0517578125 0.2657552083333333 0.080078125
0 0.05672019675925926 0.6821108217592593 0.11344039351851852 0.1884403935185186
0 0.03517795138888889 0.30139612268518523 0.07035590277777778 0.2094907407407407
0 0.9207826967592592 0.16999421296296297 0.1553096064814814 0.17158564814814814
0 0.12296006944444444 0.27144820601851855 0.1964409722222222 0.17701099537037035
0 0.6473090277777778 0.9712456597222222 0.24059606481481488 0.05750868055555558
0 0.17130353009259258 0.9165219907407407 0.17350983796296293 0.12738715277777768
0 0.24529803240740738 0.49790219907407407 0.19908854166666667 0.20052083333333326
0 0.9258246527777778 0.49475549768518523 0.12763310185185173 0.22518807870370372
0 0.4009259259259259 0.9771412037037037 0.16579861111111116 0.04571759259259256
0 0.9242693865740741 0.6462311921296295 0.11336805555555562 0.13881655092592604
0 0.6665075231481481 0.40400752314814814 0.1626012731481481 0.154296875
0 0.33797019675925927 0.1748046875 0.14175347222222223 0.17498553240740744
0 0.26163194444444443 0.2765842013888889 0.14473379629629635 0.14388020833333337
0 0.7734447337962963 0.1273871527777778 0.16438078703703707 0.14850983796296297
0 0.9511646412037037 0.3324291087962963 0.08574942129629637 0.1943721064814815
0 0.266478587962963 0.04701967592592593 0.16626157407407405 0.0802951388888889
0 0.7320601851851852 0.5012659143518519 0.15846354166666665 0.14633969907407396
0 0.7111762152777779 0.9091435185185186 0.16869212962962976 0.16232638888888884
0 0.5374927662037037 0.8876591435185186 0.18870081018518525 0.2246817129629628
0 0.4023003472222222 0.8742404513888888 0.1298032407407408 0.16673900462962976
0 0.28642939814814816 0.8914568865740741 0.16588541666666667 0.19929108796296302
0 0.0902271412037037 0.5436197916666667 0.1804542824074074 0.21614583333333348