0 0.4873046875 0.3798828125 0.2001953125 0.2197265625
0 0.3837890625 0.7470703125 0.16796875 0.16015625
0 0.3935546875 0.865234375 0.142578125 0.08984375
0 0.40234375 0.9501953125 0.150390625 0.0947265625
0 0.5849609375 0.9521484375 0.134765625 0.08984375
0 0.8876953125 0.3037109375 0.2099609375 0.2373046875
0 0.7451171875 0.7548828125 0.1201171875 0.1103515625
0 0.5498046875 0.63671875 0.10546875 0.1220703125
0 0.05078125 0.4267578125 0.1015625 0.185546875
0 0.05859375 0.208984375 0.1171875 0.1279296875
0 0.2060546875 0.15234375 0.1025390625 0.1201171875
0 0.642578125 0.1953125 0.1748046875 0.1904296875
0 0.9208984375 0.1240234375 0.15234375 0.1728515625
0 0.3759765625 0.1240234375 0.1728515625 0.1376953125
0 0.4072265625 0.5908203125 0.16015625 0.1728515625
0 0.955078125 0.9013671875 0.0751953125 0.1025390625
0 0.9013671875 0.4501953125 0.1171875 0.099609375
0 0.1591796875 0.6533203125 0.2529296875 0.1728515625
0 0.69140625 0.048828125 0.33203125 0.09765625
0 0.314453125 0.0478515625 0.2919921875 0.095703125
0 0.0654296875 0.0576171875 0.130859375 0.115234375
0 0.123046875 0.1123046875 0.12890625 0.166015625
0 0.193359375 0.3056640625 0.23046875 0.197265625
0 0.326171875 0.388671875 0.1416015625 0.1435546875
0 0.2333984375 0.4921875 0.2646484375 0.1845703125
0 0.685546875 0.3759765625 0.1435546875 0.15234375
0 0.7373046875 0.5498046875 0.1328125 0.1298828125
0 0.59765625 0.7763671875 0.1171875 0.11328125
0 0.67578125 0.8798828125 0.1494140625 0.119140625
0 0.82421875 0.92578125 0.2158203125 0.1474609375
0 0.9248046875 0.7626953125 0.150390625 0.236328125
0 0.15234375 0.8359375 0.27734375 0.1767578125
0 0.259765625 0.9150390625 0.158203125 0.125