0 0.361328125 0.396484375 0.302734375 0.3623046875
0 0.6640625 0.0703125 0.29296875 0.1396484375
0 0.09375 0.2109375 0.1875 0.2373046875
0 0.9052734375 0.287109375 0.1845703125 0.21484375
0 0.892578125 0.7197265625 0.2099609375 0.28515625
0 0.8525390625 0.9248046875 0.2802734375 0.14453125
0 0.7041015625 0.6845703125 0.177734375 0.1845703125
0 0.0947265625 0.7626953125 0.189453125 0.216796875
0 0.1083984375 0.4462890625 0.216796875 0.224609375
0 0.4091796875 0.0771484375 0.185546875 0.154296875
0 0.6552734375 0.2841796875 0.2451171875 0.232421875
0 0.5986328125 0.44140625 0.1865234375 0.158203125
0 0.8232421875 0.4462890625 0.1943359375 0.232421875
0 0.0703125 0.912109375 0.140625 0.169921875
0 0.40625 0.9208984375 0.181640625 0.158203125
0 0.3935546875 0.7236328125 0.2060546875 0.15234375
0 0.5234375 0.6982421875 0.2001953125 0.2578125
0 0.263671875 0.6328125 0.1494140625 0.2099609375
0 0.2353515625 0.85546875 0.171875 0.1611328125
0 0.634765625 0.89453125 0.267578125 0.205078125
0 0.9423828125 0.4755859375 0.115234375 0.162109375
0 0.2109375 0.109375 0.1494140625 0.1435546875
0 0.2451171875 0.05078125 0.208984375 0.1015625
0 0.9130859375 0.0458984375 0.173828125 0.091796875
0 0.966796875 0.1064453125 0.06640625 0.154296875