0 0.6360677083333333 0.5189091435185185 0.2584635416666665 0.23221932870370376
0 0.5425708912037037 0.7878833912037038 0.20478877314814814 0.2060474537037038
0 0.9001736111111112 0.2183015046296296 0.18728298611111116 0.20774016203703705
0 0.6120515046296297 0.8982277199074074 0.15632233796296302 0.16238425925925926
0 0.37192563657407407 0.18607494212962963 0.21267361111111116 0.20811631944444448
0 0.7056929976851851 0.7385706018518519 0.22873263888888884 0.22006655092592586
0 0.17748119212962962 0.10120804398148148 0.23386863425925924 0.2006221064814815
0 0.29962384259259256 0.579318576388889 0.17390046296296302 0.1626446759259259
0 0.22627314814814814 0.25907118055555556 0.24298321759259256 0.2358940972222222
0 0.29557291666666663 0.021947337962962964 0.19661458333333326 0.03804976851851852
0 0.7993344907407407 0.07821180555555556 0.19589120370370372 0.07122395833333334
0 0.9027054398148149 0.6245659722222222 0.19458912037037024 0.23752893518518525
0 0.9049479166666666 0.8215567129629631 0.18612557870370372 0.22919560185185173
0 0.49186197916666663 0.28838252314814816 0.20515046296296302 0.2158130787037037
0 0.062210648148148154 0.8627531828703704 0.0642361111111111 0.10050636574074079
0 0.4121455439814815 0.4287254050925926 0.24233217592592582 0.2183159722222221
0 0.19017650462962962 0.8919777199074075 0.3005642361111111 0.1567129629629629
0 0.5106698495370371 0.9238064236111111 0.173828125 0.1523871527777778
0 0.740306712962963 0.7771484375 0.24450231481481488 0.22420428240740753
0 0.12764033564814817 0.5474898726851851 0.22417534722222227 0.25513599537037024
0 0.7251519097222222 0.91806640625 0.17614293981481488 0.16386718749999996
0 0.7039930555555556 0.9767071759259259 0.24421296296296302 0.04658564814814814
0 0.5864438657407407 0.07505787037037036 0.2002314814814814 0.13570601851851852
0 0.12764033564814814 0.7583116319444445 0.2072482638888889 0.21974826388888902
0 0.7308304398148149 0.31046730324074073 0.33123553240740744 0.35237268518518516
0 0.8898292824074074 0.46605902777777775 0.14178240740740744 0.13874421296296302
0 0.40010127314814814 0.7359953703703703 0.20486111111111116 0.2607060185185186
0 0.26884403935185186 0.6969618055555555 0.1499565972222222 0.14862557870370363
0 0.11071325231481481 0.3803385416666667 0.19639756944444445 0.19030671296296298
0 0.9744285300925926 0.16773003472222223 0.05114293981481488 0.11604456018518516
0 0.9411530671296297 0.3410373263888889 0.1176938657407407 0.2616174768518519