0 0.5498119212962963 0.04756221064814815 0.1386574074074074 0.0951244212962963
0 0.3899956597222222 0.21108217592592593 0.10312500000000002 0.11299189814814814
0 0.3797743055555556 0.30841290509259256 0.10122974537037033 0.11675347222222232
0 0.16179108796296296 0.40455005787037035 0.1171730324074074 0.13939525462962954
0 0.3954354745370371 0.5023509837962963 0.13078703703703698 0.13650173611111116
0 0.22662760416666666 0.703125 0.21741898148148153 0.18974247685185186
0 0.03349247685185185 0.8086299189814814 0.0669849537037037 0.1249276620370372
0 0.04932002314814815 0.5703125 0.0986400462962963 0.234375
0 0.5360677083333333 0.2939091435185185 0.20179398148148153 0.18858506944444442
0 0.8569589120370371 0.3628110532407407 0.15270543981481488 0.16739004629629628
0 0.7380714699074074 0.42039207175925924 0.1543692129629628 0.1480034722222222
0 0.7294777199074074 0.605396412037037 0.20085358796296293 0.2567997685185186
0 0.8833043981481481 0.6915509259259259 0.12291666666666679 0.13201678240740744
0 0.1597873263888889 0.21057581018518517 0.1111111111111111 0.12528935185185186
0 0.21410590277777777 0.044741030092592594 0.15772569444444445 0.08948206018518519
0 0.04301938657407407 0.059244791666666664 0.050361689814814814 0.10713252314814815
0 0.6512586805555556 0.03748914930555555 0.08732638888888888 0.0749782986111111
0 0.9344907407407408 0.029260706018518517 0.1304398148148147 0.058521412037037035
0 0.17220775462962962 0.886646412037037 0.10292245370370368 0.09932002314814836
0 0.2808883101851852 0.530345775462963 0.11702835648148147 0.12962962962962976
0 0.07492042824074074 0.40805844907407407 0.10324074074074074 0.12080439814814814
0 0.0808738425925926 0.7305049189814814 0.09741030092592592 0.12232349537037024
0 0.10234375 0.8615813078703703 0.09149305555555556 0.11798321759259256
0 0.05896267361111111 0.9219111689814814 0.11792534722222223 0.1171151620370372
0 0.26091579861111114 0.8908058449074074 0.10195312499999998 0.16558159722222232
0 0.3402054398148148 0.8722511574074074 0.11323784722222219 0.13715277777777768
0 0.5718532986111111 0.8414351851851851 0.11510416666666679 0.13143807870370372
0 0.769777199074074 0.8482349537037037 0.28793402777777777 0.20862268518518512
0 0.9341507523148148 0.880931712962963 0.0619936342592593 0.10214120370370372
0 0.9516782407407407 0.6855107060185186 0.05653935185185199 0.12905092592592604
0 0.9459635416666667 0.28110532407407407 0.10089699074074066 0.22598379629629628
0 0.7559389467592592 0.26786747685185186 0.21799768518518503 0.22880497685185186
0 0.5148871527777777 0.4066840277777778 0.16390335648148158 0.13310185185185186
0 0.29801070601851853 0.23057725694444445 0.14673032407407405 0.15914351851851855
0 0.2757523148148148 0.35026041666666663 0.12466724537037033 0.11848958333333326
0 0.26434461805555554 0.1325954861111111 0.1250144675925926 0.14192708333333337
0 0.10715422453703703 0.08203125 0.11381655092592594 0.1640625
0 0.41132089120370374 0.08942780671296297 0.1997251157407407 0.17885561342592593
0 0.3999565972222222 0.017361111111111112 0.15711805555555558 0.034722222222222224
0 0.7911964699074074 0.021864149305555552 0.15557002314814827 0.043728298611111105
0 0.620970775462963 0.15983072916666666 0.18226273148148153 0.18713831018518517
0 0.7356770833333333 0.12109374999999999 0.1449797453703705 0.1726707175925926
0 0.8990017361111111 0.1587456597222222 0.15054976851851842 0.15357349537037035
0 0.4825303819444444 0.5495515046296297 0.16468460648148153 0.18583622685185186
0 0.3684968171296296 0.6087239583333333 0.09155092592592595 0.12188946759259256
0 0.40363859953703707 0.7387876157407407 0.20782696759259256 0.20073784722222232
0 0.5434461805555555 0.717701099537037 0.11341145833333321 0.14887152777777768
0 0.8521918402777777 0.48705150462962965 0.13259548611111116 0.12688078703703698
0 0.1892361111111111 0.5273799189814814 0.10516493055555554 0.11899594907407396
0 0.1445384837962963 0.3180338541666667 0.11070601851851852 0.09794560185185186
0 0.0470703125 0.31257233796296297 0.09347511574074074 0.12008101851851849
0 0.06217447916666667 0.2148799189814815 0.10542534722222222 0.13657407407407407
0 0.11546585648148149 0.5026041666666667 0.08333333333333334 0.09396701388888884
0 0.12013888888888889 0.5822482638888888 0.05794270833333334 0.09208622685185186
0 0.02726417824074074 0.7241753472222222 0.05452835648148148 0.11805555555555558
0 0.5862919560185185 0.5252821180555556 0.09761284722222241 0.13599537037037024