0 0.3662109375 0.2861328125 0.212890625 0.212890625
0 0.3603515625 0.451171875 0.21484375 0.1328125
0 0.13671875 0.3115234375 0.2724609375 0.45703125
0 0.923828125 0.3984375 0.1474609375 0.197265625
0 0.6875 0.8916015625 0.259765625 0.212890625
0 0.2822265625 0.830078125 0.2646484375 0.3349609375
0 0.08984375 0.7998046875 0.1796875 0.39453125
0 0.32421875 0.0634765625 0.20703125 0.126953125
0 0.9140625 0.205078125 0.16796875 0.205078125
0 0.646484375 0.298828125 0.3720703125 0.29296875
0 0.6162109375 0.7109375 0.212890625 0.16796875
0 0.7890625 0.6337890625 0.22265625 0.3076171875
0 0.56640625 0.544921875 0.22265625 0.1845703125
0 0.423828125 0.12890625 0.1259765625 0.1181640625
0 0.1064453125 0.5810546875 0.1611328125 0.1689453125
0 0.271484375 0.62109375 0.2109375 0.228515625
0 0.40234375 0.6435546875 0.1474609375 0.162109375
0 0.900390625 0.8798828125 0.19921875 0.240234375
0 0.927734375 0.5546875 0.14453125 0.169921875
0 0.7373046875 0.0615234375 0.21484375 0.1220703125
0 0.9169921875 0.05859375 0.166015625 0.1171875
0 0.5439453125 0.0361328125 0.17578125 0.072265625
0 0.4677734375 0.8984375 0.1728515625 0.203125