0 0.201171875 0.21875 0.2529296875 0.2421875
0 0.4189453125 0.3349609375 0.1025390625 0.115234375
0 0.521484375 0.369140625 0.0927734375 0.1123046875
0 0.4404296875 0.5625 0.1552734375 0.1796875
0 0.1904296875 0.490234375 0.259765625 0.2353515625
0 0.3310546875 0.7666015625 0.2177734375 0.197265625
0 0.138671875 0.7236328125 0.2177734375 0.197265625
0 0.1201171875 0.87109375 0.1953125 0.15234375
0 0.662109375 0.931640625 0.2001953125 0.1328125
0 0.5966796875 0.50390625 0.162109375 0.1728515625
0 0.9052734375 0.0908203125 0.134765625 0.1376953125
0 0.9208984375 0.232421875 0.1376953125 0.1298828125
0 0.79296875 0.3603515625 0.1396484375 0.1298828125
0 0.7412109375 0.712890625 0.0625 0.0751953125
0 0.650390625 0.0947265625 0.14453125 0.169921875
0 0.923828125 0.6640625 0.1474609375 0.15234375
0 0.8583984375 0.8515625 0.20703125 0.15234375
0 0.0654296875 0.2900390625 0.1298828125 0.1357421875
0 0.0400390625 0.4609375 0.080078125 0.203125
0 0.17578125 0.060546875 0.259765625 0.12109375
0 0.365234375 0.068359375 0.1337890625 0.1181640625
0 0.515625 0.1513671875 0.2236328125 0.23828125
0 0.662109375 0.24609375 0.107421875 0.15234375
0 0.798828125 0.220703125 0.1357421875 0.13671875
0 0.7939453125 0.095703125 0.150390625 0.12109375
0 0.6962890625 0.603515625 0.1748046875 0.15234375
0 0.75390625 0.4765625 0.1357421875 0.14453125
0 0.9130859375 0.501953125 0.173828125 0.1943359375
0 0.58984375 0.787109375 0.2783203125 0.244140625
0 0.3056640625 0.9296875 0.1357421875 0.140625
0 0.46875 0.9306640625 0.166015625 0.1376953125