0 0.4544921875 0.7064236111111111 0.14782986111111107 0.15486111111111112
0 0.6183159722222222 0.7244574652777778 0.1636718749999999 0.16532118055555545
0 0.3765625 0.7821397569444444 0.1455729166666666 0.1411024305555557
0 0.20546875 0.7833333333333333 0.15381944444444445 0.16098090277777777
0 0.605295138888889 0.9447048611111111 0.16697048611111098 0.11059027777777786
0 0.9075086805555556 0.3795355902777778 0.1562934027777778 0.18450520833333328
0 0.36399739583333335 0.94521484375 0.12174479166666674 0.10957031250000004
0 0.2609375 0.17875434027777776 0.1996961805555556 0.20594618055555558
0 0.7734809027777778 0.07641059027777777 0.12100694444444438 0.08927951388888888
0 0.6763237847222222 0.09359809027777778 0.13563368055555558 0.13285590277777778
0 0.5141493055555555 0.08932291666666667 0.15138888888888902 0.1394097222222222
0 0.014930555555555556 0.13838975694444444 0.029861111111111113 0.15177951388888888
0 0.8680338541666667 0.7922526041666667 0.23546006944444442 0.2348524305555555
0 0.56015625 0.35041232638888886 0.29236111111111107 0.2490885416666666
0 0.8678819444444444 0.1392578125 0.18181423611111103 0.19149305555555557
0 0.76015625 0.45607638888888885 0.20785590277777777 0.22191840277777775
0 0.6398871527777777 0.5015625 0.1758246527777778 0.27317708333333335
0 0.5345269097222222 0.5799696180555556 0.17022569444444446 0.19683159722222232
0 0.38897569444444446 0.6194444444444445 0.1894097222222222 0.18207465277777768
0 0.2082248263888889 0.5713324652777778 0.17452256944444444 0.21458333333333335
0 0.11056857638888888 0.6549696180555555 0.14127604166666666 0.21115451388888884
0 0.044108072916666664 0.7253038194444444 0.08821614583333333 0.16006944444444438
0 0.07775607638888889 0.8558593750000001 0.12647569444444443 0.1597656249999999
0 0.25766059027777777 0.8980685763888889 0.13949652777777777 0.13107638888888884
0 0.1516059027777778 0.9573567708333333 0.23046875 0.08528645833333348
0 0.43478732638888895 0.965234375 0.1757378472222222 0.06953125000000004
0 0.7530598958333334 0.9073784722222222 0.22586805555555545 0.15442708333333321
0 0.9532986111111111 0.9143229166666667 0.05772569444444442 0.1391493055555555
0 0.9467447916666667 0.7253689236111112 0.08098958333333339 0.2201822916666667
0 0.9041666666666667 0.6179036458333333 0.1699652777777778 0.18511284722222232
0 0.9325954861111112 0.5263020833333333 0.11649305555555545 0.14956597222222223
0 0.7480902777777778 0.25123697916666665 0.20828993055555545 0.24144965277777786
0 0.6322916666666667 0.0515625 0.3096354166666666 0.060590277777777785
0 0.2527994791666667 0.061089409722222224 0.43971354166666665 0.11905381944444446
0 0.24203559027777777 0.3695095486111111 0.22981770833333337 0.24435763888888884
0 0.0818142361111111 0.32306857638888886 0.1636284722222222 0.2555121527777777
0 0.04223090277777778 0.4786458333333333 0.08446180555555556 0.12135416666666665
0 0.42775607638888885 0.19398871527777778 0.20629340277777775 0.23940972222222223
0 0.7474392361111111 0.6324435763888889 0.20182291666666652 0.21384548611111098
0 0.5284505208333333 0.8534071180555556 0.20238715277777786 0.1514322916666666