0 0.6310836226851853 0.23799913194444444 0.18793402777777768 0.21549479166666663
0 0.6100188078703703 0.07622612847222222 0.15792824074074074 0.15245225694444445
0 0.3708622685185185 0.1132884837962963 0.19505208333333335 0.20423900462962963
0 0.5142216435185185 0.5514612268518518 0.18447627314814818 0.1899884259259259
0 0.2965422453703704 0.34929832175925923 0.15688657407407403 0.1513744212962962
0 0.4071252893518519 0.7329716435185185 0.20941840277777768 0.2167679398148148
0 0.5719401041666667 0.7105541087962963 0.19712094907407396 0.20630787037037024
0 0.7974681712962963 0.3040436921296296 0.17952835648148158 0.17217881944444446
0 0.7518446180555556 0.08975694444444444 0.20539641203703707 0.1795138888888889
0 0.04654224537037037 0.5491464120370371 0.09308449074074074 0.16733217592592586
0 0.09516420717592593 0.7378833912037037 0.19032841435185185 0.24687499999999996
0 0.8211082175925926 0.7590422453703705 0.18654513888888902 0.19205729166666652
0 0.6771195023148149 0.44644097222222223 0.2182581018518519 0.2017216435185185
0 0.5037688078703704 0.41584201388888886 0.18033854166666674 0.18585069444444446
0 0.385546875 0.4238208912037037 0.1274739583333333 0.14768518518518525
0 0.29636140046296294 0.5001446759259259 0.12345196759259258 0.1455005787037036
0 0.19782986111111112 0.5371238425925926 0.11171874999999998 0.11171875000000009
0 0.17434895833333336 0.6377748842592592 0.18470775462962963 0.19389467592592613
0 0.37232349537037035 0.5812789351851851 0.1694155092592593 0.16574074074074074
0 0.7127821180555556 0.6000289351851852 0.16572627314814814 0.1363281249999999
0 0.8379195601851852 0.5410373263888889 0.22433449074074074 0.1728877314814814
0 0.9111762152777778 0.6349826388888888 0.10635127314814818 0.18535879629629637
0 0.8707609953703703 0.8407624421296296 0.1591724537037038 0.12426215277777786
0 0.40263310185185186 0.8908854166666667 0.2480034722222222 0.1781828703703705
0 0.26580584490740744 0.8843967013888889 0.1366753472222222 0.17158564814814814
0 0.14113136574074076 0.9355758101851852 0.17812499999999998 0.1156539351851853
0 0.24063223379629628 0.2582175925925926 0.16620370370370374 0.1772280092592593
0 0.20538194444444446 0.08124999999999999 0.17997685185185186 0.14690393518518519
0 0.5547960069444444 0.0008174189814814832 0.17947048611111116 0.0016348379629629664
0 0.47985387731481477 0.07671440972222222 0.16046006944444446 0.15342881944444445
0 0.037008101851851855 0.2562427662037037 0.07401620370370371 0.12032696759259265
0 0.051352719907407404 0.3421730324074074 0.10270543981481481 0.14377893518518525
0 0.015610532407407408 0.3930266203703704 0.031221064814814816 0.1319155092592592
0 0.13156105324074074 0.4340422453703704 0.2631221064814815 0.22391493055555545
0 0.07435619212962963 0.20676359953703705 0.1125289351851852 0.12539062499999998
0 0.16553096064814815 0.17897858796296295 0.13826678240740742 0.13275462962962964
0 0.6741247106481482 0.8582537615740741 0.2030815972222222 0.17552083333333335
0 0.7016999421296297 0.7213541666666667 0.1518518518518519 0.1977864583333333
0 0.9071759259259259 0.1934172453703704 0.13394097222222223 0.22397280092592592
0 0.8931206597222222 0.04830005787037037 0.12000868055555558 0.09660011574074075
0 0.5025824652777777 0.23880208333333333 0.12770543981481497 0.1515914351851852
0 0.38798466435185186 0.23488859953703703 0.13710937499999998 0.11322337962962964
0 0.4418909143518519 0.3105179398148148 0.14227430555555554 0.10185185185185186