0 0.11328125 0.3369140625 0.2265625 0.224609375
0 0.0478515625 0.125 0.0947265625 0.25
0 0.7158203125 0.1240234375 0.2177734375 0.177734375
0 0.7421875 0.6708984375 0.23046875 0.1826171875
0 0.4814453125 0.767578125 0.2177734375 0.1904296875
0 0.4111328125 0.9248046875 0.22265625 0.14453125
0 0.1396484375 0.771484375 0.1552734375 0.177734375
0 0.1103515625 0.568359375 0.2197265625 0.2724609375
0 0.931640625 0.927734375 0.1279296875 0.125
0 0.6201171875 0.33203125 0.1845703125 0.125
0 0.171875 0.1630859375 0.1630859375 0.146484375
0 0.2880859375 0.43359375 0.1884765625 0.15234375
0 0.810546875 0.2490234375 0.189453125 0.1279296875
0 0.7099609375 0.4423828125 0.236328125 0.140625
0 0.416015625 0.54296875 0.259765625 0.2060546875
0 0.2314453125 0.8798828125 0.30859375 0.240234375
0 0.03515625 0.85546875 0.0703125 0.2890625
0 0.6962890625 0.9091796875 0.306640625 0.181640625
0 0.9404296875 0.81640625 0.119140625 0.119140625
0 0.9150390625 0.0986328125 0.1689453125 0.1875
0 0.9580078125 0.3876953125 0.083984375 0.1806640625
0 0.4765625 0.1748046875 0.2783203125 0.294921875