0 0.2533203125 0.16340422453703704 0.30976562500000004 0.28556134259259264
0 0.4720703125 0.30679253472222223 0.1298177083333334 0.13265335648148147
0 0.5768229166666667 0.3531394675925926 0.11783854166666652 0.12857349537037033
0 0.4809895833333333 0.5432219328703705 0.1953125 0.20776909722222214
0 0.22591145833333334 0.4414279513888889 0.3151041666666667 0.2778356481481481
0 0.3564453125 0.7425274884259259 0.26341145833333335 0.23414351851851833
0 0.16432291666666665 0.6759693287037036 0.25364583333333335 0.23399884259259274
0 0.14791666666666667 0.8257740162037037 0.19765624999999998 0.18438946759259256
0 0.6884765625 0.9282262731481481 0.2290364583333333 0.12826967592592586
0 0.6462890625 0.5006944444444444 0.2026041666666667 0.20007233796296298
0 0.952734375 0.10993200231481481 0.09453124999999996 0.15574363425925924
0 0.9567057291666667 0.2554542824074074 0.08658854166666652 0.1499131944444444
0 0.8587890625000001 0.3743778935185185 0.1703125000000001 0.15471643518518519
0 0.7839192708333333 0.7322844328703704 0.07994791666666679 0.08703703703703702
0 0.7246744791666666 0.09288194444444445 0.17981770833333321 0.1802228009259259
0 0.9423177083333334 0.7003255208333334 0.11536458333333321 0.17398726851851842
0 0.88828125 0.887962962962963 0.22343749999999996 0.1870370370370371
0 0.1103515625 0.2183087384259259 0.15494791666666669 0.15839120370370374
0 0.076171875 0.39476996527777775 0.11432291666666666 0.2221788194444445
0 0.2359375 0.03739149305555556 0.284375 0.07478298611111112
0 0.4309895833333333 0.04620949074074074 0.15494791666666663 0.09241898148148148
0 0.5823567708333333 0.13343460648148148 0.2779947916666665 0.26686921296296295
0 0.7288411458333333 0.24335937500000002 0.1402343749999999 0.17183159722222224
0 0.8727213541666667 0.2314525462962963 0.16679687500000018 0.16051793981481477
0 0.8748697916666666 0.10238715277777777 0.17955729166666679 0.14704861111111112
0 0.7438151041666667 0.6145978009259259 0.21106770833333321 0.18068576388888902
0 0.8118489583333333 0.4913990162037037 0.16927083333333348 0.16835937499999998
0 0.932421875 0.529369212962963 0.1351562500000001 0.2211805555555557
0 0.6227213541666667 0.7923466435185185 0.3355468749999999 0.2917968750000002
0 0.31907552083333335 0.900462962962963 0.1645833333333333 0.15658275462962967
0 0.4884114583333333 0.918482349537037 0.19557291666666665 0.15313946759259256