0 0.8134765625 0.91796875 0.1796875 0.1630859375
0 0.9189453125 0.4208984375 0.1513671875 0.205078125
0 0.126953125 0.525390625 0.25390625 0.21484375
0 0.53125 0.16796875 0.15625 0.2060546875
0 0.765625 0.5615234375 0.2568359375 0.189453125
0 0.90234375 0.0869140625 0.1494140625 0.150390625
0 0.361328125 0.90625 0.240234375 0.1865234375
0 0.048828125 0.08203125 0.09765625 0.1640625
0 0.3623046875 0.62890625 0.2060546875 0.197265625
0 0.0888671875 0.95703125 0.15234375 0.0849609375
0 0.7001953125 0.166015625 0.21875 0.17578125
0 0.6572265625 0.3818359375 0.2265625 0.2109375
0 0.521484375 0.68359375 0.1396484375 0.1396484375
0 0.1904296875 0.0947265625 0.201171875 0.1728515625
0 0.1962890625 0.2861328125 0.177734375 0.1630859375
0 0.693359375 0.0439453125 0.2919921875 0.0869140625
0 0.298828125 0.03125 0.162109375 0.0625
0 0.94921875 0.8837890625 0.1015625 0.2265625
0 0.4755859375 0.4072265625 0.1806640625 0.2421875
0 0.4140625 0.0947265625 0.162109375 0.150390625
0 0.095703125 0.087890625 0.181640625 0.16796875
0 0.1962890625 0.875 0.126953125 0.1298828125
0 0.056640625 0.3095703125 0.11328125 0.2197265625
0 0.85546875 0.267578125 0.19921875 0.1904296875
0 0.7705078125 0.74609375 0.1591796875 0.1630859375
0 0.9326171875 0.654296875 0.1337890625 0.189453125
0 0.6083984375 0.7890625 0.1953125 0.1533203125
0 0.525390625 0.9296875 0.1806640625 0.140625
0 0.1201171875 0.7900390625 0.240234375 0.271484375
0 0.318359375 0.4775390625 0.154296875 0.1064453125
0 0.654296875 0.9267578125 0.08984375 0.146484375
0 0.5537109375 0.5751953125 0.150390625 0.1611328125
0 0.3125 0.349609375 0.126953125 0.17578125