0 0.6667390046296295 0.2545428240740741 0.25766782407407396 0.2689525462962963
0 0.6865234375 0.4365379050925926 0.2524594907407407 0.18083043981481484
0 0.8723885995370371 0.29409722222222223 0.25131655092592586 0.49884259259259256
0 0.07706163194444444 0.3953125 0.1541232638888889 0.23984375000000002
0 0.35985243055555555 0.8971643518518518 0.30792824074074077 0.20567129629629632
0 0.8026475694444445 0.8235568576388889 0.32785011574074074 0.3528862847222223
0 0.9410517939814815 0.7943721064814815 0.10203993055555571 0.411255787037037
0 0.6998625578703703 0.06395399305555556 0.23308738425925934 0.058695023148148145
0 0.08161168981481481 0.18259548611111112 0.16322337962962963 0.25190972222222224
0 0.3604817708333333 0.2764684606481482 0.4427951388888889 0.3833478009259259
0 0.42606336805555556 0.7319227430555555 0.2530381944444444 0.21989293981481461
0 0.228833912037037 0.6518156828703704 0.2807146990740741 0.37569444444444433
0 0.4679036458333333 0.5467375578703704 0.2669994212962963 0.240234375
0 0.592896412037037 0.09280237268518518 0.15014467592592595 0.1240306712962963
0 0.936697048611111 0.5715856481481482 0.1142216435185186 0.20190972222222214
0 0.7990957754629631 0.6230541087962963 0.25792824074074083 0.2865306712962963
0 0.656958912037037 0.6507957175925926 0.18057002314814818 0.20193865740740735
0 0.1294415509259259 0.8874131944444444 0.2416377314814815 0.22517361111111112
0 0.07959346064814815 0.5664424189814814 0.1591869212962963 0.2110098379629628
0 0.24347511574074074 0.059389467592592594 0.24322916666666666 0.08466435185185185
0 0.06910445601851851 0.06465567129629629 0.13820891203703703 0.06681134259259258
0 0.6050130208333333 0.9034324363425925 0.21032986111111107 0.19313512731481497