0 0.8315682870370371 0.7761140046296297 0.24100115740740735 0.2167824074074074
0 0.7096788194444444 0.9096860532407407 0.3021556712962963 0.1806278935185186
0 0.7529513888888889 0.5353804976851851 0.22484085648148144 0.2430844907407408
0 0.5453703703703704 0.21255787037037036 0.18684895833333326 0.1863136574074074
0 0.6764033564814815 0.3114221643518518 0.2025752314814815 0.18919270833333335
0 0.7520399305555556 0.1562355324074074 0.22248263888888875 0.23515624999999996
0 0.9058087384259259 0.47782841435185186 0.15354456018518525 0.18239293981481475
0 0.4444155092592592 0.9702112268518519 0.23472222222222228 0.05957754629629619
0 0.40512876157407407 0.3668547453703703 0.34111689814814805 0.2324508101851852
0 0.04006799768518519 0.17729311342592594 0.08013599537037037 0.20614872685185187
0 0.12131799768518518 0.626273148148148 0.21961805555555555 0.21746238425925934
0 0.30832609953703705 0.13679832175925924 0.2816840277777778 0.2503472222222222
0 0.26492332175925926 0.8951208043981482 0.22928240740740735 0.20975839120370354
0 0.054535590277777775 0.04816261574074074 0.10907118055555555 0.08460648148148148
0 0.1521412037037037 0.27741608796296297 0.21736111111111112 0.2114872685185185
0 0.02765480324074074 0.49542100694444446 0.05530960648148148 0.18615451388888893
0 0.07807436342592593 0.7990523726851853 0.14986979166666667 0.14907407407407414
0 0.8925998263888889 0.9146556712962963 0.13418692129629628 0.17068865740740735
0 0.9241898148148149 0.25557725694444444 0.14019097222222232 0.3003761574074074
0 0.6308376736111111 0.4723090277777778 0.12582465277777777 0.13596643518518514
0 0.5184895833333334 0.6742983217592593 0.19405381944444455 0.17505787037037024
0 0.3238498263888889 0.6686414930555555 0.25124421296296295 0.2641203703703705
0 0.5365813078703704 0.07979600694444444 0.2432436342592592 0.1098234953703704
0 0.9049479166666666 0.6266710069444444 0.1386574074074074 0.15814525462962958
0 0.5043258101851852 0.834107349537037 0.21261574074074074 0.23262442129629624
0 0.08465711805555555 0.9015407986111111 0.1693142361111111 0.19691840277777772