0 0.9009114583333333 0.37872540509259256 0.19525462962962958 0.26731770833333335
0 0.6733940972222222 0.626099537037037 0.2870225694444444 0.2688512731481483
0 0.28131510416666666 0.7992404513888889 0.2085358796296296 0.2153935185185185
0 0.1593967013888889 0.6396050347222222 0.21264467592592595 0.24296875000000018
0 0.10845630787037037 0.4029658564814815 0.21691261574074075 0.30983796296296295
0 0.4862268518518518 0.17438512731481481 0.19461805555555556 0.18138020833333335
0 0.9200520833333333 0.16882957175925925 0.1596354166666667 0.20273437499999997
0 0.797974537037037 0.8220413773148147 0.23003472222222232 0.21861979166666679
0 0.6238353587962963 0.8537326388888888 0.25749421296296293 0.2358651620370371
0 0.4354311342592593 0.8327980324074074 0.15011574074074074 0.2353587962962962
0 0.06255787037037037 0.8818070023148148 0.12511574074074075 0.21283275462962958
0 0.19698350694444444 0.04977575231481481 0.16462673611111112 0.08589409722222223
0 0.3697699652777778 0.06880787037037037 0.19014756944444444 0.10497685185185185
0 0.5601634837962963 0.08497540509259259 0.14920428240740735 0.11231192129629627
0 0.03904803240740741 0.6498914930555555 0.07809606481481482 0.23728298611111098
0 0.05348668981481482 0.03345630787037037 0.06490162037037037 0.06436631944444444
0 0.11330295138888889 0.13567708333333334 0.2003761574074074 0.16805555555555557
0 0.26569733796296297 0.2697627314814815 0.18538773148148147 0.25306712962962963
0 0.3674045138888889 0.3881438078703704 0.10452835648148151 0.14285300925925926
0 0.46025028935185186 0.5157696759259259 0.11634837962962963 0.1572193287037036
0 0.37937644675925924 0.6184461805555556 0.2911168981481481 0.2944733796296297
0 0.6231264467592592 0.28996672453703703 0.21455439814814814 0.23722511574074068
0 0.7618489583333333 0.4232421875 0.16520543981481484 0.1640190972222222
0 0.7034071180555556 0.13547453703703705 0.19662905092592586 0.18930844907407407
0 0.8417751736111111 0.947019675925926 0.264771412037037 0.1059606481481481
0 0.5643012152777778 0.9566695601851851 0.24497974537037037 0.08666087962962976
0 0.6062138310185186 0.46286892361111115 0.15930266203703702 0.15781250000000002