0 0.9167679398148147 0.4165870949074074 0.1664641203703705 0.32831307870370363
0 0.8670862268518518 0.6928747106481481 0.26582754629629646 0.29917534722222205
0 0.5880787037037036 0.8508969907407407 0.2105179398148147 0.21941550925925934
0 0.4400607638888889 0.8987413194444445 0.17118055555555556 0.17999131944444446
0 0.15711082175925925 0.6525824652777777 0.16141493055555556 0.17941261574074074
0 0.1398654513888889 0.8282407407407407 0.1947627314814815 0.20091145833333335
0 0.06984953703703704 0.6005570023148148 0.13313078703703704 0.3143952546296296
0 0.7063802083333333 0.9851417824074074 0.1606481481481481 0.029716435185185297
0 0.4781032986111111 0.10447048611111111 0.30776909722222223 0.1705150462962963
0 0.10379050925925926 0.1750217013888889 0.15271990740740743 0.323365162037037
0 0.23172019675925926 0.4461588541666667 0.25177951388888886 0.25504918981481484
0 0.5070023148148148 0.4478298611111111 0.11028645833333339 0.12952835648148153
0 0.7137731481481482 0.16138599537037038 0.21636284722222232 0.21780960648148145
0 0.7176866319444444 0.5579282407407408 0.15141782407407423 0.14758391203703702
0 0.32252604166666665 0.7131438078703703 0.18492476851851847 0.19056712962962963
0 0.8320891203703704 0.9521339699074074 0.20219907407407423 0.09573206018518521
0 0.6685546874999999 0.3822410300925926 0.27722800925925917 0.26436631944444455
0 0.49095052083333335 0.25750868055555554 0.22837094907407396 0.25756655092592595
0 0.2456452546296296 0.2175925925925926 0.19266493055555556 0.18126446759259257
0 0.18077256944444445 0.025354456018518517 0.1584201388888889 0.038671874999999994
0 0.9338107638888888 0.15883969907407408 0.13237847222222232 0.09771412037037036
0 0.8073206018518518 0.2713758680555555 0.29861111111111116 0.2519675925925926
0 0.9515914351851852 0.24777199074074074 0.09681712962962963 0.16203703703703698
0 0.7080222800925926 0.7027994791666667 0.11028645833333339 0.1295283564814813
0 0.5525101273148147 0.6613715277777777 0.2656684027777776 0.28515625
0 0.7189670138888888 0.8625578703703705 0.16973379629629637 0.24823495370370363
0 0.38549623842592595 0.5167679398148148 0.15756655092592586 0.1869936342592593
0 0.039561631944444446 0.8603660300925926 0.06743344907407407 0.1426070601851852
0 0.2818287037037037 0.8854600694444444 0.22028356481481481 0.21999421296296306
0 0.5342086226851852 0.9395471643518518 0.19249131944444442 0.12090567129629637
0 0.9033420138888889 0.9509548611111112 0.09484953703703702 0.09809027777777768