0 0.896484375 0.306640625 0.2021484375 0.232421875
0 0.6796875 0.5654296875 0.259765625 0.224609375
0 0.318359375 0.771484375 0.1875 0.1826171875
0 0.1953125 0.6328125 0.1904296875 0.2099609375
0 0.115234375 0.4140625 0.23046875 0.2724609375
0 0.4775390625 0.15625 0.1748046875 0.15234375
0 0.9072265625 0.0986328125 0.1796875 0.1875
0 0.80859375 0.7373046875 0.20703125 0.1845703125
0 0.646484375 0.7861328125 0.232421875 0.197265625
0 0.4677734375 0.7861328125 0.1298828125 0.20703125
0 0.0859375 0.8876953125 0.171875 0.216796875
0 0.1953125 0.05078125 0.15234375 0.1015625
0 0.361328125 0.0546875 0.17578125 0.109375
0 0.54296875 0.0576171875 0.134765625 0.1064453125
0 0.0576171875 0.6572265625 0.115234375 0.216796875
0 0.044921875 0.048828125 0.08984375 0.09765625
0 0.1083984375 0.1611328125 0.2158203125 0.138671875
0 0.2744140625 0.271484375 0.162109375 0.22265625
0 0.376953125 0.3720703125 0.0927734375 0.1240234375
0 0.47265625 0.4833984375 0.1025390625 0.1376953125
0 0.4013671875 0.58984375 0.2607421875 0.2490234375
0 0.6142578125 0.251953125 0.1923828125 0.2041015625
0 0.7529296875 0.36328125 0.1484375 0.1376953125
0 0.681640625 0.0908203125 0.1767578125 0.1767578125
0 0.8662109375 0.8974609375 0.2509765625 0.16015625
0 0.599609375 0.931640625 0.2265625 0.13671875
0 0.607421875 0.4169921875 0.142578125 0.134765625