0 0.8564453125 0.23828125 0.2568359375 0.23828125
0 0.4306640625 0.1103515625 0.1162109375 0.1220703125
0 0.9296875 0.85546875 0.1181640625 0.126953125
0 0.7802734375 0.6240234375 0.142578125 0.150390625
0 0.6298828125 0.3994140625 0.1240234375 0.150390625
0 0.4208984375 0.31640625 0.13671875 0.12109375
0 0.15234375 0.0283203125 0.12890625 0.056640625
0 0.9375 0.4375 0.125 0.1875
0 0.6748046875 0.25 0.1484375 0.1484375
0 0.0576171875 0.3251953125 0.1142578125 0.1337890625
0 0.046875 0.498046875 0.09375 0.125
0 0.1796875 0.8984375 0.09375 0.0908203125
0 0.326171875 0.1806640625 0.146484375 0.16015625
0 0.4228515625 0.703125 0.13671875 0.1552734375
0 0.09765625 0.1005859375 0.154296875 0.1318359375
0 0.623046875 0.6396484375 0.1533203125 0.193359375
0 0.3388671875 0.87109375 0.1787109375 0.18359375
0 0.91796875 0.7060546875 0.1494140625 0.193359375
0 0.9384765625 0.97265625 0.1220703125 0.0546875
0 0.576171875 0.0693359375 0.1787109375 0.138671875
0 0.673828125 0.9658203125 0.2060546875 0.068359375
0 0.27734375 0.9775390625 0.162109375 0.044921875
0 0.103515625 0.958984375 0.142578125 0.08203125
0 0.6298828125 0.8232421875 0.1806640625 0.1572265625
0 0.521484375 0.9189453125 0.140625 0.16015625
0 0.203125 0.3515625 0.1943359375 0.189453125
0 0.86328125 0.046875 0.2724609375 0.09375
0 0.73046875 0.4404296875 0.0830078125 0.087890625
0 0.4736328125 0.599609375 0.1474609375 0.1748046875
0 0.2275390625 0.083984375 0.1103515625 0.1044921875
0 0.228515625 0.71484375 0.1591796875 0.1669921875
0 0.0205078125 0.0390625 0.041015625 0.072265625
0 0.1142578125 0.6337890625 0.1640625 0.16796875
0 0.783203125 0.8310546875 0.16015625 0.123046875
0 0.6923828125 0.5234375 0.0927734375 0.09765625
0 0.8642578125 0.5478515625 0.1259765625 0.1123046875
0 0.5830078125 0.306640625 0.0849609375 0.1044921875
0 0.4736328125 0.453125 0.154296875 0.1181640625
0 0.1494140625 0.4931640625 0.1123046875 0.09765625
0 0.16796875 0.1904296875 0.1708984375 0.1416015625
0 0.513671875 0.251953125 0.146484375 0.2099609375
0 0.6015625 0.146484375 0.115234375 0.1044921875
0 0.7099609375 0.1708984375 0.09375 0.1171875