0 0.7099609375 0.91015625 0.1748046875 0.1748046875
0 0.8896484375 0.884765625 0.21484375 0.224609375
0 0.7685546875 0.697265625 0.3076171875 0.2548828125
0 0.150390625 0.0712890625 0.2998046875 0.142578125
0 0.8974609375 0.115234375 0.2001953125 0.2099609375
0 0.5908203125 0.1884765625 0.2626953125 0.2578125
0 0.4345703125 0.4697265625 0.3154296875 0.3251953125
0 0.1748046875 0.5146484375 0.21484375 0.2900390625
0 0.1083984375 0.2119140625 0.2158203125 0.1484375
0 0.046875 0.4658203125 0.09375 0.15234375
0 0.06640625 0.6640625 0.1318359375 0.267578125
0 0.0556640625 0.9482421875 0.111328125 0.1025390625
0 0.1103515625 0.88671875 0.1376953125 0.1748046875
0 0.26953125 0.8798828125 0.2275390625 0.205078125
0 0.302734375 0.7529296875 0.298828125 0.2216796875
0 0.5927734375 0.640625 0.1845703125 0.28125
0 0.7529296875 0.294921875 0.25390625 0.2509765625
0 0.9326171875 0.337890625 0.1337890625 0.2421875
0 0.7646484375 0.47265625 0.251953125 0.2265625
0 0.9375 0.5390625 0.1240234375 0.2197265625
0 0.41796875 0.0615234375 0.259765625 0.1220703125
0 0.3173828125 0.1611328125 0.21875 0.126953125
0 0.3662109375 0.265625 0.2255859375 0.142578125
0 0.060546875 0.345703125 0.12109375 0.13671875
0 0.2099609375 0.306640625 0.173828125 0.1640625
0 0.5244140625 0.8720703125 0.2119140625 0.1640625