0 0.8121383101851851 0.22989004629629628 0.3022280092592591 0.28736979166666665
0 0.8352502893518519 0.06953848379629629 0.16543692129629628 0.13907696759259258
0 0.16167534722222224 0.18782552083333331 0.2810329861111111 0.23828125
0 0.2398726851851852 0.7387948495370371 0.29542824074074076 0.24824942129629646
0 0.5240523726851852 0.7609230324074074 0.28595196759259256 0.2520109953703704
0 0.624927662037037 0.8872178819444445 0.27170138888888884 0.19131944444444438
0 0.8596643518518519 0.6681568287037036 0.19589120370370372 0.22141203703703694
0 0.8419415509259259 0.45966435185185184 0.2703993055555556 0.33177083333333335
0 0.11067708333333331 0.9816550925925926 0.13903356481481483 0.0332754629629628
0 0.2995876736111111 0.3672236689814815 0.22967303240740744 0.17703993055555545
0 0.7209563078703703 0.08422309027777777 0.2143373842592593 0.16844618055555555
0 0.6560691550925926 0.3746238425925926 0.24341724537037024 0.2045572916666667
0 0.10398582175925926 0.33813657407407405 0.20797164351851852 0.18103298611111107
0 0.22815393518518517 0.5019241898148148 0.2865306712962963 0.20714699074074083
0 0.546875 0.5186631944444444 0.3348524305555556 0.28004918981481497
0 0.7785734953703703 0.7883680555555556 0.3467881944444444 0.3094907407407408
0 0.3334418402777778 0.9110460069444444 0.3619068287037037 0.17119502314814827
0 0.08040364583333331 0.9294270833333333 0.13708043981481483 0.13859953703703698
0 0.036060474537037035 0.2162037037037037 0.07212094907407407 0.2199363425925926
0 0.01982060185185185 0.5111979166666667 0.0396412037037037 0.1963541666666666
0 0.41435185185185186 0.17881221064814815 0.3822337962962963 0.3576244212962963