0 0.291015625 0.3408203125 0.2626953125 0.2470703125
0 0.083984375 0.0361328125 0.16796875 0.072265625
0 0.5625 0.240234375 0.205078125 0.1748046875
0 0.7646484375 0.2470703125 0.2099609375 0.2001953125
0 0.681640625 0.490234375 0.2021484375 0.1552734375
0 0.8798828125 0.50390625 0.21484375 0.2275390625
0 0.9208984375 0.712890625 0.15234375 0.205078125
0 0.892578125 0.919921875 0.2099609375 0.1552734375
0 0.2587890625 0.6376953125 0.1328125 0.150390625
0 0.0302734375 0.4658203125 0.0595703125 0.15234375
0 0.388671875 0.0751953125 0.1376953125 0.150390625
0 0.5185546875 0.052734375 0.1376953125 0.10546875
0 0.7509765625 0.681640625 0.2421875 0.2021484375
0 0.052734375 0.123046875 0.10546875 0.076171875
0 0.2373046875 0.0888671875 0.2431640625 0.177734375
0 0.638671875 0.052734375 0.08984375 0.10546875
0 0.8173828125 0.0830078125 0.2783203125 0.15625
0 0.927734375 0.2802734375 0.14453125 0.2412109375
0 0.3994140625 0.484375 0.1923828125 0.1455078125
0 0.3720703125 0.6767578125 0.1572265625 0.1845703125
0 0.09765625 0.658203125 0.1953125 0.17578125
0 0.056640625 0.890625 0.11328125 0.2177734375
0 0.595703125 0.9150390625 0.21484375 0.1552734375
0 0.408203125 0.2275390625 0.140625 0.146484375
0 0.544921875 0.6640625 0.1923828125 0.19921875
0 0.3427734375 0.9033203125 0.1953125 0.1923828125
0 0.1826171875 0.9287109375 0.1572265625 0.142578125
0 0.0703125 0.2890625 0.140625 0.2177734375