0 0.3767216435185185 0.14128327546296296 0.285619212962963 0.2825665509259259
0 0.6661530671296296 0.15379050925925924 0.3475983796296296 0.27758969907407405
0 0.4779730902777778 0.604615162037037 0.20616319444444442 0.21561053240740735
0 0.08904803240740741 0.18078703703703705 0.09003182870370369 0.14908854166666669
0 0.06671006944444445 0.5988932291666667 0.1334201388888889 0.2397135416666667
0 0.01617476851851852 0.8035734953703704 0.03234953703703704 0.17800925925925926
0 0.21494502314814815 0.7724320023148148 0.3372395833333333 0.3687789351851851
0 0.5327256944444445 0.3997829861111111 0.3247106481481481 0.3134837962962963
0 0.8865523726851852 0.2945891203703703 0.22076099537037042 0.2788194444444445
0 0.8819806134259259 0.7349175347222223 0.15190972222222232 0.24207175925925917
0 0.732125289351852 0.7065827546296297 0.24370659722222232 0.24683159722222214
0 0.8131148726851851 0.9043764467592592 0.1636718749999999 0.1138744212962961
0 0.9088396990740741 0.5686125578703703 0.1649739583333334 0.20176504629629632
0 0.7282769097222223 0.8346137152777777 0.1640190972222222 0.1373119212962961
0 0.641355613425926 0.9054759837962962 0.24202835648148158 0.13355034722222214
0 0.552857349537037 0.8193142361111111 0.29524016203703707 0.3002459490740741
0 0.1992259837962963 0.31851851851851853 0.29813368055555556 0.23208912037037033
0 0.25105613425925927 0.05700231481481481 0.23226273148148147 0.11400462962962962
0 0.14949363425925927 0.05836950231481482 0.13460648148148147 0.11673900462962963
0 0.031163194444444445 0.38206741898148144 0.06232638888888889 0.2202401620370371
0 0.12816840277777777 0.4658709490740741 0.25633680555555555 0.23232060185185177
0 0.1695384837962963 0.6098741319444445 0.29725115740740743 0.3042534722222223
0 0.8967954282407407 0.13012152777777777 0.20438368055555545 0.2272280092592593
0 0.7893735532407408 0.5308955439814815 0.1981770833333334 0.20348668981481488
0 0.6421874999999999 0.5199869791666667 0.17065972222222214 0.19035011574074057
0 0.6238064236111112 0.6409649884259259 0.17999131944444446 0.1615596064814815
0 0.1609085648148148 0.20438368055555556 0.22989004629629628 0.2363570601851852
0 0.730201099537037 0.052271412037037036 0.14810474537037033 0.10454282407407407
0 0.5189670138888889 0.2746166087962963 0.19056712962962963 0.2167534722222222
0 0.9460141782407407 0.3646918402777778 0.09929108796296293 0.2471498842592592
0 0.3226779513888889 0.41652922453703706 0.18875868055555556 0.22641782407407407