0 0.5751953125 0.2490234375 0.2802734375 0.1923828125
0 0.7646484375 0.298828125 0.1396484375 0.1474609375
0 0.8125 0.0927734375 0.2451171875 0.1796875
0 0.169921875 0.072265625 0.3154296875 0.14453125
0 0.25 0.611328125 0.275390625 0.197265625
0 0.708984375 0.8828125 0.2421875 0.2099609375
0 0.4111328125 0.4833984375 0.15234375 0.1328125
0 0.1025390625 0.4765625 0.0947265625 0.1572265625
0 0.1689453125 0.2509765625 0.1279296875 0.1328125
0 0.857421875 0.5888671875 0.1201171875 0.1220703125
0 0.3037109375 0.3369140625 0.166015625 0.169921875
0 0.6181640625 0.0859375 0.224609375 0.171875
0 0.93359375 0.18359375 0.1328125 0.19921875
0 0.951171875 0.0439453125 0.09765625 0.087890625
0 0.8818359375 0.41015625 0.1611328125 0.2412109375
0 0.7001953125 0.4150390625 0.2392578125 0.1611328125
0 0.10546875 0.8115234375 0.2109375 0.1689453125
0 0.107421875 0.931640625 0.21484375 0.13671875
0 0.3603515625 0.7900390625 0.26953125 0.2412109375
0 0.68359375 0.7138671875 0.265625 0.1279296875
0 0.6591796875 0.6064453125 0.17578125 0.1630859375
0 0.861328125 0.7412109375 0.0908203125 0.11328125
0 0.056640625 0.2470703125 0.1083984375 0.1298828125
0 0.060546875 0.70703125 0.12109375 0.14453125
0 0.0380859375 0.5498046875 0.076171875 0.169921875
0 0.34765625 0.1630859375 0.1533203125 0.181640625
0 0.5224609375 0.5859375 0.119140625 0.15234375
0 0.94921875 0.6357421875 0.1015625 0.20703125
0 0.9150390625 0.857421875 0.1689453125 0.1962890625
0 0.1748046875 0.3720703125 0.1416015625 0.1201171875
0 0.564453125 0.4736328125 0.162109375 0.1337890625