0 0.7861328125 0.7041015625 0.1875 0.2001953125
0 0.2431640625 0.865234375 0.1591796875 0.1533203125
0 0.4052734375 0.51171875 0.17578125 0.1318359375
0 0.837890625 0.9091796875 0.1689453125 0.173828125
0 0.28515625 0.4609375 0.16015625 0.1865234375
0 0.548828125 0.21484375 0.18359375 0.1708984375
0 0.1162109375 0.6982421875 0.173828125 0.2314453125
0 0.853515625 0.2138671875 0.2548828125 0.265625
0 0.94140625 0.6982421875 0.1142578125 0.1728515625
0 0.2265625 0.326171875 0.126953125 0.140625
0 0.068359375 0.91015625 0.1318359375 0.16015625
0 0.931640625 0.5458984375 0.1298828125 0.140625
0 0.552734375 0.73046875 0.18359375 0.1650390625
0 0.3740234375 0.298828125 0.16796875 0.130859375
0 0.4130859375 0.6455078125 0.1337890625 0.134765625
0 0.634765625 0.9052734375 0.2392578125 0.189453125
0 0.0263671875 0.650390625 0.0458984375 0.154296875
0 0.67578125 0.32421875 0.111328125 0.134765625
0 0.931640625 0.8125 0.1279296875 0.1318359375
0 0.068359375 0.9560546875 0.12890625 0.0869140625
0 0.6396484375 0.0556640625 0.2373046875 0.111328125
0 0.263671875 0.6669921875 0.142578125 0.171875
0 0.9765625 0.3984375 0.046875 0.1630859375
0 0.4912109375 0.0263671875 0.13671875 0.052734375
0 0.9697265625 0.9306640625 0.060546875 0.138671875
0 0.248046875 0.09765625 0.3349609375 0.1953125
0 0.40234375 0.7861328125 0.166015625 0.1484375
0 0.8701171875 0.029296875 0.2177734375 0.05859375
0 0.5634765625 0.5048828125 0.1796875 0.1591796875
0 0.1298828125 0.3486328125 0.2587890625 0.2412109375
0 0.03515625 0.1767578125 0.0654296875 0.1943359375
0 0.7568359375 0.369140625 0.1220703125 0.1279296875
0 0.349609375 0.939453125 0.1318359375 0.11328125
0 0.083984375 0.09375 0.130859375 0.171875
0 0.765625 0.5166015625 0.16015625 0.16796875