0 0.1494140625 0.2545572916666667 0.265625 0.28530092592592593
0 0.1201171875 0.083984375 0.134765625 0.16796875
0 0.7880859375 0.10870587384259259 0.248046875 0.21741174768518517
0 0.7177734375 0.6567925347222222 0.26171875 0.24204282407407418
0 0.4404296875 0.7271412037037037 0.25 0.2470341435185186
0 0.341796875 0.878978587962963 0.248046875 0.20392071759259256
0 0.0986328125 0.6967954282407407 0.185546875 0.2188223379629628
0 0.119140625 0.4862919560185185 0.23828125 0.328197337962963
0 0.8564453125 0.8984736689814814 0.142578125 0.08673321759259256
0 0.6552734375 0.30107060185185186 0.20703125 0.17353877314814814
0 0.2373046875 0.08892144097222222 0.1875 0.17784288194444445
0 0.3056640625 0.36895978009259256 0.21484375 0.20146122685185186
0 0.8603515625 0.2350983796296296 0.212890625 0.17787905092592593
0 0.7265625 0.4217664930555555 0.26171875 0.20102719907407407
0 0.4140625 0.4927662037037037 0.296875 0.2739438657407407
0 0.1728515625 0.8123914930555556 0.345703125 0.32052951388888884
0 0.01953125 0.7661313657407407 0.0390625 0.3036747685185186
0 0.62890625 0.8635706018518519 0.33984375 0.20486111111111116
0 0.8837890625 0.8212528935185185 0.12890625 0.14822048611111116
0 0.9443359375 0.10282841435185185 0.111328125 0.2056568287037037
0 0.962890625 0.3886357060185185 0.07421875 0.19885706018518512
0 0.5400390625 0.1550564236111111 0.330078125 0.3101128472222222