0 0.4053240740740741 0.6793981481481481 0.3241898148148148 0.3167824074074075
0 0.7567708333333334 0.8370261863425925 0.3080295138888891 0.32594762731481497
0 0.4852575231481482 0.8685908564814815 0.23443287037037042 0.20109953703703698
0 0.4195529513888889 0.9416594328703703 0.20209780092592589 0.1166811342592593
0 0.928956886574074 0.3751012731481481 0.1420862268518519 0.3417824074074074
0 0.8820963541666667 0.6330222800925926 0.20574363425925934 0.21129918981481488
0 0.9125868055555555 0.8091796874999999 0.17482638888888902 0.2939380787037038
0 0.9656828703703704 0.6539134837962963 0.06863425925925926 0.24509548611111098
0 0.12546296296296297 0.33472222222222225 0.23006365740740742 0.2671006944444445
0 0.757689525462963 0.13083767361111112 0.28491030092592595 0.19787326388888887
0 0.34596354166666665 0.34225983796296294 0.2979166666666666 0.26087962962962963
0 0.2984881365740741 0.12163628472222222 0.28140914351851853 0.2054832175925926
0 0.47652633101851855 0.1367115162037037 0.2616464120370371 0.23757233796296295
0 0.07425491898148148 0.15481047453703706 0.1404079861111111 0.15337094907407411
0 0.17184606481481482 0.17740162037037038 0.16681134259259262 0.17421874999999998
0 0.6523582175925926 0.409765625 0.45199652777777777 0.4149594907407408
0 0.6895616319444444 0.6201171875 0.18776041666666665 0.2025752314814815
0 0.1713324652777778 0.7685546875 0.23404224537037033 0.3062644675925925
0 0.2285517939814815 0.9445601851851853 0.19738136574074072 0.1108796296296295
0 0.6000795717592593 0.9242259837962963 0.25510706018518503 0.15154803240740744
0 0.6205150462962963 0.7723668981481482 0.22925347222222214 0.2514756944444443
0 0.18784722222222222 0.48599537037037044 0.2904369212962963 0.22932581018518516
0 0.16821469907407405 0.6145109953703705 0.1640769675925926 0.12148437500000009
0 0.07317708333333334 0.5472511574074075 0.10098379629629628 0.21950231481481497
0 0.6202546296296296 0.05358796296296296 0.16238425925925926 0.05127314814814815
0 0.8925311053240741 0.9420681423611111 0.21493778935185182 0.11586371527777772