0 0.7841796875 0.150390625 0.2578125 0.224609375
0 0.8212890625 0.333984375 0.15234375 0.162109375
0 0.78125 0.5458984375 0.20703125 0.197265625
0 0.337890625 0.916015625 0.1650390625 0.162109375
0 0.16015625 0.9033203125 0.224609375 0.1826171875
0 0.1728515625 0.521484375 0.169921875 0.232421875
0 0.2021484375 0.1279296875 0.240234375 0.1552734375
0 0.8984375 0.7373046875 0.197265625 0.1953125
0 0.8876953125 0.9140625 0.1953125 0.16796875
0 0.333984375 0.6953125 0.1923828125 0.1650390625
0 0.552734375 0.6904296875 0.2001953125 0.1796875
0 0.509765625 0.349609375 0.2548828125 0.2451171875
0 0.2333984375 0.30078125 0.302734375 0.1728515625
0 0.5986328125 0.5380859375 0.1943359375 0.162109375
0 0.0576171875 0.1455078125 0.115234375 0.181640625
0 0.0673828125 0.0439453125 0.134765625 0.087890625
0 0.330078125 0.0810546875 0.1796875 0.162109375
0 0.484375 0.1123046875 0.1318359375 0.150390625
0 0.4873046875 0.0234375 0.275390625 0.046875
0 0.607421875 0.140625 0.126953125 0.123046875
0 0.9580078125 0.130859375 0.083984375 0.123046875
0 0.955078125 0.2548828125 0.0888671875 0.111328125
0 0.359375 0.494140625 0.255859375 0.2138671875
0 0.0966796875 0.7138671875 0.193359375 0.2275390625
0 0.552734375 0.880859375 0.2646484375 0.216796875
0 0.7685546875 0.91796875 0.146484375 0.1640625
0 0.7158203125 0.7265625 0.125 0.1640625
0 0.919921875 0.546875 0.16015625 0.2265625
0 0.05078125 0.4130859375 0.1005859375 0.2021484375