0 0.8057725694444444 0.9000651041666667 0.25665509259259256 0.19986979166666652
0 0.6450014467592593 0.3975911458333333 0.3851273148148149 0.40364583333333326
0 0.3245442708333333 0.5038411458333334 0.23271122685185186 0.23372395833333348
0 0.9350766782407407 0.50234375 0.1298466435185186 0.20286458333333335
0 0.09888599537037038 0.4342447916666667 0.1736111111111111 0.21614583333333337
0 0.23347077546296297 0.3068359375 0.15899884259259256 0.18984374999999998
0 0.14167390046296297 0.6163411458333333 0.19444444444444442 0.19999999999999996
0 0.7374855324074074 0.15924479166666666 0.23278356481481488 0.23567708333333337
0 0.24779369212962962 0.971875 0.23864293981481483 0.05624999999999991
0 0.6075303819444444 0.7009765625 0.25853587962962976 0.2471354166666666
0 0.49623842592592593 0.8260416666666667 0.3438946759259258 0.34244791666666674
0 0.7781032986111112 0.7561848958333334 0.1522714120370372 0.166015625
0 0.05320457175925926 0.6474609375 0.05946180555555555 0.1851562499999999
0 0.19751880787037038 0.8616536458333334 0.2634548611111111 0.2221354166666667
0 0.9594184027777778 0.9631510416666667 0.08116319444444442 0.0736979166666667
0 0.08152488425925926 0.9098958333333333 0.05946180555555555 0.1802083333333333
0 0.37774884259259256 0.3359375 0.16464120370370372 0.18437499999999996
0 0.9161060474537037 0.28912760416666666 0.16778790509259256 0.24713541666666672
0 0.02756076388888889 0.060286458333333334 0.05295138888888889 0.06197916666666667
0 0.17668547453703703 0.7199869791666667 0.1742621527777778 0.1285156249999999
0 0.9207899305555556 0.7979166666666666 0.15842013888888884 0.2328125000000001
0 0.08091001157407407 0.23821614583333334 0.15227141203703703 0.21861979166666667
0 0.1572265625 0.6680338541666666 0.2300347222222222 0.21406249999999982
0 0.8701533564814814 0.08528645833333334 0.1582754629629628 0.06510416666666669
0 0.9826750578703703 0.7162109375 0.0346498842592593 0.22434895833333335
0 0.23470052083333331 0.12962239583333335 0.1859809027777778 0.18190104166666665
0 0.9035373263888888 0.1712890625 0.16659432870370372 0.18450520833333334
0 0.46903935185185186 0.11796875 0.2818287037037037 0.19218749999999998