0 0.0931568287037037 0.201171875 0.1863136574074074 0.23046875
0 0.14091435185185186 0.390625 0.20102719907407407 0.1953125
0 0.13339843750000002 0.896484375 0.21274594907407407 0.1953125
0 0.5251808449074074 0.7451171875 0.23641493055555562 0.19921875
0 0.5191044560185185 0.4521484375 0.18148148148148158 0.162109375
0 0.32100694444444444 0.515625 0.27366898148148144 0.267578125
0 0.5632016782407407 0.2353515625 0.288136574074074 0.248046875
0 0.7126519097222221 0.5478515625 0.232523148148148 0.232421875
0 0.2888599537037037 0.201171875 0.2826244212962963 0.25390625
0 0.9334056712962964 0.8271484375 0.04221643518518503 0.119140625
0 0.12448278356481482 0.646484375 0.24896556712962964 0.236328125
0 0.2650607638888889 0.767578125 0.2406684027777778 0.205078125
0 0.6491825810185186 0.3994140625 0.19321469907407396 0.1953125
0 0.5315465856481482 0.9013671875 0.2245804398148148 0.197265625
0 0.7269314236111111 0.076171875 0.28051215277777786 0.15234375
0 0.5370298032407408 0.578125 0.22688078703703685 0.203125
0 0.9093822337962962 0.326171875 0.13875868055555562 0.19921875
0 0.2824580439814815 0.9189453125 0.19515335648148147 0.162109375
0 0.15580150462962963 0.1064453125 0.17800925925925926 0.103515625
0 0.8760416666666666 0.6416015625 0.18634259259259256 0.244140625
0 0.8141782407407407 0.89453125 0.1929398148148147 0.091796875
0 0.5799334490740741 0.068359375 0.28544560185185186 0.13671875
0 0.005570023148148149 0.373046875 0.011140046296296297 0.19921875
0 0.2220847800925926 0.7841796875 0.17183159722222224 0.1640625
0 0.7338686342592593 0.2392578125 0.17735821759259274 0.19140625
0 0.39076967592592593 0.0634765625 0.17939814814814814 0.126953125
0 0.2318793402777778 0.322265625 0.13666087962962958 0.130859375
0 0.13130787037037037 0.2890625 0.17077546296296298 0.11328125
0 0.8464916087962964 0.16796875 0.18252314814814818 0.1796875