0 0.37643229166666664 0.27715567129629626 0.343359375 0.27714120370370376
0 0.20305989583333334 0.3612340856481482 0.18789062499999998 0.19205729166666674
0 0.1251953125 0.17083333333333334 0.24283854166666663 0.22838541666666667
0 0.731640625 0.09004629629629629 0.3500000000000001 0.11412037037037037
0 0.805859375 0.5905237268518518 0.3397135416666668 0.2808159722222223
0 0.43072916666666666 0.9011863425925926 0.30703125 0.19762731481481488
0 0.607421875 0.4883029513888889 0.1947916666666667 0.17884837962962963
0 0.9107421875 0.42748842592592595 0.14283854166666665 0.18744212962962958
0 0.7785807291666667 0.21052517361111112 0.1709635416666666 0.17160011574074074
0 0.19752604166666665 0.672171585648148 0.15846354166666665 0.1591869212962962
0 0.6711588541666667 0.3208839699074074 0.22096354166666665 0.2212528935185185
0 0.2899088541666667 0.13195891203703705 0.27317708333333335 0.2165653935185185
0 0.055078125 0.27173032407407405 0.08932291666666665 0.2309606481481481
0 0.13125 0.4951027199074074 0.21588541666666666 0.2909866898148148
0 0.3016276041666667 0.468236400462963 0.29179687499999996 0.23323206018518516
0 0.9380859375 0.7663122106481481 0.12382812499999996 0.2265190972222222
0 0.9563151041666667 0.8862630208333333 0.0873697916666667 0.18974247685185186
0 0.7501953125 0.7914930555555555 0.3484375000000002 0.3241319444444444
0 0.40729166666666666 0.7692274305555555 0.3095052083333333 0.2070457175925926
0 0.39967447916666665 0.6549696180555555 0.228515625 0.2178096064814814
0 0.24003906249999998 0.8283781828703703 0.126171875 0.14171006944444442
0 0.8838541666666666 0.18466435185185184 0.1411458333333333 0.16205150462962964
0 0.969140625 0.6521267361111112 0.061718750000000044 0.17754629629629637
0 0.9673828125 0.4882957175925926 0.06523437499999996 0.18880208333333326
0 0.576171875 0.15086805555555555 0.2098958333333334 0.23032407407407407
0 0.5290364583333333 0.611082175925926 0.16627604166666665 0.18883101851851847
0 0.13151041666666666 0.7324580439814815 0.14596354166666664 0.23431712962962958
0 0.22884114583333331 0.9151692708333333 0.20690104166666667 0.16966145833333335
0 0.8092447916666666 0.33490306712962964 0.1802083333333333 0.16436631944444446
0 0.45384114583333335 0.5044921875 0.20481770833333335 0.18333333333333335