0 0.302734375 0.918359375 0.18359375 0.16328125000000004
0 0.12109375 0.8936631944444444 0.22265625 0.21267361111111116
0 0.2353515625 0.7171440972222223 0.3203125 0.27469618055555545
0 0.8359375 0.08498263888888889 0.30078125 0.1394965277777778
0 0.0947265625 0.12905815972222223 0.189453125 0.22296006944444446
0 0.3974609375 0.20023871527777778 0.275390625 0.2756510416666667
0 0.564453125 0.48324652777777777 0.330078125 0.3471788194444445
0 0.828125 0.5242621527777778 0.2265625 0.30581597222222223
0 0.8828125 0.21590711805555557 0.216796875 0.16302083333333328
0 0.953125 0.47137586805555554 0.09375 0.16028645833333344
0 0.9375 0.6702473958333334 0.125 0.27816840277777777
0 0.9541015625 0.9514973958333333 0.091796875 0.09700520833333348
0 0.9072265625 0.9000434027777777 0.146484375 0.18294270833333348
0 0.74609375 0.8917317708333333 0.23828125 0.21653645833333335
0 0.7080078125 0.7667100694444444 0.30859375 0.24123263888888902
0 0.4111328125 0.6565972222222223 0.197265625 0.2953993055555557
0 0.2373046875 0.3099609375 0.265625 0.2695746527777778
0 0.064453125 0.3529947916666667 0.12890625 0.2528645833333334
0 0.232421875 0.48953993055555556 0.263671875 0.2421875
0 0.0634765625 0.5560980902777778 0.126953125 0.22938368055555558
0 0.5673828125 0.07413194444444444 0.267578125 0.12899305555555554
0 0.671875 0.16922743055555556 0.224609375 0.13975694444444442
0 0.626953125 0.27565104166666665 0.232421875 0.15750868055555556
0 0.9365234375 0.34991319444444446 0.119140625 0.14522569444444444
0 0.7861328125 0.3153211805555556 0.181640625 0.17591145833333333
0 0.48828125 0.8897569444444444 0.21875 0.17868923611111098