0 0.1812065972222222 0.5592086226851852 0.15651041666666665 0.18383969907407405
0 0.09188368055555556 0.7041811342592592 0.13098958333333335 0.22445023148148158
0 0.7715494791666666 0.05930266203703704 0.1519531249999999 0.11860532407407408
0 0.6250217013888888 0.9366753472222222 0.20993923611111098 0.11241319444444442
0 0.6958116319444445 0.24278790509259257 0.2754340277777776 0.2246383101851852
0 0.24733072916666668 0.8816840277777778 0.24353298611111113 0.16561053240740753
0 0.5919053819444444 0.06488715277777778 0.24631076388888884 0.12977430555555555
0 0.2991970486111111 0.15778356481481481 0.20620659722222223 0.2040943287037037
0 0.8842990451388889 0.681589988425926 0.2314019097222222 0.24761284722222232
0 0.9490668402777778 0.38740596064814814 0.10186631944444446 0.20287905092592595
0 0.43083767361111114 0.43726851851851856 0.22964409722222223 0.20444155092592586
0 0.24036458333333333 0.3071903935185185 0.2104166666666667 0.16707175925925932
0 0.965625 0.19178964120370373 0.06875000000000009 0.16711516203703702
0 0.07699652777777778 0.2372974537037037 0.12769097222222223 0.15023148148148147
0 0.20401475694444443 0.9624565972222222 0.19179687499999998 0.055541087962962976
0 0.08626302083333333 0.9075231481481482 0.09769965277777778 0.13417245370370368
0 0.06263020833333334 0.5296947337962963 0.0853298611111111 0.16326678240740744
0 0.780859375 0.4193793402777778 0.18394097222222228 0.18619791666666674
0 0.9055338541666667 0.9323640046296297 0.1889322916666667 0.11241319444444442
0 0.9006076388888888 0.047779224537037035 0.19878472222222232 0.09555844907407407
0 0.39568142361111114 0.9654803240740741 0.1938368055555555 0.057523148148148184
0 0.03982204861111111 0.08292100694444444 0.056206597222222224 0.1658420138888889
0 0.48943142361111114 0.7442201967592592 0.23372395833333326 0.29623842592592586
0 0.9754991319444444 0.8784866898148148 0.04900173611111125 0.12414641203703702
0 0.14407552083333333 0.011357060185185185 0.19049479166666666 0.02271412037037037
0 0.14129774305555554 0.0806785300925926 0.18103298611111107 0.1613570601851852
0 0.6352430555555555 0.6609519675925926 0.13611111111111107 0.1640190972222222
0 0.2742838541666667 0.7405671296296297 0.2445746527777778 0.18904803240740753
0 0.7583333333333333 0.660105613425926 0.11788194444444455 0.19302662037037033
0 0.876953125 0.1629050925925926 0.11631944444444442 0.15787037037037038
0 0.8891927083333333 0.30637297453703705 0.12669270833333335 0.17168692129629626
0 0.43530815972222225 0.2740089699074074 0.08263888888888893 0.10271990740740744
0 0.5142578125 0.2474320023148148 0.10173611111111103 0.09324363425925924
0 0.5135199652777778 0.14288194444444446 0.18433159722222214 0.15107060185185184
0 0.3023220486111111 0.535915798611111 0.12078993055555554 0.12670717592592595
0 0.7682725694444444 0.9277126736111112 0.09140624999999991 0.12432002314814827
0 0.6109157986111111 0.3994212962962963 0.17634548611111112 0.14704861111111112
0 0.432421875 0.8906684027777778 0.10946180555555551 0.09140624999999991