0 0.8537651909722221 0.8379123263888889 0.2924696180555557 0.2817708333333333
0 0.61640625 0.3299479166666667 0.4393663194444444 0.44509548611111116
0 0.31087239583333337 0.504709201388889 0.26345486111111116 0.2596354166666668
0 0.9217447916666667 0.3778211805555556 0.15651041666666665 0.21449652777777772
0 0.09266493055555557 0.4803385416666667 0.16918402777777777 0.23411458333333335
0 0.19164496527777777 0.32246093750000004 0.18420138888888887 0.20711805555555562
0 0.14444444444444443 0.6581597222222222 0.21961805555555558 0.21961805555555558
0 0.6748263888888889 0.10381944444444445 0.2598090277777778 0.1834201388888889
0 0.3068576388888889 0.9783420138888889 0.2510416666666666 0.043315972222222276
0 0.6234809027777778 0.6483072916666667 0.2911024305555556 0.2739149305555555
0 0.5302300347222222 0.8004557291666667 0.3891059027777777 0.3795572916666665
0 0.8026041666666667 0.6708333333333334 0.1738715277777778 0.18151041666666679
0 0.06647135416666666 0.7071831597222222 0.0763888888888889 0.18715277777777772
0 0.23548177083333333 0.8855685763888889 0.29223090277777775 0.22886284722222228
0 0.9841796875 0.8595703125 0.03164062500000009 0.12999131944444464
0 0.13318142361111113 0.9402994791666667 0.07495659722222225 0.11940104166666665
0 0.34001736111111114 0.3228298611111111 0.1899305555555555 0.20138888888888884
0 0.8655381944444445 0.16467013888888887 0.18932291666666679 0.26189236111111114
0 0.19546440972222223 0.7578776041666666 0.19066840277777775 0.14674479166666687
0 0.9277777777777778 0.6747829861111112 0.14444444444444438 0.24956597222222232
0 0.06197916666666667 0.28541666666666665 0.11649305555555556 0.2348958333333333
0 0.1689670138888889 0.7075086805555556 0.25711805555555556 0.23802083333333335
0 0.9834852430555556 0.5822916666666667 0.03302951388888875 0.2275173611111112
0 0.165234375 0.14422743055555554 0.20915798611111114 0.18815104166666663
0 0.8343967013888889 0.08101128472222222 0.17269965277777777 0.12877604166666667
0 0.40238715277777776 0.09874131944444443 0.3008680555555555 0.18628472222222223