0 0.18349247685185183 0.7879991319444444 0.27122395833333335 0.2520399305555556
0 0.33840422453703706 0.893359375 0.33719618055555556 0.2132812500000001
0 0.20618489583333335 0.5405381944444445 0.25985243055555557 0.27521701388888875
0 0.3356987847222222 0.18904079861111112 0.21400462962962963 0.21171874999999996
0 0.2320240162037037 0.30779079861111114 0.2277633101851852 0.21788194444444442
0 0.12569444444444444 0.1814453125 0.24962384259259263 0.24375000000000002
0 0.07002314814814815 0.5092013888888889 0.12789351851851852 0.19809027777777777
0 0.6093894675925926 0.9290581597222223 0.25225694444444446 0.14188368055555545
0 0.5064380787037037 0.3138888888888889 0.36937210648148144 0.28741319444444446
0 0.8438874421296296 0.09392361111111111 0.16043113425925926 0.15390625000000002
0 0.8394097222222222 0.5165364583333334 0.24971064814814814 0.2496093749999999
0 0.5522714120370371 0.11282552083333333 0.3076678240740742 0.20794270833333334
0 0.759765625 0.8076388888888888 0.25947627314814814 0.24982638888888875
0 0.7319372106481481 0.18125000000000002 0.24767071759259274 0.2437065972222222
0 0.9295572916666667 0.3662760416666667 0.14088541666666665 0.20234375000000004
0 0.9163556134259259 0.6764539930555555 0.16728877314814827 0.16979166666666679
0 0.16987847222222224 0.9207682291666667 0.16252893518518519 0.15846354166666665
0 0.037586805555555554 0.29663628472222225 0.0708912037037037 0.3042100694444445
0 0.31135706018518516 0.45696614583333334 0.14477719907407405 0.15160590277777775
0 0.4643084490740741 0.6331597222222223 0.2197482638888888 0.2040364583333334
0 0.6531105324074074 0.5934244791666667 0.2875434027777777 0.2992621527777777
0 0.3183232060185185 0.0705295138888889 0.24590567129629637 0.12456597222222221
0 0.08876591435185185 0.6541015625 0.1431134259259259 0.17109374999999982
0 0.5134548611111112 0.7875217013888889 0.24796006944444438 0.2632378472222223
0 0.9177879050925926 0.7976345486111112 0.16442418981481488 0.2890190972222224