0 0.2814742476851852 0.5053530092592593 0.21859085648148147 0.16984953703703698
0 0.08959780092592592 0.3558666087962963 0.15535300925925927 0.31951678240740744
0 0.5474826388888889 0.8488136574074074 0.31652199074074083 0.2767650462962963
0 0.1558376736111111 0.7634910300925926 0.21197916666666666 0.2884837962962963
0 0.95859375 0.8833912037037037 0.08281249999999996 0.1533564814814814
0 0.9606987847222221 0.5391710069444444 0.07860243055555571 0.17975983796296302
0 0.6312138310185185 0.13125723379629628 0.18929398148148158 0.16876446759259256
0 0.4095703125 0.22265625 0.25400752314814823 0.24131944444444442
0 0.14440827546296298 0.111328125 0.28835358796296295 0.22265625
0 0.43253038194444443 0.05884693287037037 0.25959201388888886 0.11769386574074074
0 0.89453125 0.07523148148148148 0.2109375 0.15046296296296297
0 0.847952835648148 0.7828776041666666 0.12654803240740753 0.1294126157407407
0 0.6189453125 0.32060185185185186 0.21206597222222223 0.2241753472222222
0 0.46013454861111114 0.3822699652777778 0.17664930555555558 0.15270543981481488
0 0.23501157407407408 0.3984375 0.19573206018518519 0.1787471064814815
0 0.6528211805555555 0.03077980324074074 0.20017361111111098 0.06155960648148148
0 0.7658854166666667 0.04819516782407407 0.09023437500000009 0.09639033564814814
0 0.7846281828703704 0.2097439236111111 0.1674479166666667 0.12897858796296302
0 0.8125361689814815 0.3173466435185185 0.18055555555555558 0.1528501157407407
0 0.9631293402777779 0.19212962962962962 0.07374131944444429 0.11234085648148145
0 0.9426359953703703 0.2710503472222222 0.1147280092592593 0.13751446759259256
0 0.946166087962963 0.3979673032407407 0.10766782407407405 0.15321180555555558
0 0.8757161458333333 0.5577256944444444 0.12297453703703698 0.10199652777777768
0 0.5327184606481481 0.5831524884259259 0.31571180555555545 0.2630931712962963
0 0.30873119212962963 0.8331886574074074 0.18252314814814818 0.18605324074074092
0 0.3353732638888889 0.9359447337962963 0.1587094907407407 0.11306423611111116
0 0.10099826388888888 0.9446252893518519 0.08449074074074076 0.1103153935185186
0 0.08580005787037037 0.6055772569444444 0.11118344907407407 0.19900173611111116