0 0.8544921875 0.69921875 0.2080078125 0.181640625
0 0.7490234375 0.8642578125 0.2626953125 0.2158203125
0 0.7744140625 0.482421875 0.19140625 0.2080078125
0 0.5751953125 0.1953125 0.1591796875 0.1572265625
0 0.697265625 0.2802734375 0.173828125 0.1591796875
0 0.7626953125 0.1357421875 0.189453125 0.2021484375
0 0.923828125 0.4248046875 0.15234375 0.1591796875
0 0.5068359375 0.935546875 0.208984375 0.12890625
0 0.451171875 0.341796875 0.2998046875 0.1904296875
0 0.0751953125 0.1845703125 0.138671875 0.181640625
0 0.201171875 0.5888671875 0.1875 0.185546875
0 0.357421875 0.1259765625 0.2421875 0.228515625
0 0.3408203125 0.8330078125 0.197265625 0.1826171875
0 0.0849609375 0.0498046875 0.169921875 0.099609375
0 0.21875 0.26953125 0.1865234375 0.1787109375
0 0.0654296875 0.4765625 0.1298828125 0.1640625
0 0.8583984375 0.0166015625 0.125 0.0263671875
0 0.1669921875 0.748046875 0.12890625 0.1259765625
0 0.931640625 0.869140625 0.13671875 0.234375
0 0.9345703125 0.2216796875 0.130859375 0.2646484375
0 0.6611328125 0.4296875 0.1064453125 0.115234375
0 0.564453125 0.6171875 0.16796875 0.1474609375
0 0.38671875 0.6201171875 0.212890625 0.224609375
0 0.564453125 0.05859375 0.21875 0.1171875
0 0.927734375 0.560546875 0.138671875 0.134765625
0 0.5576171875 0.7646484375 0.181640625 0.19921875
0 0.1298828125 0.880859375 0.23828125 0.23828125