0 0.10380497685185185 0.4135923032407407 0.19945023148148147 0.2821903935185186
0 0.3539134837962963 0.6150101273148149 0.3187355324074075 0.29372106481481475
0 0.7667679398148148 0.7251302083333333 0.2358072916666667 0.2319589120370371
0 0.8531322337962963 0.5548683449074074 0.24597800925925917 0.25944733796296293
0 0.8616174768518519 0.32026186342592594 0.2767650462962963 0.32835648148148144
0 0.44772858796296294 0.15648871527777777 0.2157841435185185 0.1984664351851852
0 0.06077112268518518 0.21203703703703702 0.11864872685185185 0.23217592592592595
0 0.27197627314814815 0.8203703703703704 0.2554253472222222 0.23810763888888875
0 0.4459201388888889 0.8256076388888889 0.28305844907407407 0.25804398148148144
0 0.6230034722222222 0.779029224537037 0.18517071759259274 0.24097222222222214
0 0.9561197916666666 0.7710648148148148 0.08776041666666679 0.2358217592592593
0 0.6986762152777778 0.024782986111111113 0.17860243055555558 0.04956597222222223
0 0.5350043402777778 0.05245225694444444 0.20282118055555554 0.10490451388888888
0 0.35668402777777775 0.0767650462962963 0.16221064814814823 0.14104456018518519
0 0.9544126157407408 0.5435257523148148 0.09117476851851847 0.2416811342592593
0 0.8059606481481482 0.08083043981481482 0.23301504629629632 0.16166087962962963
0 0.6791521990740741 0.21752748842592595 0.2206741898148148 0.26493055555555556
0 0.6038700810185185 0.34464699074074073 0.12521701388888884 0.14830729166666667
0 0.5384837962962963 0.4804108796296296 0.1391203703703705 0.16413483796296302
0 0.637427662037037 0.5658781828703704 0.32689525462962954 0.3172743055555556
0 0.3373480902777778 0.28803530092592594 0.24592013888888886 0.25554108796296293
0 0.22915219907407408 0.43517795138888893 0.18421585648148142 0.17651909722222214
0 0.22778501157407408 0.1450954861111111 0.22397280092592592 0.22397280092592592
0 0.25614872685185186 0.9387948495370371 0.29076967592592595 0.11951678240740726
0 0.5275028935185185 0.9259837962962962 0.2558738425925926 0.13657407407407396
0 0.38760127314814813 0.4494357638888889 0.17829861111111112 0.17252604166666663