0 0.34756944444444443 0.1062644675925926 0.19116030092592595 0.18628472222222223
0 0.4896629050925926 0.2644386574074074 0.23083043981481488 0.19858217592592597
0 0.2606481481481482 0.31474247685185186 0.16916956018518525 0.17620081018518519
0 0.7667462384259259 0.46263744212962965 0.1986689814814815 0.18054108796296298
0 0.3046440972222222 0.7108796296296296 0.3076822916666666 0.2504629629629629
0 0.3658420138888889 0.9298683449074074 0.18761574074074072 0.11792534722222214
0 0.873755787037037 0.8968677662037037 0.2524884259259259 0.18537326388888875
0 0.5472583912037037 0.48934461805555557 0.1899160879629629 0.19992766203703705
0 0.5722945601851852 0.09170283564814814 0.3281828703703704 0.18340567129629629
0 0.6357204861111111 0.34827835648148153 0.1723668981481481 0.1625868055555555
0 0.859252025462963 0.3252314814814815 0.28149594907407405 0.3129050925925926
0 0.9561414930555556 0.12256944444444445 0.08771701388888875 0.19273726851851852
0 0.8455150462962963 0.09693287037037036 0.2807002314814815 0.18175636574074075
0 0.12735098379629628 0.08276186342592592 0.18829571759259256 0.16552372685185185
0 0.10661168981481482 0.2466579861111111 0.17803819444444444 0.27196180555555555
0 0.20450665509259258 0.5325376157407408 0.18334780092592595 0.18616898148148153
0 0.34293258101851853 0.45034722222222223 0.21867766203703698 0.22767650462962963
0 0.1021629050925926 0.48127893518518516 0.16462673611111112 0.20150462962962967
0 0.1126953125 0.6844039351851852 0.16908275462962963 0.2874421296296297
0 0.1172164351851852 0.8846860532407408 0.15057870370370371 0.15640914351851842
0 0.48681278935185185 0.8880063657407407 0.20820312499999993 0.2138599537037038
0 0.6449652777777777 0.8846860532407408 0.2001880787037038 0.20983796296296298
0 0.7048683449074075 0.7205873842592593 0.19978298611111112 0.20202546296296298
0 0.8307219328703703 0.6786530671296296 0.23942418981481461 0.2514033564814815
0 0.9176287615740741 0.5588541666666667 0.16474247685185173 0.19421296296296298
0 0.47094907407407405 0.6009114583333333 0.21119791666666665 0.19633969907407423
0 0.6642433449074074 0.21982783564814815 0.19055266203703702 0.1745659722222222
0 0.2522931134259259 0.024638310185185187 0.30146122685185184 0.04927662037037037