0 0.8452546296296296 0.6004412615740741 0.3094907407407408 0.42006655092592604
0 0.2702907986111111 0.7269965277777778 0.23425925925925928 0.2681568287037037
0 0.4324074074074074 0.10771122685185185 0.2827835648148148 0.19386574074074073
0 0.9114800347222223 0.2056206597222222 0.17703993055555545 0.30345775462962965
0 0.11058304398148149 0.6703559027777778 0.18725405092592592 0.19618055555555558
0 0.36336082175925927 0.3782913773148148 0.49479166666666663 0.36950231481481477
0 0.1635127314814815 0.11921296296296297 0.22546296296296298 0.23466435185185186
0 0.6165292245370371 0.5603298611111112 0.2245949074074074 0.20536747685185186
0 0.5689380787037037 0.9506293402777778 0.1948206018518519 0.09874131944444442
0 0.8149088541666667 0.9165581597222222 0.36303530092592595 0.16688368055555558
0 0.39924768518518516 0.957103587962963 0.15707465277777777 0.08579282407407396
0 0.1509837962962963 0.8815827546296297 0.25625000000000003 0.2201967592592593
0 0.48951099537037035 0.6521990740740741 0.14513888888888893 0.15755208333333326
0 0.4510633680555556 0.8361183449074074 0.2279947916666667 0.2542679398148149
0 0.07918836805555556 0.4009331597222222 0.13519965277777776 0.1513310185185186
0 0.078125 0.5296585648148149 0.1298611111111111 0.16869212962962976
0 0.3345413773148148 0.19578269675925924 0.19615162037037037 0.16724537037037035
0 0.7001736111111111 0.18981481481481483 0.33767361111111116 0.3344184027777778
0 0.6535011574074074 0.7216796875 0.19178240740740726 0.15147569444444442
0 0.8759114583333334 0.8491391782407407 0.24817708333333321 0.20276331018518512
0 0.07964409722222222 0.25169994212962965 0.12825520833333334 0.18033854166666663