0 0.2646484375 0.5 0.1953125 0.150390625
0 0.0791015625 0.349609375 0.1572265625 0.294921875
0 0.490234375 0.8525390625 0.2802734375 0.275390625
0 0.1279296875 0.736328125 0.1796875 0.2626953125
0 0.919921875 0.9111328125 0.1552734375 0.1728515625
0 0.9345703125 0.5673828125 0.125 0.1650390625
0 0.62109375 0.1650390625 0.16796875 0.150390625
0 0.40625 0.240234375 0.22265625 0.21484375
0 0.146484375 0.115234375 0.29296875 0.2099609375
0 0.439453125 0.068359375 0.234375 0.13671875
0 0.884765625 0.1015625 0.205078125 0.1826171875
0 0.77734375 0.7900390625 0.1103515625 0.115234375
0 0.595703125 0.3427734375 0.1845703125 0.2021484375
0 0.4423828125 0.392578125 0.1572265625 0.1357421875
0 0.2294921875 0.396484375 0.173828125 0.158203125
0 0.6513671875 0.048828125 0.1826171875 0.09765625
0 0.7548828125 0.0888671875 0.078125 0.09765625
0 0.7607421875 0.2470703125 0.1494140625 0.1142578125
0 0.7783203125 0.349609375 0.16015625 0.1357421875
0 0.9501953125 0.2431640625 0.0986328125 0.1015625
0 0.9189453125 0.3154296875 0.1259765625 0.12109375
0 0.921875 0.435546875 0.13671875 0.13671875
0 0.8203125 0.5791015625 0.109375 0.08984375
0 0.49609375 0.5859375 0.2802734375 0.232421875
0 0.2666015625 0.810546875 0.158203125 0.1669921875
0 0.2841796875 0.91015625 0.142578125 0.1015625
0 0.052734375 0.9287109375 0.0966796875 0.142578125
0 0.0595703125 0.5859375 0.1181640625 0.1826171875