0 0.4282552083333333 0.2502170138888889 0.2899739583333334 0.2914207175925926
0 0.9427083333333333 0.49095775462962965 0.11458333333333348 0.18718171296296293
0 0.91962890625 0.32683015046296293 0.1607421874999999 0.18900462962962972
0 0.7803385416666666 0.41618923611111114 0.16223958333333321 0.1855324074074074
0 0.5785156250000001 0.5932436342592593 0.4292968749999999 0.3667679398148147
0 0.33391927083333334 0.8048538773148148 0.19231770833333328 0.1987702546296295
0 0.17180989583333334 0.8279586226851852 0.24153645833333337 0.265552662037037
0 0.17102864583333333 0.08619429976851851 0.21067708333333335 0.17238859953703703
0 0.04928385416666667 0.09249855324074074 0.09778645833333333 0.1821903935185185
0 0.7848307291666666 0.11609519675925925 0.3110677083333333 0.2282841435185185
0 0.7434895833333333 0.2750289351851852 0.1839843750000001 0.13216145833333337
0 0.8445963541666666 0.6010054976851852 0.1519531249999999 0.20640914351851847
0 0.5628255208333334 0.8576605902777779 0.21614583333333326 0.20584490740740735
0 0.20104166666666667 0.4579861111111111 0.3611979166666667 0.3379340277777778
0 0.4319661458333333 0.05593171296296296 0.28190104166666663 0.11186342592592592
0 0.8134765625 0.8103660300925926 0.1488281250000001 0.18872974537037024
0 0.6986979166666667 0.8525752314814814 0.12968750000000018 0.19357638888888884
0 0.39381510416666665 0.9389395254629629 0.123046875 0.09396701388888884
0 0.8388671875 0.040111400462962965 0.251953125 0.08022280092592593
0 0.9304361979166667 0.7897569444444444 0.1391276041666667 0.1996093750000001
0 0.9416666666666667 0.8931351273148148 0.1166666666666667 0.11653645833333326
0 0.6079427083333333 0.3437934027777778 0.1649739583333334 0.16815682870370363
0 0.5852213541666667 0.1646629050925926 0.1376302083333334 0.19593460648148148