0 0.2273220486111111 0.15891203703703705 0.30345775462962965 0.2918836805555556
0 0.44856770833333337 0.31179108796296295 0.1260127314814814 0.13640046296296293
0 0.5548321759259259 0.3627387152777778 0.11414930555555558 0.13214699074074066
0 0.45460792824074076 0.5538917824074074 0.19126157407407407 0.2124710648148147
0 0.19585503472222224 0.4418475115740741 0.31105324074074076 0.286255787037037
0 0.3254123263888889 0.7529658564814814 0.26056134259259256 0.23988715277777795
0 0.13736979166666666 0.6800853587962963 0.23321759259259262 0.23907696759259256
0 0.1175853587962963 0.8307002314814815 0.1804832175925926 0.18483796296296306
0 0.6626157407407407 0.9441623263888889 0.22931134259259256 0.11167534722222228
0 0.6238425925925926 0.5140335648148148 0.19683159722222232 0.20483217592592595
0 0.9489655671296297 0.1345413773148148 0.1020688657407407 0.13783275462962963
0 0.9513888888888888 0.2732132523148148 0.09722222222222232 0.15345775462962963
0 0.8416883680555556 0.390747974537037 0.16775173611111116 0.1571469907407408
0 0.7614655671296295 0.7532045717592593 0.07740162037037024 0.08813657407407405
0 0.7084418402777778 0.1117115162037037 0.173828125 0.16317997685185187
0 0.9346788194444444 0.7264178240740741 0.13064236111111116 0.17805266203703707
0 0.8757957175925926 0.9106372974537037 0.2431278935185186 0.1787254050925926
0 0.09183304398148148 0.21440248842592594 0.13071469907407407 0.1580005787037037
0 0.053530092592592594 0.3917824074074074 0.08637152777777778 0.22497106481481477
0 0.21010561342592593 0.03646556712962963 0.28349247685185186 0.06888020833333333
0 0.4076967592592593 0.05109953703703704 0.1513310185185186 0.08252314814814815
0 0.5623191550925926 0.14347511574074073 0.2691695601851851 0.2616030092592593
0 0.7117332175925926 0.2532552083333333 0.13534432870370372 0.1776475694444445
0 0.8587601273148148 0.24590567129629629 0.1640625 0.162890625
0 0.8599175347222222 0.1191261574074074 0.1748408564814814 0.13784722222222223
0 0.7218967013888888 0.6330222800925926 0.20782696759259256 0.185648148148148
0 0.7923900462962963 0.5082971643518519 0.16442418981481488 0.17265624999999996
0 0.9256365740740741 0.5516131365740741 0.14872685185185186 0.2255642361111112
0 0.5967881944444444 0.8107566550925926 0.3310185185185186 0.29855324074074074
0 0.2855179398148148 0.9137152777777777 0.16196469907407407 0.15892650462962976
0 0.455078125 0.927683738425926 0.19516782407407418 0.144632523148148