0 0.21875 0.1767578125 0.162109375 0.154296875
0 0.4794921875 0.201171875 0.306640625 0.2275390625
0 0.0703125 0.70703125 0.1328125 0.1767578125
0 0.234375 0.7138671875 0.1669921875 0.1748046875
0 0.1806640625 0.3349609375 0.1640625 0.1943359375
0 0.4990234375 0.6494140625 0.2919921875 0.2509765625
0 0.6904296875 0.9375 0.171875 0.125
0 0.828125 0.451171875 0.169921875 0.146484375
0 0.94140625 0.9375 0.1171875 0.125
0 0.51171875 0.427734375 0.208984375 0.1416015625
0 0.0849609375 0.919921875 0.134765625 0.150390625
0 0.720703125 0.81640625 0.1611328125 0.1640625
0 0.87109375 0.1650390625 0.2236328125 0.1904296875
0 0.287109375 0.5732421875 0.134765625 0.1552734375
0 0.9658203125 0.5244140625 0.068359375 0.162109375
0 0.123046875 0.564453125 0.0927734375 0.169921875
0 0.83203125 0.947265625 0.14453125 0.10546875
0 0.599609375 0.041015625 0.2421875 0.08203125
0 0.876953125 0.7275390625 0.140625 0.154296875
0 0.9599609375 0.375 0.0791015625 0.1943359375
0 0.9443359375 0.0390625 0.111328125 0.0771484375
0 0.099609375 0.0751953125 0.19921875 0.150390625
0 0.859375 0.3291015625 0.1611328125 0.13671875
0 0.24609375 0.939453125 0.2138671875 0.12109375
0 0.7041015625 0.927734375 0.1474609375 0.107421875
0 0.7060546875 0.517578125 0.1591796875 0.16015625
0 0.05859375 0.390625 0.1171875 0.19140625
0 0.9697265625 0.7578125 0.060546875 0.1865234375
0 0.474609375 0.9638671875 0.150390625 0.072265625
0 0.0478515625 0.533203125 0.095703125 0.1171875
0 0.33203125 0.353515625 0.1328125 0.1220703125
0 0.6767578125 0.2001953125 0.107421875 0.1455078125
0 0.728515625 0.30859375 0.1162109375 0.11328125
0 0.283203125 0.068359375 0.1357421875 0.1357421875
0 0.052734375 0.2333984375 0.10546875 0.16796875
0 0.7705078125 0.060546875 0.1435546875 0.12109375
0 0.25390625 0.431640625 0.1298828125 0.1142578125
0 0.2021484375 0.8134765625 0.13671875 0.1279296875
0 0.3642578125 0.8349609375 0.1416015625 0.205078125
0 0.4951171875 0.8369140625 0.09765625 0.140625
0 0.5986328125 0.875 0.1259765625 0.1650390625
0 0.859375 0.5908203125 0.17578125 0.1728515625