0 0.7975405092592592 0.7340494791666666 0.21655092592592595 0.18666087962962963
0 0.33489583333333334 0.38318142361111107 0.29771412037037037 0.24641203703703707
0 0.7726851851851853 0.365234375 0.1860387731481481 0.16278935185185184
0 0.568185763888889 0.18140190972222223 0.21611689814814827 0.21592881944444448
0 0.500390625 0.7726490162037036 0.22335069444444455 0.16724537037037024
0 0.12307581018518518 0.5667100694444445 0.20870949074074074 0.2236255787037036
0 0.181640625 0.1326027199074074 0.36328125 0.2650896990740741
0 0.5248191550925926 0.6596426504629629 0.10787037037037028 0.0855179398148147
0 0.9330439814814815 0.3637008101851852 0.10373263888888884 0.1186342592592593
0 0.03480902777777778 0.5436487268518518 0.06961805555555556 0.23182870370370368
0 0.5028862847222222 0.4794921875 0.1265624999999999 0.10726273148148158
0 0.16743344907407406 0.7667390046296296 0.21129918981481483 0.198292824074074
0 0.7971643518518519 0.9095486111111111 0.2788483796296295 0.18090277777777786
0 0.39484230324074077 0.6029875578703704 0.21789641203703702 0.17497106481481484
0 0.5450231481481481 0.9244864004629629 0.2250000000000001 0.15102719907407414
0 0.06087962962962963 0.9250578703703703 0.12175925925925926 0.1430844907407407
0 0.8455946180555556 0.9874204282407407 0.1816116898148148 0.025159143518518556
0 0.9156249999999999 0.5677010995370371 0.12155671296296289 0.19891493055555554
0 0.5793330439814814 0.437622974537037 0.1851273148148147 0.14521122685185195
0 0.6648654513888889 0.05089699074074074 0.3187065972222223 0.08668981481481482
0 0.7901258680555555 0.5189308449074075 0.1913628472222222 0.19019097222222214
0 0.7584129050925925 0.18812934027777778 0.1538773148148147 0.14474826388888884
0 0.017379195601851853 0.2972366898148148 0.034758391203703706 0.16469907407407403
0 0.15444155092592593 0.3199146412037037 0.17465277777777777 0.1313946759259259
0 0.03603877314814814 0.7752097800925926 0.07207754629629629 0.18713831018518512
0 0.28344184027777775 0.902293113425926 0.1567129629629629 0.195413773148148
0 0.9165002893518519 0.1738570601851852 0.16193576388888875 0.22488425925925926
0 0.6143880208333333 0.5720341435185186 0.17987557870370363 0.15684317129629632