0 0.580128761574074 0.3287471064814815 0.2983940972222223 0.23655960648148144
0 0.6183810763888888 0.144921875 0.3930121527777777 0.28984375
0 0.8549479166666667 0.09242259837962963 0.20199652777777777 0.18484519675925926
0 0.8122468171296295 0.306517650462963 0.24787326388888875 0.25376157407407407
0 0.3247829861111111 0.1675347222222222 0.2733217592592593 0.2578559027777778
0 0.13810040509259258 0.2900245949074074 0.22589699074074077 0.22039930555555554
0 0.16411313657407406 0.46367910879629626 0.2768229166666667 0.23054108796296302
0 0.5526475694444444 0.5174479166666667 0.2573495370370371 0.23430266203703698
0 0.8694372106481482 0.606908275462963 0.2241464120370371 0.23405671296296293
0 0.4429615162037037 0.8268880208333333 0.20814525462962963 0.20855034722222232
0 0.2737919560185185 0.8789279513888888 0.16916956018518514 0.21412037037037024
0 0.10579427083333333 0.7463686342592593 0.14699074074074073 0.16708622685185182
0 0.15658998842592592 0.6151186342592593 0.21765046296296298 0.19104456018518512
0 0.6842520254629629 0.6326967592592592 0.21006944444444442 0.2066116898148147
0 0.3716579861111111 0.5627387152777777 0.24603587962962958 0.2615596064814816
0 0.039055266203703705 0.19699797453703705 0.07458043981481481 0.1567853009259259
0 0.3392939814814815 0.3559244791666667 0.17404513888888884 0.14775752314814805
0 0.4320601851851852 0.28882378472222225 0.14874131944444446 0.15342881944444442
0 0.9164930555555555 0.4209924768518518 0.14673032407407405 0.14950810185185182
0 0.5501880787037037 0.7469835069444445 0.14877025462962967 0.15538194444444442
0 0.860648148148148 0.8706741898148148 0.24680266203703694 0.18149594907407418
0 0.9679832175925926 0.7799768518518518 0.0640335648148147 0.1997685185185185
0 0.6240813078703704 0.9222366898148149 0.20334201388888884 0.1479745370370371
0 0.3706524884259259 0.9563440393518519 0.19457465277777786 0.0834635416666667
0 0.20992476851851855 0.9848813657407407 0.15274884259259258 0.028472222222222232
0 0.1570529513888889 0.9100694444444445 0.1920862268518519 0.1791377314814815