0 0.48465711805555556 0.2255859375 0.35370370370370363 0.2890625
0 0.12571614583333332 0.1669921875 0.23291377314814815 0.330078125
0 0.1230541087962963 0.6640625 0.2461082175925926 0.27734375
0 0.712210648148148 0.35546875 0.3185185185185184 0.28515625
0 0.7248119212962962 0.8955078125 0.30818865740740753 0.208984375
0 0.9007306134259259 0.876953125 0.15221354166666679 0.24609375
0 0.3852068865740741 0.072265625 0.2725549768518518 0.14453125
0 0.9527922453703703 0.4404296875 0.0893229166666667 0.193359375
0 0.07798032407407407 0.9033203125 0.15596064814814814 0.146484375
0 0.7918330439814815 0.6806640625 0.3691116898148148 0.259765625
0 0.5571976273148148 0.4521484375 0.18467881944444442 0.146484375
0 0.1814308449074074 0.423828125 0.29270833333333335 0.228515625
0 0.31581307870370373 0.607421875 0.21453993055555554 0.22265625
0 0.6759331597222222 0.111328125 0.17339409722222232 0.205078125
0 0.9256872106481482 0.2763671875 0.14584780092592586 0.177734375
0 0.521607349537037 0.642578125 0.2655671296296296 0.255859375
0 0.8722077546296296 0.11328125 0.2553530092592593 0.1953125
0 0.5032624421296297 0.8779296875 0.21274594907407396 0.244140625
0 0.29274450231481486 0.8212890625 0.2809172453703703 0.21875
0 0.271361400462963 0.939453125 0.23517071759259256 0.107421875