0 0.8544921875 0.73046875 0.224609375 0.2451171875
0 0.10546875 0.1455078125 0.2109375 0.279296875
0 0.5009765625 0.2548828125 0.21484375 0.2099609375
0 0.048828125 0.4833984375 0.09765625 0.19140625
0 0.638671875 0.4169921875 0.255859375 0.2109375
0 0.5830078125 0.7275390625 0.2060546875 0.177734375
0 0.2919921875 0.3505859375 0.2294921875 0.203125
0 0.873046875 0.451171875 0.2392578125 0.3076171875
0 0.7978515625 0.2353515625 0.162109375 0.158203125
0 0.6455078125 0.5771484375 0.21875 0.2041015625
0 0.9228515625 0.154296875 0.12890625 0.1826171875
0 0.4453125 0.9375 0.2451171875 0.125
0 0.12890625 0.9228515625 0.2578125 0.154296875
0 0.939453125 0.03515625 0.12109375 0.068359375
0 0.359375 0.0419921875 0.24609375 0.083984375
0 0.6103515625 0.1240234375 0.2890625 0.2197265625
0 0.837890625 0.0419921875 0.14453125 0.083984375
0 0.91015625 0.896484375 0.1611328125 0.1787109375
0 0.2001953125 0.7109375 0.15234375 0.1328125
0 0.2587890625 0.55859375 0.146484375 0.173828125
0 0.37109375 0.5888671875 0.130859375 0.1474609375
0 0.3818359375 0.7392578125 0.20703125 0.1533203125
0 0.65625 0.92578125 0.12109375 0.1474609375
0 0.8017578125 0.931640625 0.142578125 0.13671875
0 0.306640625 0.1259765625 0.21875 0.1826171875