0 0.6111979166666666 0.35010850694444445 0.12960069444444455 0.12666377314814814
0 0.8641276041666667 0.673119212962963 0.23710937499999996 0.22471064814814823
0 0.3120876736111111 0.2130859375 0.1709635416666666 0.14471932870370374
0 0.8864800347222223 0.10729166666666666 0.20143229166666665 0.11141493055555554
0 0.6028211805555556 0.1990234375 0.15659722222222228 0.20043402777777775
0 0.7604383680555555 0.3667751736111111 0.11358506944444446 0.10815972222222214
0 0.9283637152777777 0.3786820023148148 0.1319010416666666 0.14240451388888886
0 0.5842230902777777 0.06786747685185185 0.1831163194444445 0.0771701388888889
0 0.1908637152777778 0.12376302083333333 0.14392361111111107 0.15677083333333333
0 0.05236545138888889 0.3011501736111111 0.10473090277777777 0.1841001157407407
0 0.1484375 0.2728153935185185 0.158203125 0.18492476851851847
0 0.33328993055555556 0.5790798611111111 0.1298611111111111 0.13838252314814814
0 0.15690104166666666 0.8160228587962963 0.11202256944444444 0.12562210648148153
0 0.053211805555555554 0.8259114583333333 0.10642361111111111 0.1557291666666667
0 0.04463975694444444 0.7091218171296296 0.08927951388888888 0.13699363425925926
0 0.37645399305555555 0.8368561921296296 0.13589409722222223 0.14654224537037042
0 0.6576822916666667 0.8104962384259259 0.201171875 0.1874710648148148
0 0.8763020833333333 0.9318721064814814 0.19939236111111125 0.1362557870370371
0 0.9344835069444445 0.2353009259259259 0.12608506944444442 0.14401041666666664
0 0.8747612847222223 0.2826099537037037 0.1635416666666667 0.16183449074074074
0 0.7201388888888889 0.24411168981481482 0.15681423611111112 0.2101996527777778
0 0.7302083333333333 0.0990089699074074 0.1429687500000001 0.11380208333333336
0 0.9747612847222222 0.094921875 0.05013020833333326 0.06148726851851852
0 0.19381510416666667 0.0349537037037037 0.10846354166666666 0.05324074074074074
0 0.06640625 0.09877748842592592 0.1328125 0.1970920138888889
0 0.13430989583333333 0.42452256944444444 0.11223958333333334 0.13538773148148153
0 0.04381510416666667 0.44424189814814813 0.08763020833333333 0.16192129629629626
0 0.03415798611111111 0.5970992476851852 0.06831597222222222 0.13560474537037037
0 0.1625434027777778 0.6061197916666667 0.19861111111111107 0.16001157407407396
0 0.23576388888888888 0.7434461805555556 0.20716145833333333 0.19367766203703707
0 0.4429036458333333 0.7068287037037038 0.17951388888888897 0.17838541666666652
0 0.5153211805555555 0.8362847222222223 0.11019965277777777 0.13136574074074092
0 0.5189670138888889 0.9622468171296297 0.13706597222222228 0.07550636574074066
0 0.6575086805555556 0.971752025462963 0.16805555555555562 0.05649594907407396
0 0.9727864583333333 0.7998336226851852 0.021527777777777812 0.1787760416666666
0 0.9664496527777777 0.6009548611111111 0.04765625000000018 0.21348379629629632
0 0.9813151041666667 0.32803819444444443 0.028776041666666696 0.1538483796296296
0 0.85546875 0.4467230902777778 0.12039930555555545 0.15147569444444442
0 0.6871744791666667 0.40741464120370374 0.09978298611111125 0.10149016203703698
0 0.5996310763888889 0.43058449074074073 0.1294270833333333 0.11885127314814814
0 0.5108289930555556 0.3783854166666667 0.08381076388888875 0.0849392361111112
0 0.30536024305555554 0.42781394675925927 0.20976562499999996 0.2230902777777778
0 0.43964843750000004 0.5452907986111111 0.18385416666666665 0.19814814814814818
0 0.6717230902777778 0.6186921296296296 0.15052083333333321 0.19032118055555558
0 0.7628472222222222 0.5223958333333334 0.2515190972222223 0.17094907407407423
0 0.16480034722222223 0.937427662037037 0.24691840277777782 0.12514467592592604
0 0.023068576388888887 0.9541160300925926 0.04613715277777777 0.08401331018518521