0 0.2519892939814815 0.5352068865740741 0.2314091435185186 0.19024884259259256
0 0.0740017361111111 0.3914134837962963 0.13122106481481483 0.3297019675925926
0 0.5462601273148149 0.8586950231481482 0.3409288194444444 0.2826099537037037
0 0.15342881944444445 0.7976200810185186 0.22395833333333331 0.3051359953703705
0 0.9567418981481481 0.8921802662037037 0.08651620370370372 0.1811487268518519
0 0.943287037037037 0.5404152199074075 0.11342592592592604 0.19327256944444438
0 0.5701678240740741 0.14468315972222223 0.20196759259259256 0.18547453703703703
0 0.3573133680555556 0.24470486111111112 0.27119502314814814 0.2636140046296296
0 0.11773003472222222 0.1498119212962963 0.2330005787037037 0.23321759259259262
0 0.3658130787037037 0.07912326388888889 0.26678240740740744 0.1444733796296296
0 0.8394097222222222 0.09218026620370369 0.24131944444444442 0.1417679398148148
0 0.839916087962963 0.7906467013888889 0.13585069444444464 0.1386429398148148
0 0.5743272569444444 0.33600260416666666 0.2294560185185186 0.24286747685185184
0 0.42075376157407407 0.403638599537037 0.18967013888888884 0.16950231481481481
0 0.19730179398148148 0.42823350694444445 0.21014178240740738 0.19547164351851853
0 0.5861545138888888 0.049558738425925924 0.20355902777777768 0.07041377314814815
0 0.6978804976851851 0.06359953703703704 0.09888599537037024 0.08877314814814816
0 0.7309027777777778 0.21773003472222224 0.17903645833333326 0.14577546296296295
0 0.7660951967592593 0.3251012731481482 0.19162326388888884 0.16956018518518512
0 0.9222005208333333 0.19413339120370368 0.10988136574074092 0.12226562499999999
0 0.9085648148148149 0.27371961805555556 0.15379050925925908 0.1489293981481481
0 0.9228696469907407 0.3991825810185185 0.1542607060185186 0.16685474537037037
0 0.8490668402777778 0.5636284722222222 0.13093171296296302 0.11118344907407396
0 0.5090784143518519 0.6023292824074074 0.33666087962962954 0.292867476851852
0 0.3070746527777778 0.8636284722222223 0.1967592592592593 0.20287905092592595
0 0.34172453703703703 0.9505931712962963 0.16796875 0.09881365740740744
0 0.11957465277777778 0.9616608796296297 0.07320601851851852 0.0766782407407407
0 0.07447193287037038 0.6411530671296297 0.10510706018518517 0.2040653935185186