0 0.26015625 0.3872829861111111 0.26627604166666674 0.25895543981481484
0 0.8860026041666667 0.5272280092592593 0.16002604166666679 0.15344328703703702
0 0.7817708333333333 0.7483723958333334 0.3520833333333333 0.3496383101851852
0 0.22890625 0.826851851851852 0.23085937500000003 0.2529658564814814
0 0.3434244791666667 0.9183087384259259 0.19908854166666667 0.12657696759259274
0 0.21790364583333333 0.5979456018518519 0.31471354166666665 0.2851707175925926
0 0.16022135416666666 0.1062572337962963 0.26041666666666663 0.1710648148148148
0 0.5245442708333333 0.14205729166666667 0.29427083333333326 0.2703414351851852
0 0.8216145833333333 0.1546260127314815 0.22929687500000018 0.309252025462963
0 0.36113281249999996 0.09824218750000001 0.2079427083333334 0.17184606481481482
0 0.6013020833333333 0.4205656828703703 0.2313802083333334 0.23159722222222223
0 0.7472005208333333 0.03713831018518519 0.19309895833333335 0.07427662037037037
0 0.08020833333333334 0.23428096064814816 0.16041666666666668 0.2619068287037037
0 0.07552083333333333 0.6020978009259259 0.15104166666666666 0.3661168981481482
0 0.08798828125 0.8521339699074074 0.1759765625 0.21354166666666674
0 0.10989583333333333 0.9778645833333333 0.15781249999999997 0.03269675925925908
0 0.5655598958333333 0.8983362268518519 0.20585937499999996 0.1405960648148148
0 0.5018229166666667 0.7017361111111111 0.37382812499999996 0.35481770833333326
0 0.6608723958333333 0.5775318287037037 0.12070312499999991 0.14722222222222214
0 0.920703125 0.1672164351851852 0.08020833333333321 0.18178530092592593
0 0.8240885416666667 0.3762369791666667 0.30338541666666674 0.29033564814814816
0 0.4452473958333333 0.3539424189814815 0.21653645833333335 0.24239004629629624
0 0.5992838541666667 0.29034288194444446 0.20638020833333348 0.17758969907407407
0 0.08111979166666666 0.3988570601851852 0.16223958333333333 0.17884837962962963