0 0.37890625 0.49609375 0.2060546875 0.1796875
0 0.421875 0.76953125 0.158203125 0.1650390625
0 0.1826171875 0.15625 0.1396484375 0.1689453125
0 0.3388671875 0.857421875 0.1181640625 0.1298828125
0 0.6796875 0.23828125 0.1650390625 0.1650390625
0 0.27734375 0.6875 0.177734375 0.173828125
0 0.890625 0.185546875 0.20703125 0.185546875
0 0.681640625 0.6240234375 0.1357421875 0.1279296875
0 0.8037109375 0.337890625 0.1904296875 0.185546875
0 0.7841796875 0.0517578125 0.177734375 0.1015625
0 0.2998046875 0.0302734375 0.181640625 0.060546875
0 0.09765625 0.537109375 0.1787109375 0.1923828125
0 0.0751953125 0.7255859375 0.1435546875 0.1923828125
0 0.55078125 0.3095703125 0.15625 0.1748046875
0 0.9150390625 0.958984375 0.1630859375 0.08203125
0 0.6015625 0.458984375 0.19140625 0.1689453125
0 0.7353515625 0.94921875 0.26953125 0.1015625
0 0.4287109375 0.919921875 0.13671875 0.1455078125
0 0.23828125 0.716796875 0.193359375 0.1748046875
0 0.876953125 0.6376953125 0.228515625 0.2021484375
0 0.23046875 0.85546875 0.1376953125 0.134765625
0 0.232421875 0.95703125 0.21875 0.0859375
0 0.9306640625 0.02734375 0.123046875 0.0546875
0 0.5 0.068359375 0.16796875 0.13671875
0 0.8486328125 0.837890625 0.236328125 0.162109375
0 0.3232421875 0.2802734375 0.2490234375 0.28515625
0 0.150390625 0.392578125 0.109375 0.1103515625
0 0.5634765625 0.75 0.14453125 0.220703125
0 0.69140625 0.7412109375 0.1171875 0.1181640625
0 0.8984375 0.4775390625 0.1640625 0.150390625
0 0.08203125 0.0849609375 0.1064453125 0.0888671875
0 0.078125 0.2548828125 0.15625 0.224609375