0 0.1599681712962963 0.19140625 0.24843749999999998 0.2109375
0 0.24265046296296294 0.4111328125 0.19322916666666667 0.193359375
0 0.40111400462962965 0.5517578125 0.1894386574074074 0.197265625
0 0.5150752314814815 0.7724609375 0.25607638888888884 0.205078125
0 0.9108687789351853 0.6953125 0.1782624421296295 0.173828125
0 0.2515697337962963 0.0859375 0.17586805555555562 0.134765625
0 0.1831669560185185 0.94140625 0.2241753472222222 0.1171875
0 0.34393807870370374 0.2041015625 0.17541956018518512 0.185546875
0 0.9627893518518518 0.7724609375 0.07442129629629646 0.240234375
0 0.9622323495370371 0.3828125 0.07553530092592586 0.1953125
0 0.5198857060185185 0.4404296875 0.20471643518518512 0.185546875
0 0.7779875578703703 0.0546875 0.21613136574074066 0.109375
0 0.9699074074074074 0.91015625 0.06018518518518512 0.08203125
0 0.06852575231481481 0.3681640625 0.12061631944444445 0.181640625
0 0.7902994791666667 0.140625 0.1484664351851852 0.1328125
0 0.3709852430555556 0.9521484375 0.17275752314814818 0.095703125
0 0.536378761574074 0.6015625 0.17892071759259265 0.171875
0 0.08072916666666666 0.87890625 0.050419560185185175 0.185546875
0 0.6658130787037038 0.388671875 0.18673321759259265 0.171875
0 0.3064525462962963 0.8505859375 0.1308304398148148 0.130859375
0 0.18138744212962962 0.5517578125 0.11307870370370371 0.125
0 0.6744791666666667 0.2197265625 0.18340567129629637 0.19140625
0 0.7537037037037037 0.5205078125 0.1913917824074074 0.197265625
0 0.8900245949074075 0.2763671875 0.14021990740740753 0.25
0 0.5437355324074074 0.091796875 0.15018807870370354 0.125
0 0.4465277777777778 0.3046875 0.1703703703703704 0.212890625
0 0.21525607638888888 0.7060546875 0.2270109953703704 0.212890625
0 0.08229890046296297 0.5693359375 0.13890335648148147 0.271484375
0 0.5104817708333333 0.9140625 0.24923321759259265 0.171875
0 0.7400752314814815 0.8515625 0.18472222222222223 0.169921875
0 0.39460358796296297 0.068359375 0.1307725694444445 0.12890625