0 0.49609375 0.330078125 0.208984375 0.20703125
0 0.9189453125 0.20703125 0.140625 0.1865234375
0 0.8515625 0.7822265625 0.1982421875 0.1943359375
0 0.294921875 0.6484375 0.2744140625 0.169921875
0 0.357421875 0.8203125 0.189453125 0.193359375
0 0.1005859375 0.9482421875 0.189453125 0.1015625
0 0.8125 0.298828125 0.181640625 0.1669921875
0 0.6103515625 0.4892578125 0.265625 0.189453125
0 0.6669921875 0.083984375 0.1552734375 0.16796875
0 0.8544921875 0.0478515625 0.2705078125 0.0947265625
0 0.451171875 0.9599609375 0.16796875 0.080078125
0 0.076171875 0.5517578125 0.14453125 0.1806640625
0 0.91015625 0.9208984375 0.1748046875 0.1572265625
0 0.0791015625 0.134765625 0.15625 0.1650390625
0 0.896484375 0.5771484375 0.1826171875 0.203125
0 0.166015625 0.765625 0.216796875 0.16796875
0 0.4794921875 0.0634765625 0.169921875 0.126953125
0 0.2529296875 0.9267578125 0.1689453125 0.138671875
0 0.89453125 0.4970703125 0.2109375 0.3134765625
0 0.0322265625 0.7314453125 0.0615234375 0.1787109375
0 0.6640625 0.6650390625 0.2294921875 0.1572265625
0 0.28515625 0.4228515625 0.244140625 0.2119140625
0 0.681640625 0.9462890625 0.1982421875 0.107421875
0 0.091796875 0.029296875 0.18359375 0.0576171875
0 0.60546875 0.818359375 0.2802734375 0.181640625