0 0.5966796875 0.2509765625 0.1923828125 0.2021484375
0 0.8427734375 0.2783203125 0.1796875 0.1923828125
0 0.5810546875 0.068359375 0.169921875 0.13671875
0 0.11328125 0.056640625 0.212890625 0.1123046875
0 0.0849609375 0.306640625 0.169921875 0.232421875
0 0.0458984375 0.5078125 0.091796875 0.171875
0 0.099609375 0.68359375 0.19921875 0.1875
0 0.912109375 0.54296875 0.169921875 0.23046875
0 0.73828125 0.5361328125 0.22265625 0.1826171875
0 0.302734375 0.3779296875 0.28515625 0.2451171875
0 0.951171875 0.7578125 0.0927734375 0.1845703125
0 0.7021484375 0.8603515625 0.134765625 0.1103515625
0 0.28515625 0.6796875 0.1298828125 0.115234375
0 0.2529296875 0.111328125 0.185546875 0.22265625
0 0.4326171875 0.1005859375 0.1728515625 0.1767578125
0 0.4462890625 0.27734375 0.1455078125 0.14453125
0 0.857421875 0.0966796875 0.2451171875 0.1923828125
0 0.953125 0.31640625 0.09375 0.2490234375
0 0.4658203125 0.5205078125 0.1904296875 0.1474609375
0 0.3994140625 0.7236328125 0.16796875 0.1875
0 0.0859375 0.9111328125 0.1708984375 0.177734375
0 0.4453125 0.9150390625 0.2294921875 0.169921875
0 0.9326171875 0.9345703125 0.1337890625 0.1298828125
0 0.8466796875 0.7724609375 0.1806640625 0.166015625
0 0.646484375 0.9287109375 0.20703125 0.142578125
0 0.251953125 0.9130859375 0.1953125 0.173828125