0 0.3515625 0.62109375 0.2470703125 0.2373046875
0 0.638671875 0.83203125 0.22265625 0.26953125
0 0.3759765625 0.80859375 0.1875 0.142578125
0 0.287109375 0.8984375 0.16015625 0.1376953125
0 0.94921875 0.431640625 0.09765625 0.3076171875
0 0.8125 0.6591796875 0.1552734375 0.162109375
0 0.8486328125 0.8359375 0.2177734375 0.2275390625
0 0.9404296875 0.701171875 0.115234375 0.212890625
0 0.146484375 0.2509765625 0.232421875 0.197265625
0 0.837890625 0.1337890625 0.2197265625 0.2177734375
0 0.3837890625 0.30078125 0.236328125 0.1865234375
0 0.3994140625 0.0791015625 0.236328125 0.1572265625
0 0.5654296875 0.111328125 0.19921875 0.22265625
0 0.1611328125 0.068359375 0.138671875 0.1357421875
0 0.2626953125 0.1201171875 0.123046875 0.1357421875
0 0.6552734375 0.4140625 0.3525390625 0.3037109375
0 0.634765625 0.61328125 0.1376953125 0.158203125
0 0.10546875 0.6669921875 0.16015625 0.2548828125
0 0.0869140625 0.900390625 0.173828125 0.19921875
0 0.46484375 0.91796875 0.2109375 0.1640625
0 0.529296875 0.7431640625 0.166015625 0.1982421875
0 0.1962890625 0.4072265625 0.23828125 0.154296875
0 0.14453125 0.5224609375 0.13671875 0.080078125
0 0.0478515625 0.4443359375 0.095703125 0.193359375
0 0.7255859375 0.0439453125 0.1435546875 0.087890625
0 0.7509765625 0.9609375 0.2109375 0.078125