0 0.7218967013888888 0.9271701388888889 0.2456163194444443 0.14565972222222223
0 0.5907118055555556 0.3302083333333333 0.26245659722222214 0.30445601851851856
0 0.6896484375 0.7592013888888889 0.30399305555555545 0.2412760416666666
0 0.08758680555555555 0.19205729166666666 0.1751736111111111 0.3294270833333333
0 0.9003255208333334 0.5572989004629629 0.18337673611111116 0.3470052083333335
0 0.8737847222222223 0.8721498842592592 0.18641493055555558 0.2202256944444443
0 0.2700520833333333 0.424291087962963 0.14197048611111107 0.15254629629629624
0 0.6886067708333333 0.14646267361111112 0.19149305555555562 0.1852430555555556
0 0.9345920138888888 0.24658564814814815 0.10086805555555545 0.23525752314814818
0 0.10103081597222222 0.45728443287037035 0.20206163194444443 0.20334201388888884
0 0.26167534722222224 0.6253472222222223 0.2749565972222222 0.25212673611111125
0 0.38741319444444444 0.24405381944444443 0.2256510416666666 0.22919560185185184
0 0.9563585069444445 0.894140625 0.053081597222222276 0.1928530092592593
0 0.1851128472222222 0.06900318287037037 0.138671875 0.09194155092592593
0 0.29594184027777776 0.09476273148148147 0.1929253472222222 0.16186342592592592
0 0.9047309027777778 0.8867476851851852 0.15711805555555558 0.21935763888888893
0 0.06201171875 0.8099320023148148 0.1240234375 0.21263020833333335
0 0.8126519097222222 0.237109375 0.16362847222222232 0.16099537037037037
0 0.8498046875 0.41215277777777776 0.20776909722222214 0.21500289351851853
0 0.028450520833333333 0.6211299189814814 0.056901041666666666 0.2110098379629628
0 0.8853081597222222 0.08974971064814814 0.16688368055555558 0.13181423611111112
0 0.45403645833333334 0.0603587962962963 0.20911458333333333 0.09988425925925926
0 0.4575737847222222 0.8246383101851852 0.21354166666666674 0.21127025462962967
0 0.3841796875 0.9537905092592592 0.19561631944444446 0.09241898148148153
0 0.8996527777777779 0.9831741898148147 0.15885416666666652 0.033651620370370505
0 0.5490234375 0.9652994791666667 0.15811631944444438 0.06940104166666661
0 0.5095269097222223 0.46558883101851856 0.13224826388888888 0.15421006944444438
0 0.39403211805555555 0.5178674768518519 0.17743055555555554 0.16725983796296284
0 0.1845920138888889 0.8400028935185184 0.20481770833333335 0.170023148148148
0 0.7139973958333333 0.5429832175925926 0.2436631944444445 0.24924768518518525