0 0.6822410300925926 0.32107204861111116 0.40740740740740744 0.37860243055555554
0 0.5047887731481482 0.6930772569444444 0.41232638888888884 0.39830729166666656
0 0.7650318287037037 0.8606336805555556 0.2689525462962963 0.22630208333333335
0 0.19581886574074076 0.7939236111111111 0.25269097222222225 0.2509114583333334
0 0.19196325231481484 0.9272135416666667 0.2302806712962963 0.11935763888888884
0 0.12723524305555556 0.35846354166666666 0.223828125 0.22039930555555554
0 0.2576388888888889 0.21171875 0.15105613425925923 0.20742187499999998
0 0.41338975694444446 0.25177951388888886 0.2427228009259259 0.2465711805555555
0 0.9225188078703703 0.08797743055555556 0.15496238425925934 0.13984375000000002
0 0.5325376157407408 0.05368923611111111 0.27210648148148153 0.10737847222222222
0 0.9396629050925926 0.45477430555555554 0.1206741898148147 0.2289062500000001
0 0.35480324074074077 0.44329427083333334 0.29903067129629624 0.2802517361111111
0 0.292455150462963 0.06061197916666666 0.151316550925926 0.12122395833333333
0 0.13470775462962964 0.07365451388888888 0.21863425925925928 0.14730902777777777
0 0.7841579861111112 0.07422960069444444 0.20607638888888902 0.14845920138888888
0 0.7834273726851853 0.66796875 0.18664641203703702 0.17977430555555562
0 0.9070384837962964 0.6880859374999999 0.18592303240740726 0.2359374999999999
0 0.9479600694444444 0.8870225694444445 0.10407986111111112 0.15026041666666679
0 0.47639612268518516 0.9194661458333333 0.1938802083333333 0.1313802083333333
0 0.15173611111111113 0.6422092013888889 0.16909722222222223 0.14197048611111107
0 0.12834201388888888 0.19103732638888887 0.2219039351851852 0.18328993055555554
0 0.9333695023148147 0.21653645833333332 0.1332609953703705 0.16258680555555555