0 0.33624131944444446 0.3033709490740741 0.2060329861111111 0.1987268518518518
0 0.49157986111111107 0.32503616898148147 0.17052951388888893 0.19065393518518525
0 0.8696614583333333 0.25847800925925923 0.18381076388888884 0.22589699074074077
0 0.2523220486111111 0.4991030092592592 0.316796875 0.23078703703703707
0 0.7380425347222221 0.824095775462963 0.3335937499999999 0.3012008101851853
0 0.21673177083333334 0.7284071180555556 0.20060763888888888 0.2084490740740741
0 0.9773871527777778 0.12055844907407408 0.04123263888888884 0.13697916666666668
0 0.2632378472222222 0.8909143518518519 0.19344618055555562 0.17910879629629628
0 0.014366319444444445 0.8576533564814814 0.02873263888888889 0.1957754629629629
0 0.4941189236111111 0.6415653935185185 0.22795138888888888 0.20865162037037033
0 0.1261935763888889 0.25980902777777776 0.2513888888888889 0.12096354166666667
0 0.08062065972222222 0.12661313657407408 0.16124131944444445 0.21401909722222223
0 0.39835069444444443 0.04886429398148148 0.26189236111111114 0.09370659722222222
0 0.06408420138888889 0.4624421296296296 0.12816840277777777 0.2764467592592592
0 0.08193359375 0.727293113425926 0.1638671875 0.2591724537037037
0 0.6699869791666666 0.3331958912037037 0.17534722222222232 0.16725983796296295
0 0.9592013888888888 0.3538990162037037 0.06336805555555536 0.2835792824074075
0 0.49982638888888886 0.4911675347222222 0.2059895833333334 0.1538194444444445
0 0.7234809027777778 0.5143156828703703 0.30394965277777786 0.29317129629629646
0 0.7949652777777778 0.09283130787037037 0.3412760416666667 0.16653645833333333
0 0.46056857638888893 0.8666521990740741 0.24440104166666665 0.2666956018518518