0 0.10282841435185185 0.2711299189814815 0.19107349537037036 0.29616608796296295
0 0.14988425925925927 0.5552300347222222 0.24884259259259262 0.2510850694444444
0 0.414453125 0.7755859375 0.19228877314814818 0.1850694444444443
0 0.5549406828703703 0.8596860532407407 0.15516493055555558 0.15082465277777768
0 0.8528284143518519 0.6881655092592593 0.1455150462962962 0.15248842592592604
0 0.8525028935185186 0.8636284722222223 0.17757523148148158 0.16708622685185182
0 0.9423177083333334 0.6622540509259259 0.11536458333333321 0.2894386574074075
0 0.28194444444444444 0.9387948495370371 0.1537760416666667 0.12241030092592586
0 0.5894097222222222 0.0759548611111111 0.2921006944444444 0.12563657407407408
0 0.9422526041666667 0.23779658564814815 0.11549479166666665 0.3003472222222222
0 0.7979311342592592 0.4691478587962963 0.23090277777777768 0.21155960648148153
0 0.5290653935185186 0.4065899884259259 0.09632523148148131 0.11203703703703705
0 0.35332031249999996 0.08943142361111112 0.19469039351851847 0.15979456018518517
0 0.3140190972222222 0.46260850694444444 0.13975694444444442 0.12112268518518521
0 0.6853298611111112 0.7075737847222222 0.1692997685185187 0.15904224537037037
0 0.1605324074074074 0.8665219907407408 0.18687789351851852 0.15956307870370368
0 0.3767361111111111 0.3036168981481482 0.25457175925925923 0.21616030092592586
0 0.5612123842592593 0.22524594907407408 0.2060908564814814 0.22057291666666667
0 0.8042100694444445 0.24609375 0.17641782407407414 0.14755497685185182
0 0.8902922453703703 0.05367476851851852 0.14777199074074066 0.0589699074074074
0 0.09996383101851851 0.025383391203703705 0.19946469907407408 0.04295428240740741
0 0.25144675925925924 0.16342592592592592 0.2789207175925926 0.19933449074074072
0 0.0769603587962963 0.09781539351851852 0.1504484953703704 0.13703703703703704
0 0.31074942129629635 0.6048394097222223 0.09827835648148153 0.11209490740740735
0 0.4656177662037037 0.6026041666666666 0.24045138888888895 0.24108796296296298
0 0.28467881944444445 0.7571180555555556 0.14761284722222223 0.22078993055555562
0 0.6409505208333333 0.5015407986111111 0.1402343749999999 0.1620804398148148
0 0.9593967013888889 0.9318214699074074 0.08120659722222223 0.13635706018518512
0 0.7103949652777778 0.8837890625 0.20193865740740735 0.18340567129629637
0 0.45673466435185184 0.9133174189814814 0.18090277777777786 0.15743634259259265
0 0.12472511574074074 0.9512586805555556 0.13078703703703703 0.09748263888888875
0 0.09066840277777777 0.8391059027777779 0.08198784722222224 0.16620370370370363