0 0.744140625 0.884765625 0.228515625 0.2216796875
0 0.638671875 0.36328125 0.3408203125 0.34765625
0 0.3125 0.46484375 0.2060546875 0.201171875
0 0.9306640625 0.46875 0.138671875 0.1806640625
0 0.0888671875 0.3994140625 0.171875 0.189453125
0 0.2431640625 0.2734375 0.1376953125 0.1669921875
0 0.1201171875 0.5751953125 0.1708984375 0.171875
0 0.7568359375 0.123046875 0.2041015625 0.21875
0 0.1865234375 0.955078125 0.2275390625 0.08984375
0 0.5703125 0.6591796875 0.23046875 0.2099609375
0 0.447265625 0.78125 0.3056640625 0.2939453125
0 0.7333984375 0.7138671875 0.1337890625 0.1435546875
0 0.025390625 0.6064453125 0.0498046875 0.1748046875
0 0.1494140625 0.8154296875 0.2392578125 0.185546875
0 0.92578125 0.9443359375 0.1484375 0.107421875
0 0.025390625 0.8671875 0.048828125 0.1767578125
0 0.3818359375 0.3017578125 0.14453125 0.1611328125
0 0.923828125 0.259765625 0.1513671875 0.2216796875
0 0.044921875 0.029296875 0.08984375 0.05859375
0 0.1435546875 0.6767578125 0.1591796875 0.103515625
0 0.8896484375 0.7548828125 0.1728515625 0.205078125
0 0.0888671875 0.20703125 0.1572265625 0.1962890625
0 0.130859375 0.625 0.2060546875 0.1806640625
0 0.8955078125 0.0419921875 0.146484375 0.083984375
0 0.966796875 0.677734375 0.06640625 0.2119140625
0 0.2626953125 0.099609375 0.1669921875 0.1552734375
0 0.9228515625 0.14453125 0.154296875 0.1591796875
0 0.49609375 0.0830078125 0.2607421875 0.166015625