0 0.3095703125 0.1416015625 0.16015625 0.162109375
0 0.4560546875 0.2822265625 0.197265625 0.169921875
0 0.2373046875 0.349609375 0.1396484375 0.1552734375
0 0.7333984375 0.4501953125 0.16796875 0.1552734375
0 0.2998046875 0.7314453125 0.2646484375 0.212890625
0 0.37109375 0.943359375 0.16796875 0.107421875
0 0.8671875 0.8916015625 0.224609375 0.212890625
0 0.5234375 0.4951171875 0.1572265625 0.1748046875
0 0.5263671875 0.08984375 0.29296875 0.1796875
0 0.6015625 0.3505859375 0.1455078125 0.1416015625
0 0.8408203125 0.30859375 0.279296875 0.2724609375
0 0.935546875 0.095703125 0.12890625 0.1904296875
0 0.791015625 0.0810546875 0.2490234375 0.162109375
0 0.087890625 0.1259765625 0.17578125 0.1728515625
0 0.0771484375 0.30078125 0.1533203125 0.2470703125
0 0.1943359375 0.56640625 0.15234375 0.1630859375
0 0.3232421875 0.4755859375 0.1806640625 0.201171875
0 0.080078125 0.529296875 0.16015625 0.1796875
0 0.087890625 0.7255859375 0.17578125 0.2607421875
0 0.0966796875 0.9267578125 0.193359375 0.146484375
0 0.486328125 0.8876953125 0.1708984375 0.1904296875
0 0.6376953125 0.869140625 0.1640625 0.18359375
0 0.6865234375 0.7060546875 0.1669921875 0.1767578125
0 0.806640625 0.6533203125 0.197265625 0.2216796875
0 0.904296875 0.5322265625 0.16796875 0.169921875
0 0.455078125 0.609375 0.177734375 0.169921875
0 0.62109375 0.2236328125 0.1611328125 0.15234375
0 0.212890625 0.0390625 0.28515625 0.0771484375