0 0.20703125 0.4697265625 0.1103515625 0.1298828125
0 0.1513671875 0.5625 0.1376953125 0.134765625
0 0.2548828125 0.6611328125 0.1396484375 0.142578125
0 0.4228515625 0.3583984375 0.2001953125 0.22265625
0 0.6201171875 0.37109375 0.1953125 0.177734375
0 0.52734375 0.5146484375 0.1650390625 0.1396484375
0 0.6171875 0.6123046875 0.134765625 0.1953125
0 0.7734375 0.4736328125 0.107421875 0.1376953125
0 0.91015625 0.5 0.1552734375 0.1298828125
0 0.8740234375 0.73828125 0.1279296875 0.16796875
0 0.5283203125 0.85546875 0.1826171875 0.1796875
0 0.2490234375 0.9189453125 0.22265625 0.1572265625
0 0.3828125 0.951171875 0.2001953125 0.0927734375
0 0.080078125 0.1796875 0.16015625 0.1748046875
0 0.744140625 0.6416015625 0.1474609375 0.1826171875
0 0.7041015625 0.8525390625 0.1875 0.1904296875
0 0.458984375 0.6298828125 0.162109375 0.1650390625
0 0.34375 0.7685546875 0.2470703125 0.197265625
0 0.06640625 0.330078125 0.1328125 0.150390625
0 0.048828125 0.5498046875 0.09765625 0.1650390625
0 0.2783203125 0.2333984375 0.142578125 0.1279296875
0 0.431640625 0.1220703125 0.15234375 0.14453125
0 0.5751953125 0.05859375 0.150390625 0.1171875
0 0.6650390625 0.22265625 0.1396484375 0.150390625
0 0.1533203125 0.0498046875 0.1923828125 0.099609375
0 0.8818359375 0.1103515625 0.236328125 0.220703125
0 0.857421875 0.326171875 0.28515625 0.19921875
0 0.8544921875 0.9052734375 0.15234375 0.1513671875
0 0.9599609375 0.8935546875 0.080078125 0.154296875
0 0.095703125 0.6953125 0.146484375 0.126953125
0 0.0625 0.8359375 0.125 0.19921875
0 0.3427734375 0.5126953125 0.212890625 0.1865234375
0 0.1728515625 0.3515625 0.142578125 0.1943359375
0 0.2919921875 0.369140625 0.1025390625 0.09375
0 0.318359375 0.1328125 0.099609375 0.1259765625
0 0.1982421875 0.126953125 0.1298828125 0.1240234375
0 0.44921875 0.0439453125 0.1220703125 0.087890625
0 0.6796875 0.0400390625 0.1640625 0.080078125