0 0.8527560763888888 0.10720847800925926 0.2944878472222223 0.2144169560185185
0 0.8864149305555555 0.2738642939814815 0.1792679398148147 0.19260706018518514
0 0.8344184027777778 0.4995587384259259 0.24103009259259256 0.2367621527777779
0 0.3470196759259259 0.8847583912037037 0.19299768518518523 0.1952690972222222
0 0.15779079861111112 0.869140625 0.258203125 0.22400173611111107
0 0.18777488425925926 0.4616898148148148 0.20496238425925928 0.269994212962963
0 0.23651620370370371 0.06963252314814815 0.26990740740740743 0.1392650462962963
0 0.9177372685185186 0.7051142939814814 0.1645254629629629 0.22581018518518503
0 0.9099609375 0.8759476273148148 0.1800781250000001 0.16566840277777772
0 0.3527416087962963 0.6487485532407407 0.22241030092592595 0.2006944444444443
0 0.5845341435185185 0.6484664351851852 0.23263888888888884 0.2168258101851852
0 0.5542390046296297 0.28619791666666666 0.2973379629629629 0.294285300925926
0 0.2630353009259259 0.22892071759259258 0.34006076388888895 0.22239583333333335
0 0.6404224537037038 0.4881004050925926 0.22424768518518512 0.19688946759259263
0 0.08638599537037037 0.08049768518518519 0.12980324074074073 0.16099537037037037
0 0.3726851851851852 0.0466724537037037 0.20240162037037035 0.0933449074074074
0 0.5362630208333333 0.05841290509259259 0.15455729166666665 0.11682581018518517
0 0.6670138888888889 0.06961805555555556 0.14869791666666665 0.13923611111111112
0 0.9938006365740741 0.06231915509259259 0.012398726851851727 0.12463831018518517
0 0.9890190972222221 0.19202112268518517 0.021961805555555713 0.12446469907407409
0 0.38753616898148147 0.43666087962962963 0.2944010416666667 0.26098090277777786
0 0.11351273148148149 0.6621310763888889 0.19508101851851853 0.2655815972222222
0 0.5767939814814815 0.8493706597222223 0.3041087962962963 0.25953414351851856
0 0.8046296296296296 0.880591724537037 0.17265625000000018 0.1669126157407408
0 0.7569372106481482 0.6903862847222222 0.1499710648148147 0.19108796296296293
0 0.9418258101851852 0.5003182870370371 0.11634837962962963 0.25668402777777777
0 0.06783130787037037 0.3417390046296296 0.1179253472222222 0.22842881944444438