0 0.9150390625 0.20703125 0.1650390625 0.1796875
0 0.8076171875 0.1396484375 0.150390625 0.2001953125
0 0.2353515625 0.09765625 0.3046875 0.1953125
0 0.0849609375 0.3466796875 0.169921875 0.2578125
0 0.0751953125 0.6337890625 0.14453125 0.2021484375
0 0.1220703125 0.8203125 0.244140625 0.2265625
0 0.33984375 0.66015625 0.2197265625 0.21484375
0 0.6650390625 0.1123046875 0.134765625 0.16015625
0 0.6533203125 0.31640625 0.2626953125 0.2021484375
0 0.4560546875 0.53125 0.20703125 0.1572265625
0 0.732421875 0.6962890625 0.26953125 0.3125
0 0.4404296875 0.8271484375 0.35546875 0.23046875
0 0.3232421875 0.3408203125 0.28125 0.2529296875
0 0.490234375 0.0908203125 0.21875 0.181640625
0 0.9052734375 0.060546875 0.189453125 0.12109375
0 0.7744140625 0.4619140625 0.1318359375 0.169921875
0 0.6484375 0.498046875 0.1455078125 0.166015625
0 0.9423828125 0.67578125 0.115234375 0.234375
0 0.775390625 0.912109375 0.23046875 0.17578125
0 0.8720703125 0.4140625 0.15234375 0.19921875