0 0.11921296296296297 0.23451967592592593 0.19415509259259262 0.25455729166666663
0 0.12315538194444445 0.6711154513888888 0.1681857638888889 0.2983940972222223
0 0.5810185185185185 0.7579571759259259 0.25115740740740744 0.23524305555555558
0 0.5497685185185185 0.9177517361111112 0.15798611111111116 0.13440393518518512
0 0.9107349537037037 0.40415219907407407 0.17853009259259256 0.3237847222222223
0 0.9692201967592593 0.1517288773148148 0.0615596064814814 0.19393807870370366
0 0.9175708912037037 0.08072916666666666 0.16015625 0.16145833333333331
0 0.7824797453703703 0.09342447916666666 0.169921875 0.1640625
0 0.6187065972222222 0.10340711805555555 0.19509548611111116 0.18836805555555558
0 0.5007957175925926 0.2037398726851852 0.2421151620370372 0.24464699074074076
0 0.2292751736111111 0.3851634837962963 0.16956018518518523 0.18547453703703698
0 0.48408564814814814 0.37474681712962965 0.14518229166666674 0.14561631944444442
0 0.7336877893518519 0.29401765046296297 0.28139467592592604 0.275318287037037
0 0.41576244212962965 0.056821469907407406 0.2182436342592593 0.11364293981481481
0 0.8241102430555556 0.9330512152777778 0.21086516203703698 0.08572048611111116
0 0.20424623842592593 0.07957175925925926 0.24833622685185186 0.15914351851851852
0 0.2581741898148148 0.23328993055555555 0.2348813657407407 0.19958043981481483
0 0.3321397569444444 0.531177662037037 0.22374131944444442 0.2069589120370372
0 0.2740162037037037 0.6851128472222222 0.20182291666666663 0.20030381944444442
0 0.27318431712962965 0.8457392939814815 0.18532986111111116 0.1880063657407407
0 0.4172453703703704 0.7679398148148149 0.1937934027777778 0.22337962962962976
0 0.4316767939814815 0.9231047453703703 0.15125868055555558 0.12246817129629628
0 0.9515335648148149 0.8933376736111112 0.09693287037037024 0.15111400462962976
0 0.6205873842592593 0.47251157407407407 0.12760416666666652 0.14496527777777768
0 0.5015552662037037 0.5180483217592593 0.1889467592592593 0.18424479166666652
0 0.6345847800925926 0.5953776041666667 0.17505787037037024 0.15451388888888884
0 0.7531467013888888 0.6889105902777778 0.14590567129629628 0.15538194444444442
0 0.7522063078703703 0.517578125 0.19502314814814814 0.1610966435185186
0 0.1182002314814815 0.855396412037037 0.12065972222222224 0.15639467592592604
0 0.8922164351851851 0.6807725694444444 0.21556712962962976 0.2944155092592593
0 0.8726490162037037 0.23990885416666666 0.15552662037037024 0.15379050925925924