0 0.525390625 0.25390625 0.134765625 0.1328125
0 0.3046875 0.7158203125 0.2353515625 0.20703125
0 0.7939453125 0.9033203125 0.212890625 0.1279296875
0 0.9423828125 0.9384765625 0.1103515625 0.1171875
0 0.919921875 0.77734375 0.1552734375 0.134765625
0 0.50390625 0.853515625 0.1328125 0.1171875
0 0.384765625 0.3974609375 0.1298828125 0.125
0 0.24609375 0.4677734375 0.1474609375 0.14453125
0 0.119140625 0.60546875 0.1572265625 0.1650390625
0 0.0888671875 0.3115234375 0.1171875 0.1279296875
0 0.1533203125 0.3671875 0.1171875 0.134765625
0 0.28515625 0.2138671875 0.1396484375 0.142578125
0 0.181640625 0.0751953125 0.1025390625 0.125
0 0.2890625 0.0546875 0.12109375 0.109375
0 0.5537109375 0.099609375 0.107421875 0.1103515625
0 0.4638671875 0.0478515625 0.1376953125 0.0947265625
0 0.7978515625 0.1298828125 0.150390625 0.125
0 0.822265625 0.26953125 0.1396484375 0.115234375
0 0.55859375 0.48046875 0.1279296875 0.1103515625
0 0.4189453125 0.1787109375 0.169921875 0.173828125
0 0.69140625 0.052734375 0.126953125 0.10546875
0 0.8974609375 0.048828125 0.205078125 0.09765625
0 0.9462890625 0.140625 0.1064453125 0.1328125
0 0.9228515625 0.310546875 0.12890625 0.130859375
0 0.650390625 0.326171875 0.109375 0.123046875
0 0.66796875 0.447265625 0.1689453125 0.14453125
0 0.8125 0.400390625 0.158203125 0.130859375
0 0.8447265625 0.546875 0.162109375 0.140625
0 0.955078125 0.4248046875 0.0888671875 0.12109375
0 0.947265625 0.5888671875 0.10546875 0.107421875
0 0.927734375 0.6923828125 0.14453125 0.095703125
0 0.7587890625 0.65234375 0.16015625 0.146484375
0 0.6572265625 0.56640625 0.1474609375 0.123046875
0 0.544921875 0.673828125 0.1962890625 0.173828125
0 0.5810546875 0.798828125 0.1015625 0.09375
0 0.4658203125 0.9482421875 0.140625 0.1025390625
0 0.3603515625 0.908203125 0.1123046875 0.1826171875
0 0.12890625 0.9072265625 0.2294921875 0.185546875
0 0.125 0.744140625 0.095703125 0.08984375
0 0.025390625 0.6962890625 0.05078125 0.15234375
0 0.0546875 0.501953125 0.1083984375 0.1845703125
0 0.0634765625 0.1689453125 0.115234375 0.1376953125
0 0.15625 0.22265625 0.1357421875 0.1298828125
0 0.0400390625 0.03125 0.080078125 0.0625
0 0.103515625 0.0537109375 0.0947265625 0.107421875
0 0.662109375 0.2001953125 0.15234375 0.1416015625
0 0.3369140625 0.5517578125 0.1484375 0.14453125
0 0.4794921875 0.5380859375 0.162109375 0.17578125