0 0.4530815972222222 0.37350983796296294 0.23854166666666665 0.1996527777777778
0 0.5184027777777778 0.6383680555555555 0.5203993055555556 0.5049479166666666
0 0.35256076388888885 0.9025318287037036 0.3003472222222222 0.17164351851851833
0 0.7897569444444444 0.6740451388888888 0.1781250000000001 0.20237268518518503
0 0.2840494791666667 0.16670283564814814 0.29813368055555556 0.2476128472222222
0 0.7505642361111111 0.41856192129629627 0.18315972222222232 0.1655671296296296
0 0.9330512152777778 0.8977936921296297 0.09344618055555554 0.07897858796296298
0 0.04587673611111111 0.4534722222222222 0.09175347222222222 0.21024305555555556
0 0.882638888888889 0.31319444444444444 0.19739583333333321 0.19166666666666665
0 0.6601345486111112 0.3179036458333333 0.21857638888888875 0.17910879629629628
0 0.1750217013888889 0.37622251157407405 0.1908854166666667 0.24985532407407418
0 0.05859375 0.7611038773148149 0.1171875 0.21752025462962976
0 0.05464409722222222 0.9377097800925926 0.10928819444444444 0.12316261574074083
0 0.13908420138888888 0.9399377893518519 0.11167534722222222 0.10918692129629637
0 0.23567708333333334 0.7632523148148148 0.2282118055555556 0.17375578703703698
0 0.91015625 0.5234375 0.1591145833333334 0.22479745370370363
0 0.7594401041666667 0.1508318865740741 0.27769097222222205 0.2933738425925926
0 0.9250217013888888 0.1392144097222222 0.13589409722222223 0.2784288194444444
0 0.5146701388888889 0.19181134259259258 0.24735243055555545 0.24497974537037037
0 0.0880859375 0.20612702546296297 0.1642361111111111 0.1918981481481481
0 0.04503038194444445 0.26124131944444445 0.0900607638888889 0.2001736111111111
0 0.062348090277777775 0.08367332175925926 0.12469618055555555 0.15296585648148148
0 0.33368055555555554 0.04994936342592592 0.1938368055555555 0.09989872685185185
0 0.7991319444444445 0.014019097222222221 0.34704861111111107 0.028038194444444442
0 0.13526475694444445 0.5850766782407407 0.21979166666666666 0.23379629629629628
0 0.6281901041666667 0.8775101273148148 0.22265625 0.18712384259259252
0 0.8454210069444444 0.8467375578703704 0.13715277777777768 0.20219907407407423
0 0.9294270833333333 0.7536168981481481 0.11076388888888888 0.2437499999999999