0 0.0830078125 0.39385850694444446 0.154296875 0.26697048611111107
0 0.17139756944444445 0.8100694444444445 0.2392795138888889 0.31375868055555545
0 0.6434461805555556 0.7282552083333333 0.26141493055555554 0.25568576388888875
0 0.6657552083333333 0.8967881944444445 0.16766493055555554 0.16575520833333335
0 0.8690863715277778 0.2727864583333333 0.2618272569444444 0.3358072916666667
0 0.8462239583333333 0.05874565972222222 0.1377604166666666 0.11749131944444444
0 0.7460069444444444 0.03268229166666667 0.16779513888888875 0.06536458333333334
0 0.6255425347222222 0.06239149305555555 0.17686631944444442 0.1247829861111111
0 0.4771050347222222 0.10179036458333333 0.2036458333333333 0.20358072916666667
0 0.3989800347222222 0.23539496527777778 0.2537760416666668 0.2633246527777778
0 0.20453559027777776 0.4986328125 0.17808159722222222 0.1952690972222222
0 0.4368706597222222 0.40162760416666665 0.1518663194444444 0.15759548611111107
0 0.6424045138888889 0.24171006944444445 0.29357638888888893 0.2973958333333333
0 0.2700520833333333 0.10538194444444444 0.2245659722222222 0.17873263888888888
0 0.9099826388888889 0.8315321180555555 0.18003472222222228 0.1567274305555557
0 0.10598958333333333 0.19696180555555556 0.20807291666666666 0.22717013888888887
0 0.18452690972222222 0.3456814236111111 0.24305555555555552 0.22013888888888888
0 0.34457465277777777 0.6010416666666667 0.2333767361111111 0.22382812500000004
0 0.3364800347222222 0.7643880208333333 0.21171874999999996 0.21553819444444455
0 0.3835503472222222 0.9040364583333333 0.1953125 0.18003472222222228
0 0.49442274305555556 0.7931206597222222 0.20629340277777786 0.23493923611111112
0 0.5570095486111111 0.9275390625 0.15698784722222214 0.12452256944444429
0 0.9878689236111111 0.7506727430555555 0.024262152777777768 0.21375868055555558
0 0.5922743055555556 0.44800347222222225 0.13615451388888888 0.1533420138888888
0 0.4954427083333333 0.53125 0.19765624999999998 0.1976562500000001
0 0.6425998263888889 0.5582682291666666 0.18142361111111116 0.1699652777777778
0 0.7804470486111111 0.6060112847222222 0.15399305555555554 0.16545138888888888
0 0.7270399305555555 0.44500868055555554 0.1991753472222224 0.1781684027777779
0 0.23888888888888887 0.9453559027777778 0.14088541666666665 0.10269097222222223
0 0.8941840277777777 0.5417534722222223 0.21163194444444455 0.3115451388888888
0 0.7545355902777777 0.14346788194444443 0.16375868055555554 0.16566840277777778