0 0.41412760416666666 0.32273582175925924 0.2899739583333333 0.28739872685185186
0 0.2623697916666667 0.1174045138888889 0.27994791666666663 0.22468171296296297
0 0.45703125 0.6043113425925926 0.23997395833333335 0.23878761574074092
0 0.8558593750000001 0.671947337962963 0.2105468749999999 0.20652488425925908
0 0.7397786458333333 0.7537977430555556 0.18033854166666652 0.16254340277777768
0 0.40110677083333335 0.9037543402777778 0.255859375 0.19249131944444442
0 0.073046875 0.8003833912037037 0.14609375 0.29998553240740744
0 0.11979166666666667 0.5195674189814815 0.23958333333333334 0.257884837962963
0 0.058203125 0.3238570601851852 0.11640625 0.18431712962962965
0 0.09264322916666667 0.1081814236111111 0.16627604166666665 0.2146267361111111
0 0.7956380208333333 0.26833767361111116 0.23515624999999996 0.22497106481481488
0 0.8866536458333334 0.5037254050925926 0.1753906249999999 0.17599826388888884
0 0.8504557291666667 0.8117404513888888 0.13359374999999996 0.13353587962962976
0 0.37187499999999996 0.765625 0.2002604166666666 0.16912615740740744
0 0.5048828125 0.09212239583333334 0.228515625 0.15458622685185186
0 0.6953776041666666 0.09819878472222222 0.2569010416666666 0.1419994212962963
0 0.8291666666666666 0.14720775462962965 0.1942708333333334 0.19618055555555558
0 0.9306640625 0.16663049768518517 0.13346354166666674 0.19003182870370372
0 0.5734375 0.4294704861111111 0.1748697916666666 0.19741030092592593
0 0.7282552083333333 0.4273726851851852 0.193359375 0.1532841435185185
0 0.7206380208333334 0.5416304976851851 0.20377604166666652 0.19263599537037024
0 0.26875 0.5503472222222222 0.21080729166666667 0.23965567129629628
0 0.18398437499999998 0.7204861111111112 0.21484375 0.18330439814814814
0 0.5291015625 0.9502314814814815 0.13294270833333321 0.09953703703703698
0 0.7401692708333334 0.8947844328703703 0.12070312499999991 0.14474826388888884
0 0.6432942708333333 0.9088179976851851 0.1558593749999999 0.14605034722222232
0 0.6122395833333334 0.27329282407407407 0.20143229166666687 0.21592881944444442
0 0.6233723958333333 0.6936848958333333 0.20911458333333321 0.27271412037037024
0 0.19414062499999998 0.37724247685185186 0.282421875 0.23256655092592593
0 0.062890625 0.6407335069444444 0.12578125 0.13302951388888884
0 0.8212239583333334 0.9267578125 0.1929687499999999 0.146484375
0 0.6973307291666666 0.9627821180555556 0.2740885416666665 0.07443576388888884