0 0.158203125 0.8154296875 0.1611328125 0.1865234375
0 0.75390625 0.3134765625 0.169921875 0.23828125
0 0.5087890625 0.8935546875 0.1689453125 0.1865234375
0 0.3251953125 0.4853515625 0.205078125 0.265625
0 0.755859375 0.751953125 0.15625 0.1591796875
0 0.66796875 0.490234375 0.1767578125 0.1533203125
0 0.294921875 0.9208984375 0.1884765625 0.15625
0 0.5458984375 0.349609375 0.29296875 0.3115234375
0 0.927734375 0.33984375 0.14453125 0.14453125
0 0.6708984375 0.8515625 0.103515625 0.123046875
0 0.1298828125 0.396484375 0.1591796875 0.1611328125
0 0.6240234375 0.1103515625 0.193359375 0.158203125
0 0.0693359375 0.6455078125 0.1318359375 0.193359375
0 0.947265625 0.9384765625 0.10546875 0.12109375
0 0.3837890625 0.0234375 0.173828125 0.046875
0 0.78515625 0.953125 0.1669921875 0.0927734375
0 0.5556640625 0.640625 0.189453125 0.1767578125
0 0.744140625 0.9697265625 0.171875 0.060546875
0 0.7587890625 0.865234375 0.109375 0.1044921875
0 0.787109375 0.0283203125 0.203125 0.056640625
0 0.5869140625 0.2412109375 0.1728515625 0.1181640625
0 0.1103515625 0.076171875 0.1904296875 0.150390625
0 0.03515625 0.86328125 0.0703125 0.2470703125
0 0.041015625 0.509765625 0.0810546875 0.13671875
0 0.8857421875 0.697265625 0.1669921875 0.19921875
0 0.654296875 0.0234375 0.1181640625 0.0458984375
0 0.8984375 0.8212890625 0.15625 0.181640625
0 0.9296875 0.50390625 0.125 0.2080078125
0 0.5732421875 0.9775390625 0.169921875 0.0439453125
0 0.8173828125 0.126953125 0.1630859375 0.18359375
0 0.30859375 0.7939453125 0.11328125 0.107421875
0 0.947265625 0.05859375 0.10546875 0.1171875
0 0.935546875 0.2333984375 0.12890625 0.095703125
0 0.412109375 0.7646484375 0.1328125 0.1630859375