0 0.35390625 0.3235677083333333 0.21875 0.2202690972222222
0 0.512890625 0.36158130787037035 0.18294270833333326 0.20789930555555558
0 0.8880208333333334 0.3330078125 0.19895833333333335 0.2440682870370371
0 0.2858072916666667 0.5118995949074074 0.33046875 0.26352719907407396
0 0.7986979166666667 0.8597547743055556 0.35286458333333326 0.28049045138888884
0 0.26595052083333337 0.7387876157407407 0.2134114583333333 0.22764756944444464
0 0.9796223958333333 0.20522280092592593 0.04075520833333335 0.14395254629629628
0 0.3267578125 0.9038266782407407 0.20377604166666674 0.1923466435185186
0 0.07109375 0.8477647569444444 0.04244791666666667 0.19943576388888884
0 0.5399088541666667 0.6793981481481481 0.23893229166666674 0.2314814814814814
0 0.14733072916666667 0.25676359953703703 0.24283854166666663 0.14431423611111116
0 0.0955078125 0.12076822916666667 0.15117187499999998 0.2269241898148148
0 0.3986328125 0.076171875 0.269921875 0.11328125
0 0.09348958333333332 0.4548972800925926 0.14557291666666666 0.28870081018518523
0 0.1287109375 0.7208478009259259 0.17981770833333333 0.27763310185185186
0 0.6924479166666666 0.38751446759259256 0.18528645833333313 0.18475115740740744
0 0.9733072916666667 0.43970630787037035 0.05338541666666652 0.29217303240740744
0 0.5347656249999999 0.529369212962963 0.2138020833333334 0.17520254629629628
0 0.7603515624999999 0.5752314814814815 0.3209635416666665 0.32501446759259256
0 0.7994791666666666 0.15639467592592593 0.35182291666666665 0.20486111111111116
0 0.5245442708333333 0.8790147569444444 0.26002604166666665 0.24197048611111116