0 0.6055700231481481 0.26630497685185184 0.23070023148148144 0.23208912037037033
0 0.8628544560185185 0.3160807291666667 0.21642071759259252 0.2202690972222222
0 0.6143663194444444 0.07782118055555556 0.19694733796296293 0.1459346064814815
0 0.12960792824074074 0.0439453125 0.2134403935185185 0.08748553240740742
0 0.08196252893518519 0.282884837962963 0.16392505787037037 0.25904224537037035
0 0.02472511574074074 0.49635416666666665 0.04945023148148148 0.1880208333333333
0 0.07192563657407407 0.6842375578703703 0.14385127314814813 0.21222511574074066
0 0.8862557870370371 0.5995659722222222 0.17928240740740753 0.25708912037037046
0 0.7191984953703704 0.5807436342592593 0.26093750000000004 0.212789351851852
0 0.27845775462962963 0.3762297453703704 0.3348958333333333 0.2836226851851852
0 0.9006727430555556 0.8302300347222222 0.09441550925925934 0.20179398148148153
0 0.6400535300925926 0.9201316550925926 0.15892650462962954 0.12808159722222223
0 0.2218605324074074 0.6952690972222222 0.15326967592592594 0.13194444444444442
0 0.2572265625 0.10741464120370371 0.22382812500000004 0.2125144675925926
0 0.4482638888888889 0.09710648148148149 0.2050347222222222 0.18894675925925924
0 0.44362702546296295 0.280736400462963 0.17256944444444455 0.16527777777777786
0 0.8784360532407407 0.12862413194444444 0.24130497685185182 0.21069155092592595
0 0.947388599537037 0.36262297453703707 0.08233506944444446 0.2700376157407407
0 0.4330367476851852 0.5415002893518519 0.2217013888888888 0.17149884259259274
0 0.3371383101851852 0.7518084490740741 0.20244502314814816 0.2143084490740741
0 0.040154803240740736 0.8998697916666667 0.08030960648148147 0.1513020833333334
0 0.36210214120370365 0.927806712962963 0.26150173611111116 0.14438657407407396
0 0.8600260416666667 0.9699508101851853 0.12063078703703711 0.060098379629629495
0 0.8024594907407407 0.8402488425925927 0.21490162037037042 0.19097222222222232
0 0.573828125 0.9511067708333334 0.23182870370370368 0.09778645833333321
0 0.15973668981481481 0.9136429398148148 0.2245949074074074 0.15199652777777772