0 0.5283203125 0.072265625 0.1279296875 0.134765625
0 0.3828125 0.255859375 0.0947265625 0.09765625
0 0.37890625 0.3515625 0.0927734375 0.1025390625
0 0.1708984375 0.44140625 0.107421875 0.1220703125
0 0.4072265625 0.541015625 0.1201171875 0.1171875
0 0.25390625 0.7353515625 0.2021484375 0.16015625
0 0.0498046875 0.833984375 0.099609375 0.1123046875
0 0.064453125 0.6015625 0.0986328125 0.216796875
0 0.53125 0.33984375 0.1875 0.16015625
0 0.8525390625 0.4150390625 0.1396484375 0.14453125
0 0.73828125 0.46875 0.142578125 0.1279296875
0 0.7412109375 0.6494140625 0.181640625 0.2294921875
0 0.8984375 0.7373046875 0.1123046875 0.115234375
0 0.15625 0.25 0.1025390625 0.1103515625
0 0.19921875 0.068359375 0.1474609375 0.1123046875
0 0.0263671875 0.099609375 0.052734375 0.099609375
0 0.6279296875 0.0791015625 0.080078125 0.087890625
0 0.90625 0.0546875 0.12890625 0.109375
0 0.212890625 0.912109375 0.0947265625 0.0849609375
0 0.2958984375 0.56640625 0.107421875 0.1123046875
0 0.0849609375 0.4423828125 0.09375 0.1064453125
0 0.11328125 0.7587890625 0.0888671875 0.107421875
0 0.142578125 0.88671875 0.0830078125 0.1044921875
0 0.0927734375 0.94921875 0.134765625 0.1015625
0 0.3017578125 0.923828125 0.0908203125 0.15234375
0 0.376953125 0.90234375 0.1025390625 0.1201171875
0 0.603515625 0.8779296875 0.1044921875 0.1162109375
0 0.8017578125 0.9033203125 0.271484375 0.1923828125
0 0.96875 0.939453125 0.0615234375 0.1201171875
0 0.9716796875 0.734375 0.056640625 0.119140625
0 0.9462890625 0.33984375 0.1064453125 0.2099609375
0 0.74609375 0.3193359375 0.2001953125 0.19921875
0 0.5185546875 0.4501953125 0.154296875 0.111328125
0 0.29296875 0.2734375 0.1357421875 0.1376953125
0 0.279296875 0.390625 0.1162109375 0.1015625
0 0.25390625 0.1767578125 0.11328125 0.1240234375
0 0.095703125 0.1123046875 0.1005859375 0.1748046875
0 0.396484375 0.13671875 0.185546875 0.154296875
0 0.380859375 0.0380859375 0.150390625 0.076171875
0 0.763671875 0.0458984375 0.1484375 0.091796875
0 0.6064453125 0.2109375 0.1689453125 0.1630859375
0 0.716796875 0.17578125 0.130859375 0.15234375
0 0.8798828125 0.2158203125 0.1376953125 0.1328125
0 0.49609375 0.5888671875 0.150390625 0.1640625
0 0.38671875 0.64453125 0.0830078125 0.109375
0 0.431640625 0.7734375 0.19140625 0.171875
0 0.5673828125 0.755859375 0.1025390625 0.1328125
0 0.85546875 0.5361328125 0.123046875 0.1083984375
0 0.2060546875 0.5615234375 0.095703125 0.1044921875
0 0.1474609375 0.3564453125 0.1025390625 0.0830078125
0 0.0478515625 0.3505859375 0.095703125 0.107421875
0 0.0615234375 0.2529296875 0.095703125 0.1220703125
0 0.130859375 0.53515625 0.0751953125 0.0810546875
0 0.1416015625 0.6142578125 0.0517578125 0.083984375
0 0.0419921875 0.7529296875 0.0830078125 0.1064453125
0 0.5966796875 0.568359375 0.0869140625 0.1220703125