0 0.279296875 0.8037109375 0.15234375 0.1689453125
0 0.8515625 0.642578125 0.1435546875 0.173828125
0 0.3173828125 0.6064453125 0.169921875 0.201171875
0 0.9052734375 0.1513671875 0.171875 0.29296875
0 0.0888671875 0.888671875 0.162109375 0.205078125
0 0.6298828125 0.123046875 0.18359375 0.14453125
0 0.669921875 0.8671875 0.2421875 0.1923828125
0 0.951171875 0.474609375 0.09765625 0.16015625
0 0.8740234375 0.853515625 0.197265625 0.2216796875
0 0.6025390625 0.42578125 0.162109375 0.2021484375
0 0.4287109375 0.7294921875 0.142578125 0.1435546875
0 0.146484375 0.5869140625 0.1572265625 0.1396484375
0 0.30078125 0.0693359375 0.3037109375 0.138671875
0 0.6796875 0.0380859375 0.2001953125 0.076171875
0 0.2734375 0.2587890625 0.123046875 0.1396484375
0 0.0576171875 0.10546875 0.1142578125 0.2109375
0 0.5078125 0.955078125 0.2197265625 0.08984375
0 0.97265625 0.6279296875 0.0546875 0.1298828125
0 0.13671875 0.294921875 0.2421875 0.244140625
0 0.833984375 0.970703125 0.1865234375 0.05859375
0 0.0712890625 0.4892578125 0.142578125 0.1689453125
0 0.21875 0.9716796875 0.1875 0.056640625
0 0.494140625 0.0556640625 0.119140625 0.107421875
0 0.376953125 0.3388671875 0.1875 0.263671875
0 0.4599609375 0.4716796875 0.158203125 0.158203125