0 0.4697265625 0.31646412037037036 0.134765625 0.16909722222222223
0 0.564453125 0.3603804976851852 0.126953125 0.12962962962962954
0 0.7705078125 0.6094618055555556 0.185546875 0.17758969907407396
0 0.7255859375 0.09703414351851852 0.16015625 0.19406828703703705
0 0.248046875 0.23616174768518516 0.2421875 0.23130787037037037
0 0.2421875 0.48353587962962963 0.294921875 0.3238859953703703
0 0.087890625 0.44270833333333337 0.17578125 0.29427083333333326
0 0.35546875 0.762818287037037 0.25390625 0.2944155092592593
0 0.9052734375 0.3788411458333333 0.189453125 0.18169849537037042
0 0.958984375 0.11336082175925924 0.08203125 0.17808159722222222
0 0.4130859375 0.06214554398148148 0.271484375 0.12429108796296295
0 0.177734375 0.06148726851851852 0.27734375 0.12297453703703703
0 0.5615234375 0.10939670138888889 0.220703125 0.21879340277777778
0 0.8046875 0.34206452546296295 0.1484375 0.16589988425925928
0 0.6220703125 0.4911820023148148 0.28515625 0.31752025462962963
0 0.447265625 0.569581886574074 0.201171875 0.25066550925925934
0 0.583984375 0.8408130787037037 0.2578125 0.27118055555555554
0 0.4423828125 0.9204210069444444 0.349609375 0.1314091435185185
0 0.0439453125 0.6861979166666667 0.087890625 0.2799479166666665
0 0.1650390625 0.7639033564814814 0.255859375 0.22029803240740753
0 0.1044921875 0.8734881365740741 0.208984375 0.19442997685185182
0 0.84765625 0.9062427662037037 0.203125 0.11014178240740735
0 0.896484375 0.7279296875 0.16796875 0.1630063657407408
0 0.7353515625 0.7851128472222222 0.19140625 0.20719039351851842
0 0.880859375 0.5217086226851851 0.23828125 0.24087094907407414
0 0.9609375 0.2509548611111111 0.078125 0.12905092592592593
0 0.974609375 0.35669126157407405 0.05078125 0.11396122685185195
0 0.89453125 0.03178891782407407 0.2109375 0.06357783564814815
0 0.88671875 0.16202980324074073 0.216796875 0.2631944444444444
0 0.1044921875 0.2660662615740741 0.162109375 0.16074942129629632