0 0.48046875 0.5478515625 0.2646484375 0.205078125
0 0.7578125 0.7060546875 0.23046875 0.2021484375
0 0.92578125 0.6337890625 0.142578125 0.2578125
0 0.728515625 0.8984375 0.34765625 0.197265625
0 0.5341796875 0.7900390625 0.1572265625 0.1953125
0 0.3046875 0.5009765625 0.205078125 0.22265625
0 0.1083984375 0.552734375 0.216796875 0.24609375
0 0.0615234375 0.12109375 0.1220703125 0.2421875
0 0.263671875 0.1396484375 0.2529296875 0.2001953125
0 0.49609375 0.3740234375 0.2529296875 0.177734375
0 0.771484375 0.1171875 0.212890625 0.1748046875
0 0.04296875 0.8759765625 0.0849609375 0.2275390625
0 0.1201171875 0.34375 0.224609375 0.1875
0 0.5146484375 0.162109375 0.2578125 0.2646484375
0 0.7763671875 0.4296875 0.2685546875 0.1552734375
0 0.2265625 0.826171875 0.283203125 0.283203125
0 0.947265625 0.1318359375 0.10546875 0.255859375