0 0.25711082175925926 0.09209346064814815 0.3139033564814815 0.1841869212962963
0 0.1838107638888889 0.22475405092592593 0.194849537037037 0.21119791666666665
0 0.1850043402777778 0.4589771412037037 0.2596643518518519 0.26336805555555554
0 0.5869285300925926 0.8901114004629629 0.20429687500000004 0.16873553240740735
0 0.7753833912037037 0.8832682291666667 0.27261284722222223 0.16642071759259247
0 0.8366970486111112 0.5130425347222223 0.22667824074074083 0.2909432870370372
0 0.8690972222222222 0.09897280092592592 0.2612268518518519 0.19794560185185184
0 0.07321325231481482 0.6494212962962963 0.14642650462962964 0.2441261574074074
0 0.0607421875 0.8345992476851851 0.121484375 0.20580150462962976
0 0.6324291087962963 0.6778718171296296 0.23790509259259274 0.2251446759259259
0 0.4003472222222222 0.6440248842592593 0.24778645833333335 0.2412760416666666
0 0.5123480902777777 0.28386140046296293 0.3186921296296297 0.32499999999999996
0 0.8150896990740741 0.26718749999999997 0.35724826388888875 0.258666087962963
0 0.3811053240740741 0.4741898148148148 0.23787615740740742 0.2212384259259259
0 0.9762225115740741 0.12704716435185184 0.04639756944444429 0.20154803240740743
0 0.9807219328703703 0.046766493055555546 0.037456597222222276 0.048799189814814806
0 0.7512803819444445 0.06329210069444444 0.210011574074074 0.12658420138888887
0 0.5834201388888889 0.06315827546296296 0.16519097222222223 0.12631655092592592
0 0.4496527777777778 0.06362123842592593 0.15928819444444442 0.12724247685185186
0 0.10230034722222223 0.030403645833333333 0.06493055555555555 0.060807291666666666
0 0.08107638888888888 0.12465277777777778 0.0693142361111111 0.13245081018518517
0 0.6447916666666667 0.4585648148148148 0.3145399305555556 0.2915943287037037
0 0.8653935185185185 0.724363425925926 0.21882233796296302 0.2846788194444443
0 0.36471354166666664 0.8420862268518519 0.3262731481481481 0.29415509259259265
0 0.12742332175925924 0.8524377893518518 0.1869646990740741 0.20102719907407396
0 0.21961805555555555 0.662181712962963 0.16553819444444445 0.20772569444444455
0 0.0720775462962963 0.4424913194444444 0.1441550925925926 0.27126736111111116
0 0.956568287037037 0.4082320601851852 0.08177083333333335 0.23266782407407405