0 0.26005497685185186 0.45066550925925924 0.29282407407407407 0.27025462962962965
0 0.8694299768518519 0.49963831018518523 0.23480902777777768 0.23104745370370372
0 0.3999204282407407 0.888744212962963 0.23328993055555558 0.22251157407407396
0 0.1550925925925926 0.6707175925925926 0.21035879629629634 0.20283564814814814
0 0.05186631944444444 0.7416087962962963 0.10373263888888888 0.22931134259259256
0 0.859447337962963 0.1882957175925926 0.24182581018518512 0.20985243055555552
0 0.2900752314814815 0.08897569444444445 0.294849537037037 0.16695601851851855
0 0.08069299768518519 0.5589554398148149 0.16138599537037038 0.23509837962962976
0 0.5969328703703703 0.22649016203703703 0.24392361111111116 0.2138310185185185
0 0.2667100694444444 0.21817129629629628 0.17274305555555558 0.18778935185185186
0 0.12015335648148148 0.21469907407407407 0.20826099537037035 0.3041811342592593
0 0.07439959490740741 0.4014033564814815 0.14879918981481483 0.18952546296296302
0 0.08861400462962962 0.873951099537037 0.17722800925925924 0.13852719907407396
0 0.18464265046296297 0.8497902199074074 0.21484375 0.21860532407407396
0 0.2783564814814815 0.9334490740740741 0.13903356481481488 0.12022569444444442
0 0.36393229166666663 0.6823640046296295 0.30837673611111116 0.2688802083333335
0 0.7570891203703703 0.8132957175925926 0.24276620370370372 0.23524305555555558
0 0.8653428819444444 0.7684100115740741 0.19864004629629628 0.3077256944444444
0 0.7906177662037037 0.9738498263888888 0.1553096064814814 0.05230034722222232
0 0.5657552083333334 0.5402199074074074 0.4095775462962963 0.3155381944444444
0 0.4781539351851852 0.13310185185185186 0.21947337962962965 0.18561921296296297
0 0.4234664351851851 0.31589988425925924 0.2645399305555556 0.24385127314814814
0 0.7086950231481481 0.35091145833333337 0.2826244212962963 0.2581741898148149
0 0.9253472222222222 0.31004050925925924 0.13831018518518512 0.2586805555555556
0 0.9781177662037037 0.17900028935185186 0.0360966435185186 0.07935474537037035
0 0.5491898148148148 0.7498553240740741 0.3506944444444444 0.3055555555555556
0 0.1554542824074074 0.027271412037037035 0.10706018518518517 0.046875
0 0.3217230902777778 0.02658420138888889 0.2667100694444444 0.03913483796296297
0 0.4711009837962963 0.05949797453703704 0.14373553240740744 0.08919270833333333
0 0.5960648148148148 0.921947337962963 0.3091724537037037 0.15610532407407396