0 0.7199074074074074 0.6207320601851852 0.3140914351851851 0.2960069444444444
0 0.48307291666666663 0.8577835648148149 0.2952835648148149 0.28443287037037024
0 0.7421875 0.816333912037037 0.2299623842592593 0.18576388888888884
0 0.8542028356481481 0.8954716435185185 0.19994212962962976 0.17491319444444442
0 0.09327980324074074 0.5098741319444444 0.13563368055555555 0.33224826388888884
0 0.2669632523148148 0.7247178819444444 0.20182291666666663 0.20030381944444442
0 0.2724971064814815 0.8851996527777778 0.2789351851851851 0.22960069444444442
0 0.15552662037037038 0.7848668981481481 0.1638454861111111 0.23980034722222232
0 0.830982349537037 0.2138671875 0.2894241898148149 0.25224247685185186
0 0.12612123842592593 0.19068287037037038 0.24385127314814814 0.26808449074074076
0 0.6054325810185186 0.29803240740740744 0.2906539351851851 0.24254918981481488
0 0.5378689236111112 0.09588396990740741 0.2749565972222223 0.162109375
0 0.37742332175925924 0.13863570601851852 0.25846354166666663 0.2549913194444445
0 0.7744502314814814 0.06861255787037038 0.1699942129629628 0.0861545138888889
0 0.6813512731481481 0.10022424768518519 0.15957754629629628 0.1558883101851852
0 0.3626302083333333 0.45167824074074076 0.43959780092592593 0.38635706018518523
0 0.4330512152777778 0.6529586226851851 0.18171296296296302 0.19176793981481488
0 0.9309172453703703 0.6324869791666667 0.1381655092592593 0.2934751157407409
0 0.9689308449074074 0.8591218171296297 0.06213831018518512 0.21911168981481488
0 0.6795066550925926 0.9163411458333333 0.2539785879629628 0.16731770833333348
0 0.5723017939814815 0.7710865162037037 0.2201967592592593 0.23799189814814814
0 0.8199146412037037 0.3799913194444444 0.2842881944444444 0.20920138888888884
0 0.9011863425925926 0.4911024305555556 0.16015625 0.11111111111111116
0 0.9523111979166667 0.39623119212962965 0.09537760416666652 0.21708622685185186
0 0.20153356481481483 0.09121817129629631 0.16348379629629628 0.10344328703703703
0 0.40129484953703703 0.9786241319444444 0.22837094907407407 0.04275173611111116