0 0.8860677083333333 0.18717447916666669 0.19661458333333348 0.21063368055555554
0 0.7665364583333334 0.13096788194444445 0.18932291666666679 0.22212094907407404
0 0.1740451388888889 0.14169560185185184 0.34635416666666663 0.2443287037037037
0 0.09223090277777778 0.40747251157407405 0.16102430555555555 0.2876012731481481
0 0.115234375 0.7056134259259259 0.15833333333333333 0.2270543981481481
0 0.1962890625 0.8793692129629629 0.2627170138888889 0.24126157407407423
0 0.3787326388888889 0.7095196759259259 0.26493055555555556 0.25557002314814814
0 0.6155381944444445 0.11283998842592592 0.16627604166666665 0.18632812499999998
0 0.6405381944444444 0.3242404513888889 0.307638888888889 0.2509837962962963
0 0.4747178819444444 0.5650969328703703 0.2407552083333333 0.19438657407407423
0 0.7854383680555556 0.7098668981481482 0.334157986111111 0.3649016203703703
0 0.5098307291666667 0.8629521122685185 0.40703124999999996 0.27409577546296293
0 0.3056423611111111 0.38161168981481486 0.3334201388888889 0.30441261574074074
0 0.4341579861111111 0.11331741898148148 0.25503472222222223 0.20846354166666664
0 0.8495225694444444 0.06710792824074074 0.20685763888888875 0.09000289351851853
0 0.7891059027777778 0.463230613425926 0.16671006944444455 0.19609374999999996
0 0.6654730902777778 0.512232349537037 0.17834201388888893 0.19448784722222223
0 0.95859375 0.6657624421296297 0.08281249999999996 0.25898437500000004
0 0.8626519097222223 0.9082501446759259 0.2639322916666669 0.18349971064814818
0 0.8801215277777779 0.4044849537037037 0.19162326388888884 0.2299913194444444