0 0.11812065972222222 0.7063151041666667 0.16475694444444444 0.19372106481481488
0 0.2913628472222222 0.7000868055555556 0.18255208333333328 0.24278067129629632
0 0.8669487847222221 0.7437934027777777 0.21072048611111116 0.21782407407407423
0 0.6729600694444444 0.7331018518518518 0.28693576388888875 0.263845486111111
0 0.42007378472222223 0.2886357060185185 0.19270833333333326 0.20779803240740746
0 0.22235243055555556 0.44987702546296293 0.20112847222222224 0.22158564814814818
0 0.05768229166666666 0.3417462384259259 0.11536458333333333 0.24989872685185177
0 0.8212022569444445 0.32194010416666663 0.32586805555555554 0.30541087962962954
0 0.5271918402777778 0.12116608796296295 0.17994791666666665 0.1841869212962963
0 0.38439670138888893 0.12393663194444444 0.17612847222222228 0.18608217592592594
0 0.24286024305555554 0.18633535879629629 0.1713541666666667 0.16649305555555555
0 0.4591145833333333 0.6195095486111111 0.30551215277777777 0.33048321759259247
0 0.08567708333333332 0.8866174768518519 0.15464409722222222 0.18576388888888884
0 0.15783420138888887 0.9539641203703704 0.17799479166666665 0.09207175925925926
0 0.3168402777777778 0.9591290509259259 0.15616319444444438 0.08174189814814814
0 0.4320963541666667 0.9375651041666666 0.1444878472222222 0.12486979166666679
0 0.5962456597222222 0.937062355324074 0.2129340277777778 0.125875289351852
0 0.8440972222222223 0.5323784722222222 0.22395833333333348 0.20826099537037024
0 0.9133029513888888 0.6682581018518519 0.1289496527777776 0.31030092592592595
0 0.9262803819444444 0.9039568865740741 0.07139756944444442 0.0693721064814814
0 0.7915581597222222 0.9009837962962963 0.2036024305555555 0.1455005787037038
0 0.5949435763888888 0.2677734375 0.14943576388888902 0.15640914351851853
0 0.7704861111111111 0.07786458333333332 0.2129340277777778 0.13587962962962963
0 0.8787109375 0.08337673611111111 0.11367187500000009 0.1422164351851852
0 0.22332899305555556 0.09809751157407408 0.20707465277777776 0.1357928240740741
0 0.028537326388888888 0.13130787037037037 0.057074652777777776 0.10636574074074073
0 0.08370225694444444 0.11752748842592592 0.11796875000000001 0.10714699074074074
0 0.13502604166666665 0.30395688657407405 0.11866319444444445 0.12277199074074074
0 0.08621961805555556 0.4730830439814815 0.17243923611111112 0.18054108796296298
0 0.06463758680555555 0.6300636574074074 0.1292751736111111 0.17800925925925926
0 0.32109374999999996 0.8666521990740741 0.09019097222222228 0.09697627314814827
0 0.6476128472222222 0.4679036458333333 0.13151041666666674 0.14833622685185177
0 0.5849175347222222 0.05361689814814814 0.13094618055555562 0.09172453703703703
0 0.45633680555555556 0.8139322916666667 0.1518663194444445 0.12326388888888884