0 0.8044704861111112 0.641015625 0.14120370370370372 0.18281250000000004
0 0.6349826388888888 0.6444010416666667 0.15082465277777768 0.23216145833333335
0 0.08033130787037036 0.7222005208333333 0.16066261574074073 0.205078125
0 0.25896990740740744 0.699609375 0.25455729166666674 0.24492187499999996
0 0.48343460648148145 0.24270833333333333 0.1650028935185185 0.194140625
0 0.6883318865740741 0.3934244791666667 0.1713686342592593 0.20820312500000004
0 0.8992332175925926 0.27630208333333334 0.19415509259259256 0.24479166666666663
0 0.11756727430555555 0.3030598958333333 0.2351345486111111 0.27760416666666665
0 0.36653645833333337 0.094921875 0.15755208333333326 0.15078125
0 0.5074146412037037 0.09746093750000001 0.14923321759259256 0.13658854166666667
0 0.6520182291666667 0.13157552083333335 0.15190972222222232 0.15625
0 0.46433738425925924 0.5733072916666666 0.26287615740740733 0.31171875000000004
0 0.8751446759259259 0.8209635416666666 0.1821469907407407 0.18359375
0 0.7846860532407407 0.9260416666666667 0.1602285879629628 0.1479166666666667
0 0.6214192708333333 0.9335286458333334 0.14894386574074092 0.13294270833333321
0 0.5099826388888888 0.900390625 0.1278935185185186 0.1390625000000001
0 0.3441840277777778 0.9209309895833333 0.20377604166666663 0.1581380208333334
0 0.08904803240740741 0.5084635416666667 0.17809606481481483 0.1924479166666666
0 0.030707465277777776 0.6511067708333333 0.06141493055555555 0.2944010416666667
0 0.026077835648148147 0.9217447916666667 0.052155671296296294 0.12473958333333335
0 0.14850983796296297 0.9033528645833333 0.19249131944444442 0.1932942708333334
0 0.30953414351851855 0.23307291666666669 0.13013599537037035 0.1470052083333333
0 0.11921296296296297 0.05885416666666667 0.18344907407407407 0.11354166666666667
0 0.03074363425925926 0.06861979166666667 0.03616898148148148 0.13489583333333335
0 0.663990162037037 0.07265625 0.18735532407407396 0.061197916666666685
0 0.9177879050925926 0.09251302083333332 0.16326678240740744 0.04205729166666666
0 0.8025896990740741 0.08385416666666666 0.09895833333333326 0.04166666666666666
0 0.7654079861111112 0.24192708333333335 0.1035879629629628 0.11406249999999996
0 0.8541666666666667 0.409375 0.21657986111111116 0.16640624999999998
0 0.8875144675925926 0.5662760416666667 0.1719473379629628 0.17122395833333326
0 0.6151258680555556 0.8104817708333334 0.07935474537037024 0.09101562499999982
0 0.26978443287037035 0.4340494791666667 0.11234085648148151 0.13997395833333326
0 0.30204716435185186 0.038736979166666664 0.11074942129629628 0.04440104166666667
0 0.47869646990740744 0.7671223958333333 0.13859953703703698 0.11250000000000004
0 0.7641059027777777 0.9882161458333334 0.14134837962962976 0.023567708333333215