0 0.2986328125 0.2501085069444444 0.22769097222222223 0.29861111111111116
0 0.586111111111111 0.2492404513888889 0.30733506944444455 0.20468750000000002
0 0.5468967013888889 0.7046006944444445 0.1714409722222221 0.1733072916666667
0 0.04743923611111111 0.3656467013888889 0.06831597222222223 0.13363715277777777
0 0.12102864583333334 0.7714409722222222 0.17664930555555558 0.20277777777777795
0 0.1115234375 0.9493489583333333 0.1314670138888889 0.10130208333333335
0 0.34930555555555554 0.8760199652777778 0.2769965277777777 0.24796006944444438
0 0.5359157986111112 0.5013888888888889 0.27612847222222214 0.24813368055555562
0 0.8544053819444444 0.34303385416666665 0.2167534722222224 0.22795138888888888
0 0.9550347222222222 0.7615668402777778 0.08993055555555562 0.21809895833333326
0 0.8154079861111111 0.7594184027777777 0.20568576388888893 0.19822048611111098
0 0.9505208333333333 0.9439887152777777 0.09895833333333348 0.11202256944444455
0 0.9373914930555556 0.6021918402777777 0.12521701388888884 0.1714843749999999
0 0.8519965277777778 0.8809244791666666 0.14487847222222228 0.10195312500000009
0 0.8036458333333334 0.95947265625 0.20985243055555536 0.0810546875
0 0.6829861111111111 0.8866753472222222 0.2485243055555557 0.22664930555555562
0 0.19670138888888888 0.478515625 0.2667100694444444 0.16779513888888897
0 0.06182725694444444 0.05342881944444444 0.12313368055555556 0.09513888888888888
0 0.14871961805555556 0.1664496527777778 0.19956597222222222 0.19210069444444444
0 0.05197482638888889 0.1826171875 0.09735243055555555 0.216796875
0 0.04568142361111111 0.5673177083333334 0.05039062500000001 0.21276041666666679
0 0.15876736111111112 0.6337456597222222 0.25329861111111107 0.17304687499999982
0 0.25789930555555557 0.7590060763888888 0.24869791666666663 0.24496527777777777
0 0.82421875 0.16820746527777775 0.24101562499999996 0.20368923611111112
0 0.8164279513888889 0.5850043402777778 0.16710069444444442 0.16336805555555545
0 0.6746744791666667 0.5972222222222222 0.1395833333333334 0.1582465277777778
0 0.69453125 0.7150607638888888 0.15559895833333348 0.12387152777777777
0 0.12688802083333334 0.3769748263888889 0.19361979166666665 0.1898871527777778
0 0.3468098958333333 0.06219618055555556 0.40455729166666665 0.11154513888888888
0 0.6093315972222222 0.11382378472222224 0.13259548611111116 0.1325954861111111
0 0.4840494791666667 0.38700086805555556 0.1561631944444445 0.18042534722222225
0 0.9415256076388889 0.3970486111111111 0.11694878472222214 0.22243923611111116
0 0.3432074652777778 0.5513020833333333 0.15073784722222228 0.1899305555555557