0 0.11999421296296296 0.5492838541666667 0.17161458333333332 0.19691840277777772
0 0.04054542824074074 0.6946397569444445 0.08109085648148148 0.23693576388888893
0 0.8005787037037038 0.08721788194444444 0.16066261574074092 0.11085069444444445
0 0.5237702546296297 0.9554470486111111 0.2207465277777776 0.08910590277777786
0 0.6973307291666666 0.2619140625 0.2972077546296297 0.2426215277777778
0 0.14299768518518519 0.8871527777777778 0.25846354166666663 0.18129340277777772
0 0.6144024884259259 0.07721354166666666 0.25947627314814814 0.13255208333333335
0 0.2994574652777778 0.14453125 0.2236689814814815 0.21953124999999996
0 0.8300564236111112 0.7283637152777778 0.26160300925925917 0.2671874999999999
0 0.9299117476851853 0.42940538194444444 0.10429687500000018 0.21297743055555562
0 0.3961805555555556 0.44296875 0.2490596064814815 0.22009548611111107
0 0.21626880787037037 0.29424913194444446 0.2273292824074074 0.1825520833333334
0 0.9672815393518519 0.22782118055555556 0.05131655092592613 0.17473958333333328
0 0.06399377893518518 0.21065538194444444 0.12798755787037036 0.15894097222222225
0 0.0928855613425926 0.9621744791666667 0.1857711226851852 0.05121527777777768
0 0.012572337962962966 0.9002387152777778 0.02514467592592593 0.14422743055555554
0 0.02547019675925926 0.5125651041666667 0.05094039351851852 0.17356770833333335
0 0.7584852430555555 0.45101996527777777 0.2011429398148148 0.20147569444444446
0 0.8164496527777778 0.9636935763888889 0.2006365740740741 0.07261284722222228
0 0.9151258680555556 0.08487413194444444 0.16720196759259265 0.08953993055555556
0 0.2842158564814815 0.9758355034722221 0.2022280092592592 0.04832899305555571
0 0.04391637731481481 0.06746961805555556 0.056698495370370375 0.13389756944444445
0 0.41235532407407405 0.7640625 0.25668402777777777 0.3158420138888889
0 0.8957392939814814 0.9380099826388889 0.05830439814814814 0.12398003472222219
0 0.14444444444444443 0.07068142361111111 0.19157986111111114 0.1388454861111111
0 0.5742115162037037 0.6894314236111111 0.1508101851851853 0.17500000000000004
0 0.18953269675925927 0.7454210069444445 0.26387442129629635 0.20677083333333335
0 0.7008174189814815 0.6981119791666667 0.13313078703703685 0.20581597222222214
0 0.8950303819444445 0.19296875000000002 0.1289785879629628 0.16866319444444444
0 0.8871527777777777 0.3424045138888889 0.14162326388888902 0.1845486111111111
0 0.4237702546296296 0.2744140625 0.09046585648148153 0.11124131944444449
0 0.5081669560185185 0.2528211805555556 0.1093026620370372 0.09995659722222228
0 0.5233217592592593 0.14559461805555557 0.19894386574074074 0.16436631944444446
0 0.2479890046296296 0.5345269097222223 0.13091724537037036 0.13554687499999996
0 0.6753689236111111 0.95390625 0.0981626157407407 0.09218750000000009
0 0.5863932291666667 0.4178602430555556 0.1908998842592593 0.16028645833333344
0 0.33129340277777775 0.9108940972222223 0.11906828703703698 0.10017361111111112