0 0.63671875 0.3427734375 0.34765625 0.3203125
0 0.4697265625 0.69140625 0.349609375 0.337890625
0 0.71484375 0.8662109375 0.23046875 0.2275390625
0 0.1826171875 0.787109375 0.21484375 0.21484375
0 0.1796875 0.9326171875 0.205078125 0.1298828125
0 0.1064453125 0.380859375 0.212890625 0.1875
0 0.23828125 0.244140625 0.1220703125 0.1826171875
0 0.384765625 0.2802734375 0.205078125 0.2099609375
0 0.8935546875 0.125 0.197265625 0.1142578125
0 0.49609375 0.06640625 0.2421875 0.1328125
0 0.9150390625 0.4658203125 0.1650390625 0.2021484375
0 0.330078125 0.458984375 0.2548828125 0.2373046875
0 0.2724609375 0.08984375 0.12890625 0.125
0 0.126953125 0.09765625 0.1884765625 0.15625
0 0.7314453125 0.0859375 0.177734375 0.171875
0 0.7294921875 0.666015625 0.158203125 0.15234375
0 0.884765625 0.685546875 0.23046875 0.203125
0 0.9228515625 0.8994140625 0.154296875 0.185546875
0 0.4453125 0.92578125 0.169921875 0.1474609375
0 0.140625 0.646484375 0.146484375 0.119140625
0 0.1083984375 0.228515625 0.2158203125 0.15234375
0 0.90234375 0.244140625 0.1728515625 0.1396484375