0 0.2734375 0.3664641203703704 0.333984375 0.34505208333333337
0 0.04296875 0.10326244212962962 0.0859375 0.08644386574074076
0 0.5498046875 0.18388310185185186 0.255859375 0.24942129629629628
0 0.771484375 0.1380027488425926 0.267578125 0.2760054976851852
0 0.7265625 0.4198133680555555 0.25 0.2255497685185185
0 0.9033203125 0.39011863425925924 0.193359375 0.29166666666666663
0 0.9638671875 0.6043836805555556 0.072265625 0.24363425925925908
0 0.955078125 0.8003472222222222 0.08984375 0.12774884259259256
0 0.294921875 0.6939742476851851 0.173828125 0.20232928240740744
0 0.0302734375 0.5670934606481481 0.060546875 0.17831307870370372
0 0.3310546875 0.07787181712962962 0.173828125 0.15574363425925924
0 0.4677734375 0.034577546296296294 0.166015625 0.06915509259259259
0 0.83984375 0.6067346643518519 0.302734375 0.2900028935185186
0 0.017578125 0.18912760416666669 0.03515625 0.10221354166666663
0 0.1669921875 0.12434895833333334 0.29296875 0.2326388888888889
0 0.595703125 0.01519097222222222 0.11328125 0.03038194444444444
0 0.7822265625 0.0341796875 0.298828125 0.068359375
0 0.9150390625 0.13981119791666666 0.125 0.2796223958333333
0 0.419921875 0.49135561342592593 0.236328125 0.21281828703703698
0 0.42578125 0.7057653356481481 0.20703125 0.24580439814814814
0 0.1357421875 0.7545934606481481 0.220703125 0.24291087962962954
0 0.1279296875 0.9397424768518519 0.126953125 0.11096643518518512
0 0.7080078125 0.8645471643518519 0.251953125 0.16319444444444442
0 0.3798828125 0.2120949074074074 0.181640625 0.1990017361111111
0 0.6123046875 0.6450737847222222 0.24609375 0.27213541666666674
0 0.4306640625 0.8987630208333333 0.236328125 0.1561776620370372
0 0.2587890625 0.9564163773148149 0.185546875 0.0625723379629628
0 0.05859375 0.3618706597222222 0.1171875 0.2684461805555556