0 0.2930700231481482 0.9278971354166667 0.20475983796296293 0.14420572916666652
0 0.1293402777777778 0.8953993055555556 0.17644675925925923 0.20486111111111116
0 0.22060908564814816 0.717947048611111 0.3626446759259259 0.2967881944444444
0 0.857472511574074 0.07471788194444445 0.285054976851852 0.11375868055555555
0 0.08972077546296296 0.09368489583333332 0.16772280092592592 0.187109375
0 0.3985243055555555 0.16102430555555555 0.3119646990740741 0.2976128472222222
0 0.5838252314814815 0.48020833333333335 0.3745081018518519 0.3750868055555556
0 0.8721100983796296 0.5412977430555556 0.2557798032407408 0.3315972222222223
0 0.9059027777777777 0.2046440972222222 0.18819444444444455 0.17421874999999998
0 0.9786241319444444 0.4883246527777778 0.04275173611111116 0.17326388888888888
0 0.9597258391203703 0.7075303819444445 0.0805483217592593 0.3012152777777777
0 0.9795355902777778 0.9817925347222223 0.040928819444444375 0.03641493055555545
0 0.9396412037037036 0.9272569444444445 0.12071759259259274 0.14548611111111098
0 0.7821903935185185 0.9100694444444444 0.26588541666666665 0.17986111111111125
0 0.7409071180555555 0.8007161458333334 0.34900173611111107 0.25941840277777795
0 0.41380931712962965 0.6627387152777777 0.22734374999999996 0.3210937500000002
0 0.2228587962962963 0.27222222222222225 0.30189525462962963 0.2915364583333333
0 0.059071180555555554 0.3115017361111111 0.0980613425925926 0.2733506944444445
0 0.21746238425925923 0.469140625 0.2984230324074074 0.2621961805555555
0 0.06280381944444445 0.533984375 0.08307291666666666 0.2476562499999999
0 0.5871383101851853 0.05499131944444444 0.2953703703703705 0.09045138888888889
0 0.7018446180555555 0.1414279513888889 0.25358796296296293 0.15000000000000002
0 0.6522063078703704 0.2564019097222222 0.26046006944444455 0.16966145833333335
0 0.9617115162037038 0.35423177083333335 0.07657696759259247 0.1562934027777778
0 0.8266131365740741 0.3090494791666667 0.20688657407407396 0.1899305555555555
0 0.49918981481481484 0.9109157986111112 0.24985532407407396 0.17816840277777768