0 0.6034505208333334 0.7085648148148148 0.1358072916666666 0.13469328703703698
0 0.4475911458333333 0.7460648148148148 0.15195312500000002 0.14273726851851842
0 0.6945963541666667 0.770753761574074 0.13489583333333321 0.1210214120370372
0 0.85859375 0.752683738425926 0.14192708333333348 0.1386863425925926
0 0.50546875 0.9543981481481482 0.15364583333333326 0.08032407407407405
0 0.09817708333333333 0.4462528935185185 0.14739583333333334 0.16218171296296302
0 0.7387369791666667 0.934324363425926 0.11223958333333339 0.10312499999999991
0 0.6860677083333333 0.1736111111111111 0.18346354166666679 0.17637442129629632
0 0.16744791666666667 0.1216652199074074 0.11263020833333331 0.108984375
0 0.26953125 0.14263599537037036 0.12460937500000002 0.1130642361111111
0 0.42311197916666665 0.11494502314814814 0.1411458333333333 0.1269675925925926
0 0.9532552083333333 0.093359375 0.09348958333333335 0.14976851851851852
0 0.0625 0.05772569444444445 0.12421874999999999 0.1072048611111111
0 0.21276041666666665 0.8453414351851851 0.23372395833333331 0.19858217592592586
0 0.4317708333333333 0.37679398148148147 0.27122395833333335 0.20499131944444438
0 0.09225260416666667 0.2107566550925926 0.16705729166666666 0.16442418981481483
0 0.259375 0.5034939236111111 0.1903645833333334 0.19208622685185195
0 0.38457031249999996 0.5338975694444444 0.15507812499999996 0.24814814814814823
0 0.5011718749999999 0.5966869212962963 0.15403645833333335 0.17398726851851842
0 0.6490885416666667 0.6160011574074074 0.1742187500000001 0.1547743055555557
0 0.8155598958333333 0.5470630787037037 0.15898437499999996 0.18967013888888884
0 0.9257161458333334 0.6158130787037037 0.1259114583333334 0.19113136574074074
0 0.982421875 0.6742259837962963 0.03515625 0.14761284722222223
0 0.9692708333333333 0.8043692129629629 0.06145833333333339 0.14227430555555554
0 0.8311197916666666 0.8684389467592593 0.1283854166666667 0.11116898148148158
0 0.9216796875 0.9350332754629629 0.1566406250000001 0.09500868055555545
0 0.6761067708333334 0.9626229745370369 0.16380208333333335 0.0570601851851853
0 0.3538411458333333 0.9380714699074074 0.21471354166666667 0.11830150462962963
0 0.12643229166666664 0.958058449074074 0.11484375000000002 0.08365162037037033
0 0.10657552083333333 0.7921730324074074 0.11497395833333335 0.2026765046296295
0 0.148828125 0.6781539351851852 0.1609375 0.16043113425925926
0 0.09733072916666666 0.594849537037037 0.12200520833333334 0.13253761574074074
0 0.23138020833333334 0.303515625 0.18971354166666665 0.21158854166666663
0 0.29466145833333335 0.052662037037037035 0.30585937500000004 0.10532407407407407
0 0.6690104166666666 0.04157986111111111 0.4356770833333332 0.08315972222222222
0 0.9324869791666667 0.020847800925925926 0.11106770833333335 0.04169560185185185
0 0.7422526041666666 0.3565538194444444 0.21106770833333321 0.2099537037037038
0 0.9076497395833334 0.2864655671296296 0.18470052083333321 0.2255497685185185
0 0.95849609375 0.4342375578703703 0.0830078125 0.10708912037037033
0 0.5290364583333333 0.20819589120370371 0.18776041666666665 0.21155960648148148
0 0.30585937500000004 0.6728949652777778 0.1860677083333333 0.1861689814814813
0 0.5606770833333333 0.8587601273148149 0.18971354166666665 0.12378472222222214