0 0.6598668981481481 0.32807436342592594 0.24406828703703698 0.23838252314814812
0 0.09262152777777777 0.6696325231481481 0.16889467592592594 0.14046585648148158
0 0.21796875 0.845949074074074 0.3912037037037037 0.3081018518518519
0 0.7803023726851852 0.7446686921296297 0.20685763888888875 0.23423032407407396
0 0.7004050925925926 0.9064597800925926 0.19466145833333348 0.18677662037037024
0 0.7430700231481482 0.5181423611111111 0.2900028935185186 0.26057581018518516
0 0.6939959490740741 0.06659432870370369 0.23700810185185173 0.0646701388888889
0 0.36021412037037037 0.17513744212962962 0.27171585648148144 0.24586226851851856
0 0.09338831018518519 0.2784215856481482 0.18677662037037038 0.30201099537037035
0 0.5036964699074074 0.09058159722222221 0.1918258101851853 0.13208912037037038
0 0.3478515625 0.47023292824074076 0.21170428240740746 0.21504629629629635
0 0.11690538194444444 0.10684317129629631 0.17280092592592594 0.14069733796296297
0 0.8402705439814815 0.13599537037037035 0.23742766203703702 0.18541666666666667
0 0.9015842013888888 0.46484375 0.17212094907407405 0.35289351851851847
0 0.9050708912037038 0.7187572337962963 0.13091724537037042 0.19662905092592586
0 0.9070818865740741 0.9213252314814815 0.1040075231481481 0.15734953703703702
0 0.48467881944444446 0.9298394097222222 0.20587384259259256 0.14032118055555554
0 0.4999131944444445 0.7114004629629629 0.34207175925925926 0.32596932870370354
0 0.32526765046296297 0.6412977430555555 0.10649594907407411 0.1387152777777778
0 0.013353587962962963 0.32830584490740744 0.026707175925925926 0.18004918981481488
0 0.012981047453703702 0.6109953703703703 0.025962094907407404 0.15156249999999982
0 0.13462456597222222 0.4994357638888889 0.26924913194444444 0.26964699074074083
0 0.020887586805555552 0.8598017939814815 0.041775173611111105 0.1631655092592592
0 0.47923177083333335 0.3545934606481481 0.19473379629629628 0.22572337962962963
0 0.32210648148148147 0.3433232060185185 0.1913917824074074 0.16127025462962963
0 0.8606770833333333 0.27140480324074073 0.21472800925925917 0.1607060185185185