0 0.0927734375 0.2900390625 0.1845703125 0.275390625
0 0.1201171875 0.5625 0.240234375 0.23046875
0 0.365234375 0.7685546875 0.169921875 0.16796875
0 0.494140625 0.8466796875 0.1376953125 0.1376953125
0 0.791015625 0.6796875 0.1279296875 0.1396484375
0 0.7783203125 0.8466796875 0.1572265625 0.15234375
0 0.91796875 0.6552734375 0.16015625 0.26953125
0 0.2265625 0.927734375 0.1376953125 0.115234375
0 0.5849609375 0.076171875 0.26953125 0.15234375
0 0.9326171875 0.2490234375 0.1298828125 0.2822265625
0 0.7548828125 0.4716796875 0.205078125 0.1923828125
0 0.5029296875 0.4140625 0.0849609375 0.1025390625
0 0.357421875 0.099609375 0.1748046875 0.169921875
0 0.29296875 0.4697265625 0.125 0.1103515625
0 0.6298828125 0.7001953125 0.150390625 0.14453125
0 0.1162109375 0.857421875 0.16796875 0.14453125
0 0.365234375 0.3173828125 0.2275390625 0.1962890625
0 0.546875 0.240234375 0.1806640625 0.201171875
0 0.77734375 0.2568359375 0.158203125 0.134765625
0 0.8740234375 0.048828125 0.1376953125 0.09765625
0 0.107421875 0.0361328125 0.21484375 0.072265625
0 0.2548828125 0.1845703125 0.251953125 0.1796875
0 0.0810546875 0.126953125 0.16015625 0.1240234375
0 0.2783203125 0.6064453125 0.0849609375 0.1025390625
0 0.427734375 0.6025390625 0.212890625 0.220703125
0 0.2431640625 0.751953125 0.125 0.2041015625
0 0.6025390625 0.50390625 0.123046875 0.1474609375
0 0.921875 0.92578125 0.15625 0.1474609375
0 0.640625 0.8681640625 0.1796875 0.166015625
0 0.396484375 0.8994140625 0.1611328125 0.1435546875
0 0.0673828125 0.94921875 0.134765625 0.1015625
0 0.04296875 0.833984375 0.0859375 0.1533203125