0 0.8349609375 0.5263671875 0.3251953125 0.3720703125
0 0.255859375 0.70703125 0.2021484375 0.2353515625
0 0.3896484375 0.0888671875 0.2548828125 0.177734375
0 0.888671875 0.138671875 0.2177734375 0.27734375
0 0.0927734375 0.6708984375 0.1845703125 0.16796875
0 0.33203125 0.36328125 0.4453125 0.3076171875
0 0.1298828125 0.1240234375 0.1953125 0.2275390625
0 0.5810546875 0.5126953125 0.197265625 0.1748046875
0 0.552734375 0.92578125 0.1748046875 0.142578125
0 0.787109375 0.884765625 0.330078125 0.224609375
0 0.388671875 0.9404296875 0.142578125 0.115234375
0 0.130859375 0.88671875 0.26171875 0.21875
0 0.4638671875 0.61328125 0.1259765625 0.1376953125
0 0.43359375 0.7939453125 0.1962890625 0.2236328125
0 0.060546875 0.4150390625 0.12109375 0.130859375
0 0.060546875 0.5390625 0.12109375 0.1494140625
0 0.2978515625 0.19140625 0.1748046875 0.142578125
0 0.6474609375 0.146484375 0.294921875 0.29296875
0 0.623046875 0.6640625 0.1708984375 0.1279296875
0 0.865234375 0.7646484375 0.26953125 0.169921875
0 0.0556640625 0.2734375 0.111328125 0.162109375