0 0.2490234375 0.4990234375 0.22265625 0.1923828125
0 0.8154296875 0.3837890625 0.2001953125 0.162109375
0 0.490234375 0.8720703125 0.1650390625 0.205078125
0 0.2109375 0.7216796875 0.1572265625 0.1474609375
0 0.0908203125 0.82421875 0.1474609375 0.177734375
0 0.7138671875 0.09375 0.1875 0.1826171875
0 0.17578125 0.1396484375 0.2373046875 0.1552734375
0 0.0849609375 0.650390625 0.169921875 0.1748046875
0 0.490234375 0.2138671875 0.1875 0.1474609375
0 0.1953125 0.291015625 0.1220703125 0.142578125
0 0.0625 0.32421875 0.125 0.25
0 0.0615234375 0.5068359375 0.12109375 0.14453125
0 0.1806640625 0.9462890625 0.2041015625 0.107421875
0 0.2841796875 0.873046875 0.15625 0.162109375
0 0.3896484375 0.9423828125 0.107421875 0.115234375
0 0.3994140625 0.677734375 0.23828125 0.1865234375
0 0.783203125 0.693359375 0.1806640625 0.171875
0 0.9052734375 0.6279296875 0.189453125 0.255859375
0 0.9091796875 0.908203125 0.181640625 0.1826171875
0 0.54296875 0.5 0.3291015625 0.205078125
0 0.3603515625 0.1611328125 0.169921875 0.126953125
0 0.3583984375 0.3369140625 0.2001953125 0.1748046875
0 0.62109375 0.2958984375 0.21484375 0.1826171875
0 0.8681640625 0.1953125 0.2041015625 0.201171875
0 0.9638671875 0.0927734375 0.0712890625 0.185546875
0 0.873046875 0.04296875 0.1357421875 0.0859375
0 0.9580078125 0.3515625 0.083984375 0.2041015625
0 0.5810546875 0.6904296875 0.271484375 0.2109375
0 0.03515625 0.0830078125 0.0703125 0.166015625
0 0.1865234375 0.0478515625 0.2412109375 0.095703125
0 0.33203125 0.072265625 0.11328125 0.1064453125
0 0.6796875 0.8955078125 0.24609375 0.208984375
0 0.0419921875 0.9462890625 0.0830078125 0.107421875