0 0.8512514467592593 0.8523220486111112 0.20190972222222214 0.1875434027777776
0 0.9056351273148148 0.3440972222222222 0.17910879629629628 0.22981770833333337
0 0.1304615162037037 0.5683015046296296 0.2609230324074074 0.25402199074074083
0 0.4877748842592593 0.15149016203703705 0.1849971064814815 0.23194444444444445
0 0.7665436921296296 0.5083043981481481 0.28256655092592586 0.2289785879629629
0 0.8506510416666666 0.05015190972222222 0.16979166666666679 0.10030381944444444
0 0.3947337962962963 0.8970847800925925 0.26440972222222225 0.18939525462962958
0 0.026953125 0.1388382523148148 0.05390625 0.17544849537037038
0 0.36929976851851853 0.6372106481481481 0.23376736111111107 0.2294849537037038
0 0.12904369212962963 0.9752387152777777 0.16271701388888887 0.045818865740740566
0 0.6580439814814815 0.12301793981481482 0.2432436342592592 0.21024305555555556
0 0.6371817129629629 0.34521846064814815 0.25551215277777795 0.24769965277777772
0 0.5338179976851851 0.6674768518518519 0.15856481481481488 0.16087962962962976
0 0.13864293981481482 0.12962239583333335 0.22560763888888885 0.20581597222222225
0 0.16510416666666666 0.32016059027777777 0.20196759259259256 0.1914496527777778
0 0.6361255787037037 0.03283420138888889 0.30196759259259265 0.06566840277777777
0 0.24035734953703702 0.05047019675925926 0.17107928240740744 0.08315972222222223
0 0.9525462962962963 0.8014901620370369 0.07378472222222232 0.23645833333333321
0 0.45873842592592595 0.3983362268518518 0.2148726851851852 0.271875
0 0.3636574074074074 0.09562355324074075 0.18223379629629632 0.17719907407407406
0 0.07097077546296296 0.13558304398148147 0.14194155092592592 0.19367766203703707
0 0.22861689814814815 0.9088396990740741 0.1467013888888889 0.15076678240740726
0 0.04895833333333333 0.3617766203703704 0.09791666666666667 0.2373842592592592
0 0.8247829861111111 0.20104890046296295 0.22583912037037046 0.2214409722222222
0 0.7911530671296296 0.6920645254629629 0.18237847222222214 0.1869646990740741
0 0.927611400462963 0.5738136574074074 0.13002025462962963 0.21079282407407396
0 0.632986111111111 0.7601996527777778 0.21747685185185173 0.1841001157407407
0 0.5634765625 0.9057508680555556 0.19955150462962967 0.1601417824074074
0 0.14578993055555556 0.833203125 0.2740162037037037 0.31072048611111125
0 0.3079788773148148 0.4935836226851852 0.16982060185185188 0.12997685185185182
0 0.692628761574074 0.8853298611111111 0.11163194444444446 0.15558449074074066
0 0.5540364583333333 0.5546223958333333 0.17258391203703694 0.18472222222222223
0 0.28838975694444446 0.3662905092592592 0.15127314814814818 0.1958043981481481