0 0.3138888888888889 0.4974826388888889 0.22012442129629628 0.2551793981481483
0 0.8888310185185185 0.37080439814814814 0.198292824074074 0.24234664351851853
0 0.9396918402777779 0.6678385416666667 0.08878761574074057 0.16646412037037028
0 0.8903356481481481 0.8481770833333333 0.17766203703703698 0.20422453703703702
0 0.42098524305555557 0.8111255787037037 0.1723090277777778 0.1551938657407408
0 0.2343894675925926 0.7378761574074074 0.30979456018518514 0.253978587962963
0 0.18819444444444444 0.9098017939814815 0.19845196759259265 0.18039641203703694
0 0.18158998842592594 0.2421947337962963 0.19547164351851853 0.21294849537037042
0 0.5316044560185185 0.11461226851851852 0.1821903935185185 0.1596064814814815
0 0.5546079282407408 0.2625144675925926 0.1855324074074074 0.2065827546296296
0 0.8827907986111111 0.1455367476851852 0.1641059027777778 0.20742187499999998
0 0.9331090856481481 0.9554904513888889 0.0826244212962961 0.08901909722222223
0 0.7648220486111111 0.9430483217592592 0.2558304398148148 0.11390335648148153
0 0.5615813078703704 0.9349645543981482 0.17254050925925934 0.13007089120370363
0 0.2376953125 0.9798394097222223 0.20652488425925924 0.04032118055555545
0 0.606691261574074 0.7493561921296297 0.30434027777777795 0.26734664351851833
0 0.7858940972222223 0.7420211226851852 0.13025173611111107 0.11791087962962976
0 0.42253327546296293 0.9436197916666667 0.1308883101851852 0.1127604166666667
0 0.17879774305555557 0.5344907407407407 0.13583622685185182 0.17475405092592577
0 0.4628761574074074 0.3545862268518518 0.12858796296296293 0.12757523148148153
0 0.7737630208333334 0.2601851851851852 0.18725405092592595 0.19887152777777772
0 0.09222366898148149 0.13274016203703703 0.18444733796296298 0.19126157407407407
0 0.011711516203703703 0.18522858796296296 0.023423032407407406 0.23764467592592592
0 0.06782407407407408 0.5380280671296296 0.13564814814814816 0.21277488425925917
0 0.06493055555555556 0.7317418981481482 0.12986111111111112 0.20815972222222223
0 0.07063078703703704 0.9130714699074074 0.12630208333333331 0.1738570601851852
0 0.6487847222222223 0.41801938657407406 0.13100405092592604 0.14330150462962965
0 0.7450520833333334 0.46995804398148144 0.13653067129629637 0.198191550925926
0 0.5963324652777777 0.5708116319444445 0.1849537037037039 0.1870515046296295
0 0.3334418402777778 0.13465711805555555 0.1679542824074074 0.20567129629629627
0 0.6773292824074074 0.18085214120370371 0.18052662037037037 0.16927083333333331
0 0.6292173032407408 0.05512152777777778 0.10875289351851847 0.050491898148148154
0 0.8305772569444444 0.6533781828703704 0.1724247685185185 0.15910011574074057