0 0.5160373263888889 0.36141493055555557 0.24197048611111116 0.26090856481481484
0 0.554296875 0.7477213541666667 0.19752604166666665 0.19322916666666679
0 0.5214409722222222 0.8648292824074074 0.16072048611111112 0.11796874999999996
0 0.49739583333333337 0.9367838541666667 0.16814236111111103 0.1006221064814814
0 0.31514756944444444 0.9255931712962964 0.1508246527777778 0.1118200231481481
0 0.134375 0.2331669560185185 0.24626736111111108 0.27860243055555556
0 0.18921440972222223 0.7077907986111112 0.14157986111111115 0.13496817129629646
0 0.40698784722222225 0.6135054976851853 0.12812500000000004 0.14432870370370354
0 0.9343098958333333 0.46710792824074077 0.11384548611111112 0.20441261574074066
0 0.9509765625 0.24410445601851852 0.08919270833333348 0.14903067129629627
0 0.8404513888888889 0.16735387731481483 0.12608506944444442 0.14036458333333335
0 0.3937717013888889 0.15423900462962964 0.2119357638888889 0.22683738425925926
0 0.13409288194444444 0.0734375 0.16931423611111113 0.146875
0 0.6737196180555556 0.11666666666666667 0.19900173611111116 0.17180266203703703
0 0.5578776041666667 0.5865885416666666 0.1938802083333333 0.20483217592592595
0 0.08819444444444444 0.37897135416666666 0.13741319444444444 0.12313368055555551
0 0.7968098958333334 0.6819806134259259 0.28602430555555536 0.2231770833333333
0 0.3701388888888889 0.040046296296296295 0.3495659722222222 0.08009259259259259
0 0.7502604166666667 0.06145833333333334 0.3114583333333334 0.12291666666666667
0 0.9600911458333333 0.09744646990740741 0.07695312499999996 0.1252459490740741
0 0.9240451388888888 0.13852719907407407 0.14869791666666687 0.19178240740740743
0 0.8242838541666666 0.3239800347222222 0.26892361111111107 0.244140625
0 0.6754123263888889 0.3918258101851852 0.16974826388888875 0.1728877314814815
0 0.7508897569444444 0.5086516203703704 0.2999999999999998 0.237254050925926
0 0.3185763888888889 0.3321325231481481 0.1738715277777778 0.18276909722222223
0 0.2338324652777778 0.5005497685185185 0.1576822916666667 0.15691550925925934
0 0.33372395833333335 0.7484013310185185 0.1377170138888889 0.13680555555555562
0 0.23695746527777778 0.8430049189814814 0.17313368055555556 0.14956597222222223
0 0.10169270833333333 0.8658709490740741 0.20338541666666665 0.18622685185185173
0 0.05234375 0.6906467013888888 0.1046875 0.2632378472222223
0 0.7683376736111112 0.8653211805555556 0.3115885416666666 0.23174189814814827
0 0.6471137152777777 0.9186848958333333 0.18242187500000018 0.1283709490740741