0 0.4111689814814815 0.3323784722222222 0.13469328703703698 0.15911458333333328
0 0.5071614583333334 0.3751302083333333 0.1255063657407407 0.12183159722222225
0 0.7186053240740741 0.6202256944444444 0.18366608796296302 0.1641059027777778
0 0.6664858217592593 0.10423177083333333 0.1592158564814814 0.18893229166666667
0 0.18760850694444445 0.25635850694444445 0.24211516203703703 0.21419270833333337
0 0.18518518518518517 0.5062065972222223 0.29419849537037035 0.3031684027777777
0 0.05834056712962963 0.4673177083333333 0.11668113425925926 0.2802083333333334
0 0.30374710648148145 0.7826388888888889 0.25224247685185186 0.2768663194444445
0 0.8551070601851851 0.3859375 0.19552951388888884 0.16827256944444446
0 0.9304470486111112 0.11690538194444444 0.13519965277777768 0.17278645833333334
0 0.3480541087962963 0.06595052083333333 0.27264178240740744 0.13190104166666666
0 0.1322337962962963 0.0681640625 0.23943865740740738 0.136328125
0 0.5009403935185185 0.12157118055555555 0.22041377314814814 0.20785590277777777
0 0.7490596064814814 0.3512152777777778 0.14822048611111116 0.15551215277777775
0 0.5677083333333334 0.5055121527777777 0.2842881944444444 0.29904513888888884
0 0.39290364583333337 0.5884331597222222 0.20001446759259256 0.23667534722222228
0 0.535083912037037 0.8594618055555556 0.2554976851851851 0.2593749999999999
0 0.3944950810185185 0.9406467013888888 0.35134548611111116 0.10733506944444438
0 0.015624999999999998 0.715234375 0.031249999999999997 0.27265625000000004
0 0.11997251157407407 0.7888454861111112 0.23994502314814814 0.20277777777777795
0 0.07866753472222222 0.8963541666666667 0.15733506944444445 0.17213541666666665
0 0.8019386574074074 0.9257378472222222 0.20138888888888884 0.11571180555555571
0 0.8557219328703705 0.7381727430555556 0.18315972222222232 0.1504340277777778
0 0.6857277199074074 0.7965928819444444 0.19068287037037024 0.19548611111111103
0 0.8379991319444444 0.5317057291666667 0.25224247685185186 0.22417534722222232
0 0.9301215277777778 0.257421875 0.12369791666666674 0.12569444444444444
0 0.9418041087962963 0.3635199652777778 0.09194155092592604 0.111328125
0 0.8333333333333333 0.030457899305555557 0.21144386574074092 0.06091579861111111
0 0.8299696180555556 0.16890190972222222 0.21802662037037024 0.2487847222222222
0 0.06235532407407407 0.2904296875 0.12471064814814814 0.14926215277777777