0 0.1591796875 0.576171875 0.138671875 0.1728515625
0 0.0654296875 0.72265625 0.1259765625 0.2138671875
0 0.7392578125 0.06640625 0.138671875 0.1328125
0 0.5888671875 0.943359375 0.197265625 0.1123046875
0 0.6640625 0.2587890625 0.2529296875 0.2060546875
0 0.2216796875 0.8896484375 0.224609375 0.1513671875
0 0.5654296875 0.072265625 0.23046875 0.14453125
0 0.2783203125 0.1826171875 0.1865234375 0.189453125
0 0.8505859375 0.681640625 0.220703125 0.2314453125
0 0.9345703125 0.39453125 0.130859375 0.19140625
0 0.404296875 0.453125 0.2099609375 0.1884765625
0 0.21875 0.330078125 0.193359375 0.154296875
0 0.9501953125 0.2041015625 0.09765625 0.162109375
0 0.0595703125 0.2666015625 0.1181640625 0.1396484375
0 0.1796875 0.9736328125 0.1806640625 0.0517578125
0 0.0615234375 0.91796875 0.09375 0.1259765625
0 0.041015625 0.552734375 0.0810546875 0.158203125
0 0.7451171875 0.4296875 0.166015625 0.173828125
0 0.875 0.939453125 0.1962890625 0.12109375
0 0.869140625 0.0537109375 0.19140625 0.107421875
0 0.3662109375 0.97265625 0.185546875 0.0537109375
0 0.0244140625 0.1015625 0.0478515625 0.1923828125
0 0.4580078125 0.7509765625 0.2041015625 0.279296875
0 0.9560546875 0.8740234375 0.087890625 0.119140625
0 0.1298828125 0.0263671875 0.18359375 0.0517578125
0 0.125 0.109375 0.1640625 0.154296875
0 0.6005859375 0.6669921875 0.12109375 0.154296875
0 0.2490234375 0.751953125 0.224609375 0.173828125
0 0.720703125 0.6640625 0.1005859375 0.18359375
0 0.841796875 0.1767578125 0.1005859375 0.1484375
0 0.8515625 0.31640625 0.111328125 0.162109375
0 0.41015625 0.2939453125 0.072265625 0.09765625
0 0.486328125 0.265625 0.0908203125 0.0869140625
0 0.4873046875 0.1650390625 0.1689453125 0.1396484375
0 0.27734375 0.5517578125 0.1083984375 0.1181640625
0 0.7314453125 0.931640625 0.0791015625 0.1240234375
0 0.580078125 0.4130859375 0.162109375 0.1357421875
0 0.400390625 0.89453125 0.1005859375 0.0849609375