0 0.8050925925925927 0.23796296296296296 0.2054687500000001 0.21388888888888885
0 0.5591145833333333 0.3694806134259259 0.19442997685185182 0.17077546296296298
0 0.7044560185185185 0.7353298611111111 0.17420428240740726 0.14704861111111112
0 0.42398003472222223 0.7463179976851853 0.20040509259259265 0.1747685185185186
0 0.06702835648148148 0.7176215277777778 0.13405671296296295 0.20538194444444446
0 0.29071180555555554 0.4671657986111111 0.22258391203703698 0.19852430555555556
0 0.8440682870370371 0.8992042824074074 0.18489583333333348 0.17844328703703694
0 0.5504123263888889 0.8937934027777779 0.277271412037037 0.19933449074074083
0 0.21174768518518516 0.8919777199074074 0.2709490740740741 0.1836226851851852
0 0.2876302083333333 0.24172453703703703 0.20885416666666667 0.19636863425925927
0 0.3228443287037037 0.10747251157407407 0.1626591435185185 0.152734375
0 0.15498408564814814 0.13924334490740742 0.1654803240740741 0.18206018518518519
0 0.9665147569444444 0.09403211805555556 0.0639612268518519 0.11613136574074073
0 0.8864438657407407 0.5891420717592593 0.16082175925925934 0.15661168981481488
0 0.2117042824074074 0.03899739583333333 0.14690393518518519 0.07799479166666666
0 0.43872251157407405 0.18287037037037035 0.2054687500000001 0.2138888888888889
0 0.08928674768518519 0.05142505787037037 0.09486400462962963 0.10285011574074074
0 0.06257233796296297 0.19429976851851852 0.09062500000000001 0.1594762731481481
0 0.08100405092592593 0.5485026041666666 0.16200810185185185 0.17252604166666674
0 0.05393518518518518 0.4092881944444444 0.10787037037037037 0.19314236111111116
0 0.14993489583333333 0.3755425347222222 0.21598668981481478 0.23942418981481484
0 0.4532552083333333 0.45011574074074073 0.20109953703703698 0.1982060185185185
0 0.37375578703703705 0.5635489004629629 0.1376157407407408 0.1640769675925926
0 0.2107349537037037 0.6626012731481481 0.224146412037037 0.25125868055555545
0 0.041247106481481485 0.8625 0.08249421296296297 0.1773437499999999
0 0.39076967592592593 0.9117766203703703 0.1728298611111111 0.1665509259259259
0 0.7262152777777777 0.9234013310185185 0.1523148148148148 0.13305844907407405
0 0.8939525462962963 0.796947337962963 0.11595775462962976 0.15789930555555554
0 0.9139684606481482 0.41791087962962964 0.15285011574074092 0.21701388888888895
0 0.9655671296296297 0.2248480902777778 0.06030092592592595 0.19026331018518516
0 0.6259910300925926 0.05943287037037037 0.16770833333333335 0.11886574074074074
0 0.4243634259259259 0.04559461805555556 0.24502314814814818 0.09118923611111111
0 0.7459056712962964 0.061183449074074074 0.14765624999999982 0.1076099537037037
0 0.8817346643518518 0.056242766203703706 0.09749710648148158 0.061964699074074064
0 0.5415292245370371 0.6664858217592593 0.22977430555555545 0.24353298611111107
0 0.6295645254629629 0.5285228587962962 0.22673611111111125 0.27277199074074066
0 0.7774594907407407 0.5116898148148148 0.19059606481481484 0.23904803240740735