0 0.7509765625 0.2548828125 0.16796875 0.1796875
0 0.5390625 0.40234375 0.162109375 0.1396484375
0 0.728515625 0.73046875 0.1474609375 0.1201171875
0 0.4658203125 0.7685546875 0.16796875 0.142578125
0 0.0908203125 0.78125 0.1728515625 0.1728515625
0 0.30078125 0.521484375 0.1875 0.162109375
0 0.888671875 0.875 0.1572265625 0.16015625
0 0.6083984375 0.9033203125 0.2373046875 0.177734375
0 0.287109375 0.92578125 0.2353515625 0.142578125
0 0.2666015625 0.3115234375 0.1728515625 0.162109375
0 0.2802734375 0.181640625 0.134765625 0.1279296875
0 0.1259765625 0.2275390625 0.1328125 0.1552734375
0 0.9287109375 0.0791015625 0.1376953125 0.142578125
0 0.87890625 0.5751953125 0.1328125 0.1298828125
0 0.162109375 0.10546875 0.125 0.10546875
0 0.3994140625 0.2392578125 0.16796875 0.1796875
0 0.16015625 0.0361328125 0.1962890625 0.072265625
0 0.04296875 0.0986328125 0.0849609375 0.197265625
0 0.0400390625 0.2890625 0.080078125 0.140625
0 0.099609375 0.6201171875 0.162109375 0.1416015625
0 0.0556640625 0.494140625 0.111328125 0.169921875
0 0.1552734375 0.44921875 0.173828125 0.2041015625
0 0.451171875 0.4873046875 0.1650390625 0.166015625
0 0.392578125 0.6025390625 0.1083984375 0.140625
0 0.25390625 0.7109375 0.1806640625 0.212890625
0 0.0771484375 0.9248046875 0.1533203125 0.150390625
0 0.458984375 0.9296875 0.1416015625 0.140625
0 0.7802734375 0.92578125 0.1240234375 0.1474609375
0 0.9287109375 0.7705078125 0.1103515625 0.13671875
0 0.9111328125 0.4140625 0.177734375 0.1875
0 0.9443359375 0.2255859375 0.111328125 0.1708984375
0 0.55859375 0.076171875 0.1455078125 0.15234375
0 0.3662109375 0.0712890625 0.220703125 0.142578125
0 0.671875 0.068359375 0.12890625 0.13671875
0 0.798828125 0.0556640625 0.0859375 0.0927734375
0 0.564453125 0.681640625 0.1875 0.2041015625
0 0.62890625 0.544921875 0.1806640625 0.2353515625
0 0.765625 0.5126953125 0.1494140625 0.2060546875