0 0.6126085069444445 0.22962239583333335 0.28987268518518516 0.29765625
0 0.11515480324074075 0.5577473958333333 0.1812934027777778 0.19309895833333335
0 0.11919126157407407 0.38990885416666665 0.20678530092592592 0.1967447916666667
0 0.29388744212962964 0.45175781249999997 0.1616608796296296 0.18984374999999998
0 0.5216145833333333 0.59140625 0.4282841435185185 0.376953125
0 0.7987123842592592 0.7571614583333333 0.19156539351851842 0.2035156250000001
0 0.9201171875 0.7533203125000001 0.1597656249999999 0.2688802083333335
0 0.8372106481481482 0.056640625 0.20957754629629632 0.11328125
0 0.9534722222222223 0.05169270833333334 0.08663194444444455 0.10338541666666667
0 0.23948206018518517 0.15846354166666665 0.31006944444444445 0.23671874999999998
0 0.3079788773148148 0.3077473958333333 0.18236400462962965 0.138671875
0 0.263671875 0.6438802083333334 0.15290798611111112 0.20872395833333335
0 0.582884837962963 0.8470052083333334 0.2153067129629629 0.2109375
0 0.8444082754629629 0.3953776041666667 0.31118344907407414 0.34596354166666665
0 0.5707754629629629 0.051106770833333336 0.2821759259259258 0.10221354166666667
0 0.3288917824074074 0.843359375 0.14819155092592595 0.1928385416666667
0 0.4486255787037037 0.8657552083333333 0.1288628472222222 0.19544270833333321
0 0.7640118634259259 0.9005859375 0.12204861111111098 0.1015625
0 0.1688874421296296 0.06888020833333333 0.25102719907407406 0.13776041666666666
0 0.19479890046296297 0.8464192708333333 0.1701822916666667 0.2040364583333334
0 0.09010416666666667 0.8494791666666667 0.08505497685185184 0.2139322916666666
0 0.16665943287037038 0.9462890625 0.21179108796296298 0.10559895833333344
0 0.45231481481481484 0.3510416666666667 0.16465567129629632 0.17252604166666674
0 0.44309895833333335 0.17330729166666667 0.13687789351851842 0.19986979166666669