0 0.8404296875 0.2733362268518519 0.2983072916666667 0.2934317129629629
0 0.35800781249999997 0.12681568287037037 0.28580729166666663 0.2228877314814815
0 0.20833333333333331 0.3252025462962963 0.216796875 0.18185763888888884
0 0.121484375 0.5360460069444444 0.24296875 0.29118923611111125
0 0.34915364583333336 0.4935402199074074 0.22838541666666667 0.2094907407407407
0 0.7320963541666667 0.8895905671296296 0.2576822916666668 0.1811197916666667
0 0.8453776041666667 0.506127025462963 0.2529947916666666 0.22776331018518525
0 0.57265625 0.41576967592592595 0.3114583333333334 0.2860243055555556
0 0.6338541666666666 0.06269892939814815 0.1928385416666667 0.1253978587962963
0 0.9209635416666666 0.07424045138888889 0.15416666666666679 0.14848090277777778
0 0.3583984375 0.04070457175925926 0.291015625 0.08140914351851852
0 0.12779947916666667 0.7934244791666667 0.25559895833333335 0.3076822916666666
0 0.7947916666666667 0.0975513599537037 0.21992187500000004 0.1951027199074074
0 0.15670572916666667 0.13472945601851852 0.21888020833333338 0.18386863425925926
0 0.32838541666666665 0.7027271412037037 0.306640625 0.24299768518518516
0 0.6540364583333333 0.6277777777777778 0.2559895833333332 0.21420717592592586
0 0.5666015625 0.8866970486111111 0.1923177083333334 0.1947771990740741
0 0.38300781250000004 0.9067563657407407 0.2196614583333334 0.16634837962962967
0 0.42656249999999996 0.7943576388888889 0.31028645833333335 0.2099681712962962