0 0.6669053819444444 0.17031249999999998 0.18237847222222214 0.19361979166666665
0 0.5305772569444445 0.31927083333333334 0.2216145833333334 0.20794270833333328
0 0.7637369791666666 0.38457031249999996 0.1607494212962961 0.18242187499999996
0 0.26202980324074077 0.4994140625 0.19007523148148153 0.18632812499999996
0 0.7393952546296296 0.7829427083333333 0.29655671296296293 0.26171875
0 0.6868417245370371 0.96669921875 0.1811631944444443 0.06660156250000004
0 0.16980613425925928 0.9160807291666666 0.2525173611111111 0.16783854166666679
0 0.4841145833333333 0.5415364583333333 0.1806278935185185 0.20716145833333344
0 0.43798466435185185 0.12773437499999998 0.3212818287037037 0.2184895833333333
0 0.3892288773148148 0.39277343750000004 0.16445312499999998 0.1690104166666666
0 0.14963831018518517 0.3543619791666667 0.2936053240740741 0.32591145833333335
0 0.04790943287037037 0.13880208333333333 0.09477719907407407 0.20729166666666665
0 0.16568287037037038 0.1203125 0.27423321759259256 0.20364583333333333
0 0.8851490162037037 0.15071614583333334 0.18045428240740735 0.19544270833333333
0 0.9150969328703704 0.3283203125 0.16607349537037042 0.2783854166666667
0 0.8304542824074075 0.6075520833333333 0.17456597222222214 0.19309895833333335
0 0.6876519097222222 0.5170572916666667 0.20642361111111107 0.23619791666666679
0 0.9258463541666666 0.5654296875 0.14830729166666679 0.2095052083333333
0 0.9260561342592593 0.7684895833333334 0.1478877314814815 0.2955729166666665
0 0.9309678819444445 0.9443359375 0.13806423611111107 0.111328125
0 0.5641348379629629 0.9165364583333333 0.1943287037037038 0.1669270833333334
0 0.403978587962963 0.9112630208333333 0.1904224537037037 0.17747395833333335
0 0.33814380787037035 0.7639973958333333 0.1904224537037037 0.20976562500000018
0 0.2086009837962963 0.7124348958333333 0.2263310185185185 0.26289062500000004
0 0.09939959490740741 0.58515625 0.18444733796296298 0.2015625000000001
0 0.5668185763888889 0.6582682291666666 0.20205439814814818 0.2046874999999999
0 0.3541160300925926 0.26165364583333334 0.18223379629629632 0.18385416666666665
0 0.7563223379629629 0.08164062500000001 0.3017071759259258 0.08255208333333333