0 0.7006655092592593 0.2984085648148148 0.34584780092592604 0.3302083333333333
0 0.39011863425925924 0.23641493055555554 0.26439525462962965 0.2380497685185185
0 0.17339409722222224 0.2808304398148148 0.2771267361111111 0.2657407407407407
0 0.30504918981481477 0.5271846064814815 0.257740162037037 0.21639178240740753
0 0.11801938657407407 0.5769748263888889 0.23603877314814814 0.2945746527777777
0 0.09483506944444445 0.8073567708333333 0.1896701388888889 0.2534866898148147
0 0.15784143518518517 0.9601417824074074 0.23350694444444442 0.07971643518518512
0 0.7858434606481481 0.6118200231481481 0.18084490740740744 0.19460358796296306
0 0.552734375 0.06916956018518519 0.171875 0.11044560185185187
0 0.4086009837962963 0.054144965277777776 0.16326678240740744 0.08872974537037037
0 0.26077835648148145 0.7458405671296297 0.31264467592592593 0.27654803240740744
0 0.8859230324074074 0.04775752314814814 0.06409143518518512 0.044820601851851855
0 0.7195818865740741 0.07802372685185185 0.29130497685185186 0.12178819444444444
0 0.2827690972222222 0.07290219907407407 0.11234085648148151 0.08331886574074074
0 0.1281467013888889 0.13467881944444443 0.2562934027777778 0.18732638888888886
0 0.05591724537037037 0.34160879629629626 0.11183449074074074 0.2886863425925925
0 0.6072410300925926 0.4716145833333333 0.2436342592592593 0.20426793981481484
0 0.6711154513888888 0.6739221643518518 0.21556712962962976 0.23660300925925926
0 0.9091796875 0.6076533564814814 0.14677372685185186 0.22285879629629646
0 0.466796875 0.9283492476851851 0.26548032407407396 0.14330150462962976
0 0.5558449074074074 0.19635416666666666 0.1885127314814814 0.1909288194444444
0 0.4808304398148148 0.6907696759259259 0.25745081018518523 0.2612557870370371
0 0.7373408564814814 0.8919307002314815 0.2499276620370372 0.21613859953703707
0 0.8938802083333333 0.8887586805555556 0.15393518518518512 0.1528356481481481
0 0.8967737268518519 0.20352285879629628 0.1362123842592593 0.25376157407407407