0 0.46124131944444446 0.32356770833333337 0.275462962962963 0.29166666666666674
0 0.8721137152777778 0.09361979166666667 0.15794270833333335 0.18723958333333335
0 0.9045283564814814 0.6990885416666667 0.1815972222222224 0.26979166666666665
0 0.3147786458333333 0.7257161458333333 0.3397280092592593 0.2705729166666666
0 0.4181712962962963 0.8671875 0.24959490740740742 0.2255208333333334
0 0.799927662037037 0.19361979166666665 0.23797743055555554 0.23841145833333333
0 0.622265625 0.45924479166666665 0.3359664351851852 0.28984374999999996
0 0.5931712962962963 0.06171875 0.20428240740740744 0.1234375
0 0.7664279513888889 0.0024088541666666685 0.2718315972222223 0.004817708333333337
0 0.0779224537037037 0.6809895833333334 0.14811921296296296 0.23046875
0 0.962377025462963 0.7957682291666667 0.06329571759259256 0.11158854166666665
0 0.03467158564814815 0.2310546875 0.0693431712962963 0.209765625
0 0.9120659722222222 0.4721354166666667 0.1698495370370372 0.2651041666666667
0 0.1994357638888889 0.8798177083333334 0.2769675925925926 0.23125000000000018
0 0.3861328125 0.0697265625 0.21210937500000004 0.139453125
0 0.3189091435185185 0.9587239583333333 0.19560185185185186 0.05208333333333326
0 0.8873046875 0.3888671875 0.22154224537037037 0.3915364583333333
0 0.7195746527777778 0.6313802083333333 0.28682002314814814 0.2436197916666667
0 0.2531032986111111 0.4867838541666667 0.31657986111111114 0.3080729166666667
0 0.7899522569444444 0.8814453125 0.2231770833333333 0.08515625000000004
0 0.028985821759259258 0.1201171875 0.057971643518518516 0.080078125
0 0.6899233217592593 0.8129557291666667 0.3495949074074074 0.28489583333333335