0 0.4595269097222222 0.2172309027777778 0.15169270833333326 0.1552806712962963
0 0.728515625 0.6608796296296295 0.26098090277777786 0.2456307870370371
0 0.24329427083333333 0.9155164930555555 0.22973090277777775 0.15600405092592595
0 0.1013454861111111 0.9522858796296296 0.10737847222222224 0.09218750000000009
0 0.11078559027777778 0.8050491898148149 0.1575954861111111 0.1575810185185187
0 0.5376519097222222 0.8286458333333333 0.1474392361111112 0.13942418981481497
0 0.6168836805555555 0.34578269675925927 0.14565972222222223 0.14712094907407403
0 0.7657118055555556 0.3985677083333333 0.16566840277777795 0.16976273148148147
0 0.9092881944444444 0.523046875 0.17786458333333321 0.1919415509259259
0 0.9132378472222222 0.21674623842592594 0.13398437500000004 0.14837962962962958
0 0.851171875 0.283984375 0.13415798611111107 0.15619212962962958
0 0.7013888888888888 0.14422743055555556 0.15776909722222232 0.16539351851851852
0 0.7960720486111111 0.0298828125 0.11558159722222228 0.059765625
0 0.6815972222222222 0.023763020833333336 0.13272569444444438 0.04752604166666667
0 0.4150173611111111 0.06322699652777777 0.11987847222222214 0.12645399305555555
0 0.5038194444444444 0.027307581018518517 0.14826388888888875 0.054615162037037035
0 0.16707899305555554 0.12601996527777778 0.16519097222222223 0.14827835648148147
0 0.15568576388888888 0.27337239583333334 0.15520833333333334 0.13793402777777775
0 0.4452256944444445 0.4537398726851852 0.14140624999999996 0.13126446759259258
0 0.5611545138888889 0.1261357060185185 0.19175347222222205 0.20251736111111113
0 0.26985677083333337 0.047779224537037035 0.13888888888888884 0.09555844907407407
0 0.08355034722222222 0.06349826388888889 0.16614583333333335 0.10347222222222222
0 0.039539930555555554 0.1511791087962963 0.07543402777777779 0.14686053240740737
0 0.06783854166666667 0.32453703703703707 0.12430555555555556 0.15170717592592586
0 0.3363715277777778 0.3076461226851852 0.12408854166666661 0.14194155092592586
0 0.33038194444444446 0.4341435185185185 0.18719618055555554 0.17298900462962963
0 0.17717013888888888 0.4041087962962963 0.17513020833333337 0.15666956018518519
0 0.15911458333333334 0.5596788194444444 0.1792534722222222 0.16666666666666674
0 0.04704861111111112 0.44506655092592595 0.07717013888888889 0.1372106481481481
0 0.0654296875 0.6121672453703704 0.10026041666666666 0.12297453703703698
0 0.09707031249999999 0.7158998842592592 0.14114583333333333 0.11954571759259247
0 0.25709635416666665 0.6565465856481482 0.17938368055555554 0.17252604166666674
0 0.35260416666666666 0.5540798611111111 0.16319444444444442 0.14620949074074074
0 0.47890625 0.6492693865740741 0.21909722222222228 0.2041377314814814
0 0.45251736111111107 0.7818648726851851 0.11362847222222228 0.11011284722222214
0 0.5845269097222223 0.9138744212962963 0.1527343750000001 0.11438078703703702
0 0.6918402777777778 0.8586226851851851 0.13116319444444446 0.19697627314814814
0 0.9012586805555556 0.8269892939814816 0.19748263888888884 0.2099971064814814
0 0.9163845486111111 0.6663700810185185 0.10763888888888884 0.10390625000000009
0 0.98984375 0.6018807870370371 0.020312499999999956 0.1621238425925926
0 0.9513237847222222 0.40773292824074076 0.09735243055555554 0.20351562499999998
0 0.9216145833333333 0.07170500578703703 0.12243923611111107 0.14341001157407407
0 0.8342013888888888 0.13635706018518517 0.15164930555555545 0.1533275462962963
0 0.8747395833333333 0.007863136574074076 0.1049479166666667 0.015726273148148152
0 0.31299913194444445 0.17995515046296295 0.1714409722222222 0.16620370370370374
0 0.6808810763888888 0.4974681712962963 0.16762152777777795 0.1698784722222222
0 0.5323567708333333 0.5023582175925926 0.1839843750000001 0.20400752314814818