0 0.6536675347222223 0.3016565393518518 0.3827256944444444 0.3671006944444445
0 0.45917968750000004 0.6697265625 0.38702256944444446 0.38488136574074083
0 0.7050347222222222 0.8432870370370371 0.2552951388888889 0.25124421296296306
0 0.15347222222222223 0.775318287037037 0.23758680555555556 0.24447337962962967
0 0.14149305555555555 0.9193287037037037 0.22157118055555552 0.13829571759259274
0 0.10751953125 0.3506727430555555 0.2150390625 0.21446759259259252
0 0.24418402777777776 0.2048611111111111 0.1391059027777778 0.20230034722222223
0 0.3945963541666666 0.23998119212962962 0.22769097222222223 0.23810763888888892
0 0.914453125 0.06724537037037037 0.16883680555555558 0.13449074074074074
0 0.5221571180555555 0.047388599537037036 0.26037326388888893 0.09477719907407407
0 0.9181857638888888 0.42547743055555554 0.1473958333333334 0.22418981481481493
0 0.3270182291666667 0.4278428819444444 0.2811197916666667 0.27209201388888893
0 0.28671875 0.0558521412037037 0.14140624999999996 0.1117042824074074
0 0.13218315972222222 0.07145543981481481 0.20828993055555556 0.14291087962962962
0 0.7676432291666666 0.06456163194444445 0.1949218749999999 0.1291232638888889
0 0.7329861111111111 0.6389467592592593 0.17361111111111116 0.1748263888888888
0 0.8750434027777778 0.6549913194444444 0.21579861111111098 0.22968750000000004
0 0.9015842013888888 0.865285011574074 0.1366753472222224 0.18071469907407423
0 0.4198133680555556 0.9048972800925925 0.18485243055555545 0.15394965277777795
0 0.11770833333333333 0.62890625 0.16106770833333334 0.1371093750000001
0 0.1138454861111111 0.18820891203703705 0.2244357638888889 0.17941261574074074
0 0.9184895833333333 0.1923321759259259 0.1557291666666667 0.16024305555555557