0 0.6328125 0.2783203125 0.4296875 0.5224609375
0 0.2861328125 0.2109375 0.2421875 0.232421875
0 0.1484375 0.3564453125 0.2470703125 0.2470703125
0 0.888671875 0.07421875 0.162109375 0.1376953125
0 0.09375 0.15234375 0.1875 0.205078125
0 0.494140625 0.701171875 0.322265625 0.3671875
0 0.9228515625 0.8349609375 0.150390625 0.2353515625
0 0.3349609375 0.9404296875 0.1396484375 0.115234375
0 0.1953125 0.5400390625 0.390625 0.2353515625
0 0.1298828125 0.732421875 0.1982421875 0.2265625
0 0.2734375 0.7646484375 0.1650390625 0.2353515625
0 0.1669921875 0.919921875 0.2470703125 0.16015625
0 0.052734375 0.8076171875 0.10546875 0.2861328125
0 0.5546875 0.9248046875 0.251953125 0.150390625
0 0.8154296875 0.8408203125 0.119140625 0.1865234375
0 0.72265625 0.6201171875 0.1240234375 0.1357421875
0 0.427734375 0.81640625 0.19140625 0.1826171875