0 0.51953125 0.5390625 0.142578125 0.1689453125
0 0.4306640625 0.4033203125 0.154296875 0.1435546875
0 0.8056640625 0.0791015625 0.234375 0.15234375
0 0.3056640625 0.8359375 0.1728515625 0.15234375
0 0.7529296875 0.822265625 0.271484375 0.2119140625
0 0.0927734375 0.130859375 0.181640625 0.26171875
0 0.2353515625 0.2939453125 0.1669921875 0.1513671875
0 0.6982421875 0.5224609375 0.322265625 0.3779296875
0 0.90625 0.2841796875 0.158203125 0.2568359375
0 0.06640625 0.5009765625 0.123046875 0.19921875
0 0.9658203125 0.0537109375 0.0673828125 0.107421875
0 0.3671875 0.943359375 0.23046875 0.1123046875
0 0.28515625 0.08984375 0.2119140625 0.177734375
0 0.9375 0.5810546875 0.125 0.287109375
0 0.5830078125 0.205078125 0.212890625 0.2373046875
0 0.7685546875 0.205078125 0.18359375 0.154296875
0 0.783203125 0.9599609375 0.259765625 0.080078125
0 0.0546875 0.916015625 0.109375 0.1669921875
0 0.0244140625 0.70703125 0.044921875 0.14453125
0 0.7587890625 0.4384765625 0.1826171875 0.158203125
0 0.4130859375 0.0302734375 0.134765625 0.0595703125
0 0.9609375 0.869140625 0.076171875 0.23828125
0 0.1357421875 0.646484375 0.146484375 0.2373046875
0 0.33203125 0.5537109375 0.212890625 0.2177734375
0 0.501953125 0.7900390625 0.1923828125 0.1650390625
0 0.0732421875 0.3369140625 0.1455078125 0.154296875
0 0.38671875 0.228515625 0.126953125 0.18359375
0 0.171875 0.9306640625 0.12890625 0.130859375