0 0.19752604166666668 0.2639973958333333 0.23252314814814817 0.21124131944444446
0 0.8433087384259259 0.2174045138888889 0.3130353009259259 0.3611111111111111
0 0.5658058449074075 0.40846354166666665 0.3163483796296296 0.2754340277777778
0 0.11744791666666667 0.7116102430555555 0.23489583333333333 0.40368923611111107
0 0.09345341435185185 0.47411024305555555 0.1869068287037037 0.2490017361111111
0 0.6955005787037036 0.8635199652777779 0.2861979166666666 0.2729600694444443
0 0.4473162615740741 0.9613932291666667 0.29764178240740735 0.07721354166666661
0 0.23624131944444443 0.5414713541666667 0.20270543981481481 0.19236111111111098
0 0.8288845486111112 0.6382161458333333 0.2548177083333334 0.23953993055555545
0 0.6847945601851853 0.5838975694444444 0.22149884259259256 0.23415798611111116
0 0.2895833333333333 0.12727864583333334 0.2723958333333334 0.24032118055555557
0 0.19169560185185186 0.9171115451388889 0.2997829861111111 0.16577690972222214
0 0.06614583333333333 0.14375 0.12676504629629629 0.19678819444444445
0 0.5053457754629629 0.6668619791666667 0.23920717592592577 0.3051649305555555
0 0.9065104166666667 0.93359375 0.11446759259259265 0.1328125
0 0.8841507523148148 0.9952690972222222 0.14396701388888888 0.009461805555555536
0 0.30891203703703707 0.7950303819444444 0.14266493055555562 0.14092881944444446
0 0.6575520833333333 0.11723090277777777 0.20040509259259265 0.18055555555555555
0 0.5644097222222222 0.22456597222222224 0.24722222222222223 0.1806857638888889
0 0.14331597222222223 0.047439236111111116 0.14696180555555555 0.08845486111111112
0 0.04517505787037037 0.026453993055555555 0.06199363425925926 0.05151909722222223