0 0.7666087962962962 0.28203124999999996 0.22643229166666679 0.2080729166666666
0 0.1455078125 0.15631510416666666 0.291015625 0.312109375
0 0.3914134837962963 0.3626953125 0.30824652777777783 0.2720052083333333
0 0.8343822337962963 0.7356770833333333 0.30235821759259274 0.4022135416666668
0 0.871484375 0.5072265625 0.23747106481481484 0.25169270833333335
0 0.2117115162037037 0.8135416666666666 0.27861689814814816 0.3246093750000001
0 0.44215133101851856 0.9414713541666666 0.29512442129629624 0.11705729166666679
0 0.6981336805555556 0.5455729166666667 0.19667245370370368 0.1904947916666666
0 0.11625072337962963 0.5454427083333333 0.23250144675925927 0.2386718750000001
0 0.25577980324074073 0.5151041666666667 0.21351273148148153 0.23255208333333321
0 0.6904079861111111 0.14583333333333334 0.2617042824074074 0.21432291666666664
0 0.6980179398148147 0.916796875 0.29513888888888884 0.1664062500000001
0 0.9219907407407407 0.1896484375 0.15393518518518512 0.19544270833333333
0 0.4217737268518518 0.6259765625 0.22915219907407403 0.2998697916666666
0 0.026888020833333335 0.8462890625 0.05377604166666667 0.18085937500000004
0 0.041637731481481484 0.9401692708333333 0.08327546296296297 0.1186197916666667
0 0.6001663773148148 0.7807291666666667 0.1386429398148148 0.13984374999999982
0 0.3331090856481481 0.08483072916666667 0.19315682870370376 0.13763020833333334
0 0.41236255787037035 0.1840494791666667 0.2392361111111112 0.1796875
0 0.8427372685185185 0.09042968750000001 0.14040798611111116 0.06783854166666667
0 0.9554470486111111 0.08424479166666667 0.08875868055555558 0.03515625