0 0.6845703125 0.3515263310185185 0.595703125 0.6744068287037037
0 0.341796875 0.16500289351851855 0.3203125 0.31655092592592593
0 0.169921875 0.2728949652777778 0.302734375 0.3334780092592593
0 0.953125 0.21889467592592593 0.09375 0.1714409722222222
0 0.1826171875 0.09074797453703703 0.201171875 0.17541956018518517
0 0.421875 0.73828125 0.44140625 0.49291087962962954
0 0.8203125 0.9323640046296297 0.19140625 0.1352719907407407
0 0.1953125 0.9076244212962963 0.1640625 0.11154513888888884
0 0.1953125 0.4789134837962963 0.390625 0.35626446759259256
0 0.0830078125 0.6573712384259259 0.166015625 0.29521122685185186
0 0.1728515625 0.7329644097222223 0.23828125 0.3017939814814814
0 0.0849609375 0.8342013888888888 0.169921875 0.18793402777777768
0 0.4287109375 0.9329788773148149 0.291015625 0.13404224537037024
0 0.7197265625 0.9335575810185186 0.177734375 0.1328848379629628
0 0.685546875 0.7265625 0.16796875 0.18395543981481488
0 0.3212890625 0.8370949074074074 0.251953125 0.2554253472222223