0 0.2451171875 0.2578125 0.2001953125 0.1748046875
0 0.830078125 0.1650390625 0.275390625 0.3154296875
0 0.5859375 0.361328125 0.2724609375 0.2275390625
0 0.1533203125 0.6689453125 0.2822265625 0.34765625
0 0.1376953125 0.4560546875 0.2099609375 0.212890625
0 0.7314453125 0.7890625 0.2421875 0.27734375
0 0.5126953125 0.9208984375 0.2646484375 0.15234375
0 0.2958984375 0.5048828125 0.1728515625 0.16015625
0 0.8359375 0.5498046875 0.2177734375 0.2001953125
0 0.7041015625 0.51171875 0.1875 0.197265625
0 0.3212890625 0.1162109375 0.232421875 0.22265625
0 0.2802734375 0.892578125 0.26171875 0.21484375
0 0.103515625 0.1611328125 0.1396484375 0.1689453125
0 0.546875 0.599609375 0.19921875 0.259765625
0 0.9404296875 0.8369140625 0.119140625 0.158203125
0 0.9228515625 0.935546875 0.154296875 0.12890625
0 0.376953125 0.728515625 0.12109375 0.1181640625
0 0.65234375 0.083984375 0.1728515625 0.16796875
0 0.57421875 0.1953125 0.2138671875 0.1474609375
0 0.048828125 0.9560546875 0.09765625 0.087890625
0 0.18359375 0.05078125 0.12890625 0.1015625
0 0.060546875 0.0380859375 0.12109375 0.076171875