0 0.4677734375 0.5587818287037037 0.16015625 0.19029224537037037
0 0.548828125 0.414699074074074 0.171875 0.16524884259259265
0 0.1376953125 0.09880642361111111 0.25390625 0.16572627314814814
0 0.7109375 0.8609085648148148 0.189453125 0.17748842592592595
0 0.2451171875 0.8646846064814815 0.298828125 0.2490885416666666
0 0.8779296875 0.1432002314814815 0.205078125 0.2404513888888889
0 0.7451171875 0.29258535879629627 0.18359375 0.17536168981481481
0 0.2802734375 0.5493200231481481 0.36328125 0.426779513888889
0 0.0703125 0.3087239583333333 0.140625 0.28151041666666665
0 0.93359375 0.49934172453703707 0.1328125 0.2207320601851852
0 0.6533203125 0.9521918402777778 0.24609375 0.09561631944444438
0 0.681640625 0.10027488425925925 0.234375 0.16710069444444445
0 0.0546875 0.6178313078703703 0.109375 0.30597511574074066
0 0.3759765625 0.2142650462962963 0.23828125 0.2687789351851852
0 0.1845703125 0.22324218749999997 0.203125 0.17984664351851853
0 0.22265625 0.9749059606481482 0.2734375 0.050188078703703676
0 0.958984375 0.918872974537037 0.08203125 0.16225405092592604
0 0.9833984375 0.7117549189814816 0.033203125 0.1513744212962962
0 0.2109375 0.465234375 0.201171875 0.18369502314814823
0 0.5419921875 0.036566840277777776 0.142578125 0.04524016203703704
0 0.0498046875 0.8957971643518519 0.060546875 0.20840567129629628
0 0.873046875 0.6557508680555555 0.169921875 0.26284722222222223
0 0.6630859375 0.5665219907407407 0.236328125 0.24918981481481484
0 0.50390625 0.8196180555555556 0.212890625 0.19185474537037028
0 0.9140625 0.32884114583333335 0.15625 0.17455150462962954
0 0.5830078125 0.23114149305555554 0.146484375 0.2055121527777778
0 0.859375 0.9364800347222222 0.142578125 0.12703993055555562