0 0.5211805555555555 0.5686631944444445 0.1821614583333333 0.2084346064814815
0 0.40755208333333337 0.44642650462962963 0.189453125 0.18540219907407418
0 0.7213107638888889 0.09801793981481481 0.26831597222222214 0.13486689814814815
0 0.36417100694444443 0.9013346354166667 0.20928819444444446 0.1973307291666666
0 0.8109157986111111 0.8173538773148148 0.3223958333333332 0.28593749999999996
0 0.06946614583333334 0.22923177083333332 0.13893229166666668 0.30611979166666664
0 0.19029947916666667 0.36770109953703706 0.20334201388888884 0.19587673611111112
0 0.6981770833333334 0.5230902777777778 0.4122395833333332 0.46617476851851847
0 0.8597005208333333 0.24989149305555558 0.22131076388888893 0.3021556712962963
0 0.07076822916666667 0.6025824652777778 0.14153645833333334 0.23250868055555562
0 0.8679036458333333 0.05673466435185186 0.0766927083333333 0.027387152777777785
0 0.4457248263888889 0.957103587962963 0.2523003472222223 0.08579282407407396
0 0.19995659722222223 0.1531105324074074 0.25290798611111115 0.23161168981481484
0 0.9216362847222221 0.5424985532407407 0.14162326388888902 0.31558159722222223
0 0.5220703124999999 0.22065248842592594 0.2699218750000001 0.294921875
0 0.7084635416666667 0.1921875 0.2210937500000001 0.2046006944444444
0 0.8531684027777777 0.9363353587962964 0.25659722222222214 0.12732928240740726
0 0.12710503472222223 0.9620876736111111 0.13459201388888886 0.07582465277777772
0 0.058116319444444446 0.8164496527777778 0.0736545138888889 0.15403645833333335
0 0.7432942708333333 0.42863859953703703 0.2211805555555555 0.2085069444444444
0 0.31809895833333335 0.07222222222222223 0.14835069444444438 0.0915798611111111
0 0.15859375 0.7385561342592593 0.20321180555555557 0.2778067129629629
0 0.3373480902777778 0.6138816550925926 0.263671875 0.27703993055555554
0 0.5526258680555556 0.8254701967592593 0.23116319444444455 0.2187789351851852
0 0.06263020833333334 0.43508391203703706 0.12526041666666668 0.19048032407407411
0 0.33014322916666666 0.27816116898148147 0.17070312499999996 0.21954571759259256
0 0.24424913194444442 0.9667751736111111 0.15794270833333335 0.06644965277777781