0 0.3437210648148148 0.2880642361111111 0.4590422453703704 0.5621238425925925
0 0.7017650462962963 0.22526041666666666 0.2576822916666668 0.26125578703703706
0 0.8451967592592593 0.3822627314814815 0.2636574074074074 0.27722800925925917
0 0.08005642361111111 0.07017505787037037 0.16011284722222222 0.12863136574074074
0 0.8975477430555556 0.17335792824074073 0.19496527777777795 0.2282552083333333
0 0.49094328703703705 0.7247106481481481 0.3427083333333334 0.40685763888888893
0 0.06472077546296297 0.8459056712962962 0.12944155092592594 0.2538483796296296
0 0.6590639467592593 0.9569878472222222 0.14932002314814818 0.08602430555555562
0 0.7959563078703704 0.5669270833333333 0.402242476851852 0.27372685185185186
0 0.8686776620370371 0.7734736689814814 0.21074942129629637 0.25066550925925934
0 0.720949074074074 0.8008680555555556 0.17761863425925917 0.2584635416666665
0 0.8330873842592592 0.9350983796296296 0.26100983796296306 0.1298032407407408
0 0.9433232060185185 0.8498625578703703 0.10377604166666665 0.3002748842592593
0 0.4316478587962963 0.9309606481481482 0.26482928240740744 0.13807870370370368
0 0.15975115740740742 0.855541087962963 0.12839988425925924 0.20283564814814836
0 0.25325520833333337 0.6305121527777777 0.1319155092592592 0.15033275462962958
0 0.5613570601851852 0.8470992476851852 0.2026041666666667 0.20528067129629624