0 0.6741102430555556 0.31668836805555556 0.16711516203703702 0.15212673611111116
0 0.21717303240740743 0.4510416666666667 0.2202690972222222 0.2099392361111112
0 0.5761284722222222 0.666015625 0.20234375000000004 0.16267361111111112
0 0.6717809606481482 0.7931206597222222 0.2026620370370371 0.20564236111111112
0 0.9207392939814815 0.6395616319444445 0.15852141203703707 0.27313368055555554
0 0.8694842303240741 0.37180989583333335 0.26103153935185186 0.2616319444444444
0 0.0882884837962963 0.18747829861111112 0.17350983796296296 0.22452256944444443
0 0.2540147569444444 0.15210503472222223 0.13978587962962963 0.15347222222222223
0 0.6996889467592593 0.07901475694444444 0.1493778935185186 0.1302517361111111
0 0.5194878472222222 0.5329427083333333 0.20053530092592586 0.1821614583333333
0 0.26124855324074076 0.6014105902777778 0.17688078703703702 0.15234375
0 0.5719039351851851 0.8865885416666667 0.1870515046296295 0.20724826388888884
0 0.8171730324074074 0.9125434027777778 0.2276041666666666 0.14565972222222223
0 0.9733796296296297 0.8360243055555556 0.0532407407407407 0.18489583333333348
0 0.09054542824074074 0.3603515625 0.1572482638888889 0.1382378472222222
0 0.060069444444444446 0.5959635416666667 0.11238425925925925 0.1450520833333333
0 0.15750144675925926 0.9608940972222222 0.13340567129629632 0.07821180555555562
0 0.6486545138888888 0.9602973090277778 0.16861979166666652 0.07940538194444446
0 0.5142071759259259 0.08368055555555555 0.10622106481481475 0.10390625
0 0.7630208333333333 0.5881510416666667 0.15743634259259265 0.16362847222222232
0 0.24107349537037037 0.7776909722222223 0.1342447916666667 0.19631076388888902
0 0.2913990162037037 0.9770399305555555 0.13123553240740748 0.04592013888888902
0 0.5499421296296296 0.030772569444444443 0.17410300925925926 0.04097222222222222
0 0.3813874421296296 0.07975260416666666 0.2237123842592592 0.14752604166666666
0 0.11291956018518519 0.08550347222222222 0.1351417824074074 0.05377604166666666
0 0.3989800347222222 0.21391059027777778 0.11223958333333339 0.12552083333333336
0 0.894777199074074 0.18489583333333331 0.11432291666666661 0.14314236111111112
0 0.3997685185185185 0.3203559027777778 0.15541087962962963 0.1538194444444445
0 0.39892216435185185 0.6015407986111111 0.11221064814814818 0.1216145833333333
0 0.3236689814814815 0.7238715277777779 0.11812789351851849 0.12955729166666652
0 0.14270109953703702 0.6788411458333333 0.08072916666666663 0.08967013888888897
0 0.9712890625 0.5078776041666667 0.057421874999999956 0.13025173611111107
0 0.2693359375 0.9023220486111112 0.09441550925925923 0.09192708333333321
0 0.13817274305555555 0.8583984375 0.12002314814814818 0.12178819444444455
0 0.2929398148148148 0.2662326388888889 0.15147569444444442 0.14982638888888888