0 0.24325086805555557 0.3588107638888889 0.13177083333333328 0.13463541666666667
0 0.5118923611111111 0.19088541666666667 0.14969618055555545 0.15104166666666669
0 0.808984375 0.9663628472222222 0.11944444444444446 0.06727430555555558
0 0.2364800347222222 0.9274305555555555 0.1980034722222222 0.12977430555555558
0 0.6327473958333334 0.6908854166666667 0.1337239583333334 0.1347222222222222
0 0.6850694444444445 0.2279079861111111 0.1455729166666666 0.14110243055555555
0 0.7762586805555556 0.12736545138888888 0.1352430555555557 0.11527777777777781
0 0.05685763888888889 0.7587239583333334 0.11371527777777778 0.15026041666666679
0 0.2574869791666667 0.11408420138888889 0.12565104166666663 0.12265625000000002
0 0.9013020833333334 0.4828776041666667 0.1298177083333334 0.13454861111111116
0 0.6504774305555556 0.5088758680555555 0.11571180555555571 0.11440972222222223
0 0.4223524305555556 0.12923177083333331 0.14179687500000004 0.14678819444444446
0 0.9398220486111111 0.2890842013888889 0.11236979166666661 0.1396267361111111
0 0.9343098958333333 0.6251085069444444 0.10802951388888893 0.11992187499999996
0 0.4004991319444444 0.2328559027777778 0.12183159722222214 0.12638888888888888
0 0.9828993055555555 0.37408854166666666 0.022395833333333393 0.12977430555555558
0 0.49898003472222224 0.5080078125 0.14578993055555556 0.1508680555555555
0 0.19440104166666666 0.5335720486111111 0.19991319444444444 0.21571180555555558
0 0.18266059027777778 0.2700954861111111 0.10789930555555555 0.11406249999999996
0 0.08472222222222221 0.8503038194444444 0.14735243055555555 0.13337673611111112
0 0.23739149305555557 0.050629340277777775 0.11506076388888886 0.08511284722222222
0 0.8766276041666667 0.8014322916666667 0.1436197916666666 0.1410156250000001
0 0.5459418402777778 0.9315321180555556 0.1792968749999999 0.13693576388888884
0 0.5701388888888889 0.6050130208333333 0.14761284722222223 0.14509548611111112
0 0.4345703125 0.5911675347222223 0.11566840277777779 0.11245659722222223
0 0.17243923611111112 0.026236979166666667 0.11996527777777777 0.042404513888888884
0 0.4932942708333333 0.06004774305555556 0.13450520833333335 0.08207465277777778
0 0.876953125 0.9596788194444444 0.06436631944444438 0.08064236111111112
0 0.7398654513888889 0.5773654513888888 0.16328124999999982 0.14774305555555545
0 0.8338324652777778 0.6157552083333333 0.09197048611111103 0.09969618055555562
0 0.6820746527777778 0.31868489583333337 0.11775173611111112 0.11840277777777786
0 0.6335720486111112 0.08192274305555557 0.15846354166666687 0.10655381944444445
0 0.27057291666666666 0.6689236111111111 0.19105902777777783 0.1684895833333333
0 0.09524739583333333 0.42065972222222225 0.11966145833333336 0.11653645833333326
0 0.6864583333333333 0.42934027777777783 0.15373263888888888 0.15707465277777777
0 0.3399305555555555 0.36310763888888886 0.10789930555555549 0.11406249999999996
0 0.3475260416666667 0.06529947916666667 0.12916666666666665 0.1052517361111111
0 0.8607855902777777 0.15067274305555556 0.10980902777777768 0.11219618055555558
0 0.9584418402777778 0.5069227430555555 0.06549479166666661 0.13754340277777777
0 0.7952907986111111 0.5026041666666667 0.11384548611111112 0.11822916666666661
0 0.7829427083333333 0.3104600694444445 0.12968749999999996 0.12868923611111116
0 0.8931640625 0.3652126736111111 0.11992187499999996 0.12825520833333326
0 0.7865668402777778 0.8951822916666667 0.09205729166666665 0.10360243055555562
0 0.6849826388888889 0.9620008680555556 0.17612847222222228 0.07599826388888875
0 0.32938368055555556 0.17788628472222223 0.09769965277777781 0.09409722222222222
0 0.65546875 0.8121310763888889 0.18350694444444438 0.17986111111111125
0 0.06638454861111111 0.9116753472222222 0.13276909722222222 0.06128472222222214
0 0.8048177083333333 0.205859375 0.08993055555555562 0.095703125
0 0.8755859374999999 0.7163411458333333 0.12760416666666652 0.12274305555555554
0 0.7732204861111112 0.7479600694444445 0.13572048611111098 0.1367621527777778
0 0.38934461805555554 0.9456705729166667 0.13159722222222214 0.10865885416666665
0 0.4092447916666667 0.4111545138888889 0.09605034722222228 0.10768229166666665
0 0.08982204861111112 0.18092447916666665 0.09444444444444444 0.12322048611111114
0 0.9286458333333334 0.13218315972222222 0.13975694444444464 0.054991319444444464
0 0.019639756944444444 0.41998697916666666 0.03927951388888889 0.15638020833333333
0 0.8074869791666667 0.43765190972222223 0.08389756944444438 0.08763020833333335
0 0.9703559027777777 0.14674479166666668 0.05555555555555536 0.04149305555555555
0 0.3765407986111111 0.21126302083333334 0.1434895833333334 0.13515625000000003
0 0.4496527777777778 0.7042534722222222 0.14570312500000004 0.1469618055555555
0 0.46447482638888893 0.7850694444444445 0.0962239583333333 0.11549479166666665
0 0.12263454861111112 0.6838541666666667 0.16158854166666664 0.15937500000000004
0 0.10457899305555556 0.2646701388888889 0.11796874999999998 0.12816840277777775
0 0.20716145833333335 0.22328559027777778 0.10750868055555557 0.09648437499999996
0 0.4891493055555556 0.11460503472222222 0.09587673611111103 0.09986979166666665
0 0.5282552083333334 0.3783203125 0.14327256944444455 0.1253906250000001
0 0.47213541666666664 0.26438802083333335 0.08381076388888886 0.08372395833333335
0 0.04073350694444444 0.6212239583333333 0.08146701388888888 0.13697916666666665
0 0.330859375 0.8152994791666666 0.22677951388888884 0.19544270833333321
0 0.07884114583333333 0.4991102430555555 0.10967881944444444 0.10633680555555558