0 0.2998046875 0.09765625 0.099609375 0.10546875
0 0.763671875 0.1708984375 0.15234375 0.162109375
0 0.7060546875 0.5029296875 0.142578125 0.1298828125
0 0.607421875 0.537109375 0.16015625 0.16015625
0 0.2158203125 0.5498046875 0.1572265625 0.134765625
0 0.1728515625 0.7099609375 0.1298828125 0.134765625
0 0.2724609375 0.7021484375 0.10546875 0.134765625
0 0.52734375 0.6416015625 0.1845703125 0.1826171875
0 0.7314453125 0.63671875 0.142578125 0.1376953125
0 0.90234375 0.693359375 0.1904296875 0.1875
0 0.2109375 0.169921875 0.1572265625 0.1298828125
0 0.4912109375 0.083984375 0.1171875 0.1572265625
0 0.6015625 0.19140625 0.162109375 0.1123046875
0 0.90234375 0.0859375 0.1875 0.171875
0 0.4736328125 0.287109375 0.1474609375 0.1953125
0 0.8583984375 0.5439453125 0.1123046875 0.107421875
0 0.6748046875 0.7578125 0.1396484375 0.150390625
0 0.5283203125 0.87890625 0.1123046875 0.087890625
0 0.4970703125 0.9453125 0.10546875 0.099609375
0 0.0888671875 0.896484375 0.0927734375 0.1025390625
0 0.0673828125 0.7216796875 0.099609375 0.107421875
0 0.154296875 0.388671875 0.193359375 0.11328125
0 0.0390625 0.3173828125 0.078125 0.076171875
0 0.0595703125 0.458984375 0.103515625 0.1181640625
0 0.09375 0.595703125 0.1533203125 0.123046875
0 0.666015625 0.345703125 0.111328125 0.12109375
0 0.779296875 0.3125 0.1181640625 0.1357421875
0 0.892578125 0.2734375 0.1328125 0.1875
0 0.0703125 0.0361328125 0.1181640625 0.072265625
0 0.619140625 0.04296875 0.15234375 0.0859375
0 0.9423828125 0.5 0.115234375 0.1875
0 0.830078125 0.8193359375 0.177734375 0.1533203125
0 0.931640625 0.900390625 0.1328125 0.19921875
0 0.3369140625 0.818359375 0.1025390625 0.1015625