0 0.392578125 0.8564453125 0.08984375 0.0947265625
0 0.53125 0.638671875 0.0888671875 0.0869140625
0 0.927734375 0.193359375 0.0634765625 0.064453125
0 0.845703125 0.7578125 0.126953125 0.119140625
0 0.65625 0.640625 0.060546875 0.05859375
0 0.8232421875 0.1103515625 0.0517578125 0.05859375
0 0.3974609375 0.0654296875 0.0712890625 0.0771484375
0 0.078125 0.958984375 0.0888671875 0.08203125
0 0.2431640625 0.47265625 0.0869140625 0.0859375
0 0.509765625 0.0380859375 0.1015625 0.0751953125
0 0.1748046875 0.1083984375 0.0703125 0.07421875
0 0.2197265625 0.5634765625 0.068359375 0.080078125
0 0.4833984375 0.376953125 0.111328125 0.0966796875
0 0.2607421875 0.0146484375 0.080078125 0.0244140625
0 0.8740234375 0.294921875 0.1064453125 0.12109375
0 0.83984375 0.1572265625 0.0625 0.060546875
0 0.9765625 0.103515625 0.041015625 0.0576171875
0 0.9775390625 0.18359375 0.0439453125 0.0634765625
0 0.0908203125 0.2265625 0.07421875 0.0625
0 0.4228515625 0.6572265625 0.064453125 0.044921875
0 0.2373046875 0.70703125 0.052734375 0.0546875
0 0.0634765625 0.0927734375 0.05078125 0.05078125
0 0.6494140625 0.40625 0.0419921875 0.04296875
0 0.451171875 0.2294921875 0.05078125 0.0595703125
0 0.3798828125 0.23828125 0.056640625 0.0673828125
0 0.091796875 0.69921875 0.048828125 0.0595703125
0 0.1728515625 0.228515625 0.04296875 0.0439453125
0 0.9521484375 0.494140625 0.052734375 0.0634765625
0 0.2099609375 0.9775390625 0.091796875 0.044921875
0 0.1259765625 0.8642578125 0.0693359375 0.0634765625
0 0.029296875 0.0478515625 0.0439453125 0.0615234375
0 0.5947265625 0.76171875 0.0673828125 0.064453125
0 0.0322265625 0.4033203125 0.04296875 0.0478515625
0 0.7275390625 0.3681640625 0.04296875 0.0419921875
0 0.498046875 0.259765625 0.044921875 0.041015625
0 0.142578125 0.61328125 0.05859375 0.0576171875
0 0.189453125 0.6943359375 0.0458984375 0.0595703125
0 0.2216796875 0.8125 0.041015625 0.0458984375
0 0.58203125 0.044921875 0.056640625 0.05078125
0 0.5234375 0.1943359375 0.05078125 0.0556640625
0 0.9677734375 0.28125 0.048828125 0.048828125
0 0.6962890625 0.6640625 0.03125 0.0537109375