0 0.4423828125 0.56640625 0.10546875 0.1279296875
0 0.3974609375 0.755859375 0.0595703125 0.0576171875
0 0.0537109375 0.8740234375 0.0927734375 0.0771484375
0 0.0361328125 0.7099609375 0.0625 0.080078125
0 0.0546875 0.6083984375 0.099609375 0.087890625
0 0.068359375 0.5126953125 0.0625 0.0703125
0 0.1298828125 0.400390625 0.099609375 0.08984375
0 0.5263671875 0.228515625 0.0927734375 0.087890625
0 0.7177734375 0.55078125 0.080078125 0.08203125
0 0.90625 0.6962890625 0.1025390625 0.08203125
0 0.7958984375 0.880859375 0.072265625 0.0771484375
0 0.09765625 0.2548828125 0.1630859375 0.119140625
0 0.0927734375 0.0439453125 0.0732421875 0.0634765625
0 0.6083984375 0.134765625 0.080078125 0.0712890625
0 0.7509765625 0.064453125 0.0908203125 0.0654296875
0 0.8173828125 0.16796875 0.123046875 0.1064453125
0 0.9140625 0.1259765625 0.06640625 0.052734375
0 0.8359375 0.033203125 0.0849609375 0.0654296875
0 0.814453125 0.73828125 0.0576171875 0.072265625
0 0.6748046875 0.359375 0.107421875 0.103515625
0 0.9638671875 0.3310546875 0.0712890625 0.12890625
0 0.8740234375 0.2587890625 0.1259765625 0.083984375
0 0.1982421875 0.07421875 0.0849609375 0.0634765625
0 0.5498046875 0.0517578125 0.08203125 0.0791015625
0 0.5185546875 0.1337890625 0.080078125 0.0673828125
0 0.328125 0.2705078125 0.07421875 0.0673828125
0 0.302734375 0.8623046875 0.05859375 0.080078125
0 0.3779296875 0.9033203125 0.07421875 0.091796875
0 0.6005859375 0.9345703125 0.0693359375 0.0693359375
0 0.6455078125 0.865234375 0.0791015625 0.0966796875
0 0.5576171875 0.802734375 0.0830078125 0.080078125
0 0.5556640625 0.7119140625 0.0732421875 0.064453125
0 0.609375 0.6171875 0.091796875 0.08984375
0 0.96875 0.78515625 0.0615234375 0.0849609375
0 0.4794921875 0.96875 0.07421875 0.0625
0 0.2158203125 0.9619140625 0.0546875 0.05859375
0 0.3603515625 0.6943359375 0.083984375 0.076171875
0 0.3115234375 0.6044921875 0.0751953125 0.0703125