0 0.1685691550925926 0.5501157407407408 0.1288917824074074 0.13274016203703698
0 0.6422960069444446 0.6026548032407407 0.18680555555555545 0.21951678240740735
0 0.4461588541666667 0.9248263888888888 0.16413483796296302 0.1391203703703705
0 0.820580150462963 0.4311053240740741 0.16970486111111116 0.11967592592592591
0 0.5125072337962964 0.7959418402777778 0.17456597222222214 0.18418692129629632
0 0.29345341435185185 0.9514973958333334 0.15169270833333337 0.09011863425925926
0 0.32668547453703706 0.42182436342592594 0.18048321759259256 0.18817997685185184
0 0.8888671875 0.5667824074074075 0.12673611111111116 0.119039351851852
0 0.49508101851851855 0.5882378472222223 0.18433159722222225 0.18433159722222214
0 0.7386429398148149 0.8872974537037037 0.16689814814814818 0.1938368055555555
0 0.5709924768518518 0.47288049768518514 0.10082465277777786 0.08350694444444451
0 0.1273509837962963 0.30078125 0.13093171296296297 0.1386284722222222
0 0.4957899305555556 0.2767722800925926 0.17010995370370374 0.1470196759259259
0 0.29506655092592593 0.6449001736111111 0.11498842592592595 0.11691261574074074
0 0.9499710648148149 0.46238425925925924 0.0879050925925926 0.13408564814814816
0 0.6813512731481481 0.4048538773148148 0.14276620370370363 0.14661458333333333
0 0.039561631944444446 0.7815031828703705 0.07912326388888889 0.11840277777777786
0 0.13563368055555555 0.862058738425926 0.14707754629629632 0.17401620370370363
0 0.04652777777777778 0.9083116319444444 0.09305555555555556 0.14396701388888888
0 0.8962094907407407 0.012275752314814816 0.09820601851851851 0.02455150462962963
0 0.201953125 0.7351273148148147 0.1269675925925926 0.134664351851852
0 0.5607060185185185 0.11276041666666667 0.14879918981481488 0.1584201388888889
0 0.33718171296296295 0.5700737847222221 0.10088252314814816 0.08741319444444429
0 0.008673321759259259 0.35628616898148147 0.017346643518518518 0.15461516203703707
0 0.1947337962962963 0.03616898148148148 0.15326967592592594 0.06475694444444444
0 0.6290147569444444 0.9719111689814814 0.1840856481481481 0.03592303240740735
0 0.06453269675925927 0.9822265625 0.12744502314814815 0.0350839120370372
0 0.9328993055555556 0.6920789930555555 0.11533564814814823 0.14035011574074074
0 0.4339916087962963 0.03646556712962963 0.16912615740740744 0.07293113425925926
0 0.9352864583333333 0.26733217592592595 0.11125578703703698 0.12857349537037033
0 0.7917824074074074 0.7273654513888889 0.13256655092592595 0.1171730324074074
0 0.6467664930555556 0.16908998842592593 0.14049479166666656 0.12510127314814812
0 0.8853153935185185 0.08636791087962963 0.17844328703703694 0.17273582175925925
0 0.0496021412037037 0.6105179398148148 0.0992042824074074 0.11484374999999991
0 0.25301649305555557 0.5176215277777778 0.0991319444444444 0.1010561342592593
0 0.007826967592592594 0.5965060763888889 0.015653935185185187 0.14292534722222228
0 0.9620659722222222 0.8322410300925926 0.05306712962962967 0.15504918981481497
0 0.8032696759259259 0.6110098379629629 0.13061342592592595 0.11714409722222219
0 0.7337094907407408 0.03995949074074074 0.13023726851851847 0.07991898148148148
0 0.6083984375 0.38640769675925923 0.09315682870370368 0.09315682870370368
0 0.2288917824074074 0.23483796296296297 0.13038194444444445 0.10151909722222224
0 0.02722800925925926 0.044516782407407404 0.05445601851851852 0.05940393518518519
0 0.037102141203703705 0.19767795138888888 0.07420428240740741 0.13198784722222223
0 0.7895037615740741 0.2880425347222222 0.19421296296296298 0.19228877314814818
0 0.8918764467592593 0.8908854166666667 0.13690682870370363 0.1465277777777778
0 0.2822627314814815 0.850122974537037 0.1504340277777778 0.13696469907407405
0 0.12545572916666667 0.4287109375 0.1952980324074074 0.13372395833333328
0 0.21097366898148145 0.32395109953703705 0.08566261574074074 0.11452546296296295
0 0.07894965277777777 0.07498553240740741 0.12688078703703703 0.12880497685185183