0 0.6328125 0.31796875 0.322265625 0.2879774305555556
0 0.9072265625 0.32301070601851856 0.15625 0.16247106481481488
0 0.900390625 0.5602141203703703 0.19921875 0.264670138888889
0 0.0859375 0.27471064814814816 0.171875 0.23301504629629632
0 0.2705078125 0.2520543981481481 0.173828125 0.19788773148148153
0 0.3408203125 0.7628616898148148 0.27734375 0.23848379629629624
0 0.6962890625 0.6050419560185185 0.30859375 0.41472800925925934
0 0.484375 0.12045717592592592 0.2265625 0.2299189814814815
0 0.1259765625 0.8133897569444444 0.142578125 0.18375289351851842
0 0.4501953125 0.9333622685185186 0.435546875 0.1332754629629629
0 0.814453125 0.9349175347222223 0.267578125 0.10943287037037042
0 0.9560546875 0.8422887731481481 0.087890625 0.21614583333333348
0 0.451171875 0.034027777777777775 0.24609375 0.058333333333333334
0 0.7734375 0.053450520833333334 0.30078125 0.08844039351851851
0 0.7978515625 0.15537471064814815 0.189453125 0.18249421296296298
0 0.0693359375 0.548878761574074 0.138671875 0.296976273148148
0 0.47265625 0.5089554398148148 0.150390625 0.16238425925925926
0 0.904296875 0.12667824074074074 0.11328125 0.22824074074074074
0 0.6416015625 0.12376302083333333 0.16796875 0.16850405092592594
0 0.1943359375 0.10541811342592593 0.14453125 0.13885995370370371
0 0.3203125 0.43052662037037037 0.17578125 0.17838541666666674
0 0.1162109375 0.9907552083333333 0.091796875 0.018489583333333393
0 0.4287109375 0.33252314814814815 0.125 0.12099247685185188
0 0.3544921875 0.1527126736111111 0.203125 0.22566550925925927