0 0.3281032986111111 0.3568938078703704 0.3124131944444445 0.2773148148148148
0 0.08624131944444445 0.442845775462963 0.1394965277777778 0.157277199074074
0 0.14283854166666665 0.6591652199074074 0.22764756944444442 0.2553819444444445
0 0.8288194444444444 0.14887152777777776 0.20486111111111116 0.22497106481481483
0 0.6368055555555556 0.18917100694444444 0.16831597222222205 0.1918981481481481
0 0.7266927083333333 0.6700014467592592 0.26931423611111116 0.22831307870370354
0 0.3560546875 0.6334273726851851 0.3003038194444445 0.3994502314814814
0 0.40134548611111115 0.13286313657407406 0.21835937500000002 0.22177372685185182
0 0.9345703125 0.6521773726851852 0.130859375 0.174754050925926
0 0.689236111111111 0.8843460648148148 0.4213541666666667 0.1855324074074074
0 0.34765625 0.9509982638888889 0.2607638888888889 0.07977430555555554
0 0.15616319444444443 0.9149233217592593 0.15937500000000004 0.16610243055555562
0 0.40043402777777776 0.037680844907407404 0.2422743055555555 0.07536168981481481
0 0.12621527777777777 0.10895543981481481 0.24982638888888892 0.18443287037037037
0 0.12894965277777778 0.2585720486111111 0.1831597222222222 0.17513020833333337
0 0.9216362847222221 0.3910300925925926 0.1567274305555557 0.2920138888888888
0 0.5313585069444444 0.4814308449074074 0.14526909722222214 0.15562789351851847
0 0.03802083333333333 0.23881655092592594 0.06649305555555556 0.26846064814814813
0 0.2607638888888889 0.18517795138888887 0.1631076388888889 0.16239872685185186
0 0.6621310763888889 0.05111400462962963 0.1445746527777778 0.10222800925925926
0 0.6446180555555556 0.36495225694444444 0.1713541666666667 0.17256944444444444
0 0.9826605902777779 0.847482638888889 0.03467881944444429 0.10726273148148158
0 0.5168402777777777 0.3089337384259259 0.1200954861111112 0.11535011574074072
0 0.5311414930555556 0.12417534722222222 0.19670138888888888 0.21675347222222222