0 0.865234375 0.2763671875 0.1552734375 0.1875
0 0.888671875 0.7587890625 0.107421875 0.1220703125
0 0.681640625 0.71875 0.1923828125 0.2421875
0 0.3388671875 0.6513671875 0.232421875 0.337890625
0 0.115234375 0.6884765625 0.2197265625 0.1875
0 0.0859375 0.419921875 0.171875 0.18359375
0 0.5 0.05859375 0.1796875 0.107421875
0 0.1865234375 0.1123046875 0.2470703125 0.1748046875
0 0.7265625 0.12890625 0.1376953125 0.15234375
0 0.662109375 0.294921875 0.1396484375 0.1298828125
0 0.3486328125 0.388671875 0.2578125 0.1826171875
0 0.1904296875 0.25390625 0.134765625 0.1376953125
0 0.224609375 0.8916015625 0.16015625 0.142578125
0 0.9375 0.544921875 0.1201171875 0.1845703125
0 0.5185546875 0.521484375 0.1357421875 0.0888671875
0 0.5859375 0.9462890625 0.125 0.107421875
0 0.7177734375 0.9306640625 0.123046875 0.130859375
0 0.947265625 0.9755859375 0.10546875 0.048828125
0 0.0966796875 0.9599609375 0.14453125 0.080078125
0 0.314453125 0.96875 0.1962890625 0.0625
0 0.548828125 0.6953125 0.095703125 0.12109375
0 0.646484375 0.43359375 0.13671875 0.16796875
0 0.53515625 0.3828125 0.13671875 0.1162109375
0 0.1064453125 0.3115234375 0.083984375 0.0986328125
0 0.04296875 0.216796875 0.0859375 0.23828125
0 0.0703125 0.0380859375 0.140625 0.076171875
0 0.595703125 0.1640625 0.1298828125 0.119140625
0 0.4609375 0.216796875 0.14453125 0.1748046875
0 0.8515625 0.5439453125 0.1005859375 0.103515625
0 0.08203125 0.8642578125 0.138671875 0.109375
0 0.095703125 0.5673828125 0.1201171875 0.1044921875