0 0.6803385416666667 0.8455295138888889 0.10442708333333339 0.10373263888888884
0 0.5137369791666667 0.6350477430555556 0.09986979166666665 0.09388020833333344
0 0.05924479166666667 0.2138454861111111 0.07291666666666666 0.06987847222222221
0 0.2103515625 0.7787109375 0.14322916666666669 0.1299479166666666
0 0.38834635416666663 0.6466362847222222 0.06861979166666665 0.0639322916666667
0 0.15475260416666667 0.12076822916666666 0.06080729166666665 0.06375868055555556
0 0.5789713541666667 0.043858506944444445 0.08164062499999991 0.08372395833333332
0 0.9812174479166667 0.9193576388888889 0.037565104166666696 0.08016493055555562
0 0.7846354166666667 0.44418402777777777 0.09791666666666665 0.09383680555555562
0 0.46438802083333336 0.03257378472222222 0.11236979166666672 0.06514756944444444
0 0.8096354166666666 0.07100694444444444 0.07942708333333348 0.07977430555555556
0 0.8190104166666666 0.534375 0.07981770833333335 0.08563368055555554
0 0.530078125 0.36671006944444445 0.1260416666666666 0.10616319444444444
0 0.12649739583333333 0.3130859375 0.12187500000000001 0.13142361111111112
0 0.1443359375 0.1699001736111111 0.07070312499999998 0.0659288194444444
0 0.014973958333333332 0.12191840277777777 0.017708333333333333 0.060850694444444464
0 0.023502604166666666 0.2058376736111111 0.024088541666666664 0.06879340277777779
0 0.9090494791666667 0.1832248263888889 0.0825520833333333 0.0681423611111111
0 0.6259114583333334 0.6452690972222221 0.07161458333333348 0.05034722222222232
0 0.8190755208333333 0.6820529513888889 0.060546875 0.05985243055555545
0 0.9194661458333333 0.04607204861111111 0.05820312499999991 0.05394965277777777
0 0.365625 0.40850694444444446 0.048046875000000044 0.047873263888888795
0 0.5443359375 0.21382378472222224 0.05885416666666665 0.06371527777777775
0 0.61796875 0.21805555555555556 0.06536458333333339 0.07361111111111107
0 0.9645182291666666 0.6631727430555556 0.05690104166666665 0.06367187499999982
0 0.8265625 0.19288194444444445 0.050000000000000044 0.04791666666666666
0 0.07083333333333333 0.5197048611111111 0.06106770833333333 0.06766493055555545
0 0.8797526041666667 0.9467230902777778 0.09856770833333339 0.04509548611111103
0 0.9503255208333333 0.8317057291666666 0.07877604166666674 0.07000868055555554
0 0.9489583333333333 0.015125868055555556 0.050260416666666696 0.03025173611111111
0 0.4646484375 0.7642578125 0.07682291666666663 0.06996527777777772
0 0.98251953125 0.35846354166666666 0.034960937499999956 0.051779513888888906
0 0.28326822916666666 0.3761067708333333 0.04791666666666672 0.045920138888888906
0 0.5016276041666667 0.24802517361111112 0.04986979166666661 0.04596354166666666
0 0.9032552083333333 0.5804253472222223 0.06666666666666665 0.0638888888888891
0 0.8658854166666666 0.6653645833333334 0.05494791666666665 0.06362847222222223
0 0.84765625 0.7880208333333334 0.04817708333333326 0.04982638888888902
0 0.3917317708333333 0.037261284722222225 0.06419270833333335 0.05603298611111111
0 0.46803385416666665 0.18422309027777778 0.056640625 0.05976562499999999
0 0.038802083333333334 0.3032986111111111 0.040624999999999994 0.05355902777777777
0 0.35 0.6729166666666666 0.03697916666666656 0.05737847222222214