0 0.5116102430555556 0.49485677083333335 0.1283998842592593 0.1527343750000001
0 0.541919849537037 0.7022786458333333 0.07081886574074092 0.07096354166666674
0 0.9006799768518519 0.8264322916666667 0.10098379629629628 0.09635416666666652
0 0.9346788194444444 0.6449218750000001 0.06387442129629628 0.09388020833333321
0 0.9241174768518519 0.535546875 0.10532407407407396 0.10833333333333339
0 0.9241174768518519 0.43033854166666663 0.0752314814814814 0.08489583333333339
0 0.8682725694444444 0.307421875 0.11906828703703698 0.11119791666666667
0 0.45316116898148145 0.12662760416666666 0.10923032407407407 0.10859374999999999
0 0.21393952546296297 0.4835286458333333 0.09526909722222221 0.09986979166666665
0 0.026005497685185182 0.6440104166666667 0.052010995370370364 0.09869791666666661
0 0.0962818287037037 0.8459635416666667 0.08731192129629631 0.09544270833333335
0 0.909252025462963 0.1478515625 0.17122395833333348 0.15169270833333331
0 0.37311921296296297 0.034928385416666666 0.09483506944444442 0.06985677083333333
0 0.1418185763888889 0.06490885416666667 0.14518229166666663 0.12981770833333334
0 0.04984085648148148 0.024674479166666666 0.060474537037037035 0.04934895833333333
0 0.08940972222222222 0.6895833333333333 0.07139756944444445 0.08658854166666674
0 0.279296875 0.270703125 0.1274594907407407 0.12734374999999998
0 0.07577401620370369 0.1634765625 0.1384548611111111 0.10859374999999999
0 0.4706669560185185 0.03216145833333334 0.0946903935185186 0.06432291666666667
0 0.6648943865740741 0.16998697916666666 0.0868778935185186 0.08372395833333335
0 0.6350911458333333 0.8168619791666667 0.07175925925925908 0.09635416666666652
0 0.5496238425925926 0.8625 0.08984375 0.11119791666666679
0 0.3037109375 0.9003255208333334 0.08304398148148151 0.0854166666666667
0 0.2607060185185185 0.8252604166666666 0.09592013888888884 0.11744791666666687
0 0.36360677083333337 0.7560546875 0.0991030092592593 0.0981770833333333
0 0.3741319444444444 0.6559895833333333 0.08673321759259256 0.07981770833333335
0 0.3253038194444444 0.5540364583333333 0.10930266203703698 0.11054687499999982
0 0.4330512152777778 0.9326171875 0.08861400462962954 0.07799479166666656
0 0.7199435763888888 0.9193359375 0.06474247685185186 0.06471354166666665
0 0.5892650462962963 0.6338541666666666 0.09895833333333326 0.0942708333333333
0 0.6514033564814814 0.5342447916666666 0.0889033564814814 0.08580729166666679