0 0.668605324074074 0.4154947916666667 0.15596064814814814 0.13355034722222214
0 0.20007957175925925 0.40740017361111114 0.2038917824074074 0.18632812499999996
0 0.46218894675925926 0.7098524305555556 0.18951099537037042 0.14088541666666665
0 0.5084273726851852 0.8548611111111111 0.18826678240740735 0.18563368055555562
0 0.8358940972222222 0.7979383680555556 0.23321759259259256 0.2538628472222224
0 0.8431929976851852 0.5260633680555555 0.26940104166666656 0.23988715277777772
0 0.16671006944444444 0.12784288194444446 0.1544994212962963 0.20750868055555555
0 0.33323929398148144 0.14307725694444445 0.12701099537037042 0.13810763888888888
0 0.7734230324074074 0.19984809027777778 0.13803530092592586 0.1269097222222222
0 0.45282841435185184 0.5703993055555555 0.18687789351851847 0.16219618055555562
0 0.19110966435185184 0.5587673611111111 0.16572627314814814 0.13398437500000004
0 0.3855251736111111 0.9093532986111111 0.1689670138888889 0.18129340277777772
0 0.6051649305555555 0.9733072916666667 0.21556712962962976 0.05338541666666652
0 0.8389756944444444 0.9555989583333333 0.16756365740740753 0.08880208333333339
0 0.11223958333333334 0.2869791666666667 0.1474537037037037 0.12148437499999998
0 0.028284143518518517 0.4959635416666667 0.056568287037037035 0.13255208333333335
0 0.015444155092592594 0.8816623263888889 0.03088831018518519 0.10316840277777772
0 0.4314453125 0.9847005208333333 0.1610966435185185 0.03059895833333348
0 0.5977719907407408 0.1567925347222222 0.09700520833333348 0.09197048611111114
0 0.6609592013888889 0.6932291666666667 0.1470052083333333 0.14678819444444446
0 0.11423611111111112 0.7159288194444444 0.11795428240740741 0.18250868055555558
0 0.0851851851851852 0.9417968750000001 0.12044270833333331 0.09301215277777786
0 0.6572627314814815 0.07816840277777777 0.1771990740740741 0.09748263888888889
0 0.47704716435185185 0.09561631944444444 0.2177806712962963 0.15772569444444443
0 0.03381076388888889 0.18949652777777778 0.06657986111111111 0.13736979166666669
0 0.22517361111111112 0.03350694444444444 0.13559027777777777 0.05277777777777777
0 0.4478009259259259 0.24216579861111112 0.10218460648148153 0.11362847222222222
0 0.9254701967592593 0.3603298611111111 0.11896701388888875 0.1338541666666666
0 0.41357783564814815 0.34051649305555554 0.14447337962962958 0.13693576388888884
0 0.3189091435185185 0.5996961805555556 0.10195312499999998 0.10972222222222205
0 0.20966435185185184 0.6917751736111111 0.10827546296296298 0.11779513888888893
0 0.055750868055555555 0.5958333333333333 0.07494212962962962 0.08125000000000004
0 0.7768590856481481 0.09229600694444445 0.10263310185185182 0.08832465277777779
0 0.906199363425926 0.6855251736111111 0.10287905092592586 0.12534722222222228
0 0.09907407407407408 0.8396050347222221 0.08861400462962962 0.08185763888888875
0 0.023054108796296297 0.759765625 0.04610821759259259 0.109375
0 0.33221209490740744 0.2595486111111111 0.14033564814814814 0.1328559027777778