0 0.5927734375 0.2514973958333333 0.126953125 0.13932291666666674
0 0.0849609375 0.5041015625 0.169921875 0.2457031249999999
0 0.4541015625 0.767578125 0.18359375 0.1841145833333333
0 0.3623046875 0.8654947916666667 0.078125 0.08333333333333326
0 0.7255859375 0.8178385416666667 0.14453125 0.14049479166666679
0 0.8330078125 0.5059895833333333 0.189453125 0.2098958333333334
0 0.49609375 0.3536458333333333 0.134765625 0.13789062500000004
0 0.5498046875 0.5151041666666667 0.1171875 0.12109375
0 0.17578125 0.3642578125 0.154296875 0.1958333333333333
0 0.056640625 0.18177083333333335 0.1015625 0.29388020833333334
0 0.4658203125 0.1583984375 0.1640625 0.16523437500000004
0 0.71875 0.11223958333333334 0.220703125 0.19830729166666666
0 0.97265625 0.3248046875 0.0546875 0.10325520833333335
0 0.31640625 0.1478515625 0.18359375 0.17630208333333336
0 0.4150390625 0.054427083333333334 0.228515625 0.10885416666666667
0 0.5546875 0.08548177083333333 0.14453125 0.17096354166666666
0 0.94140625 0.06529947916666667 0.1171875 0.13059895833333335
0 0.7998046875 0.014746093750000001 0.111328125 0.029492187500000003
0 0.9189453125 0.007031249999999999 0.12109375 0.014062499999999999
0 0.662109375 0.019661458333333333 0.16015625 0.039322916666666666
0 0.2021484375 0.036783854166666664 0.091796875 0.07356770833333333
0 0.2568359375 0.0007161458333333334 0.087890625 0.0014322916666666668
0 0.0576171875 0.022916666666666665 0.083984375 0.04583333333333333
0 0.0341796875 0.7320963541666667 0.068359375 0.12565104166666652
0 0.4169921875 0.6089192708333333 0.154296875 0.1723958333333333
0 0.53125 0.6364583333333333 0.15625 0.13541666666666674
0 0.671875 0.6397786458333333 0.158203125 0.16874999999999996
0 0.80859375 0.6521484375 0.08203125 0.09140624999999991
0 0.826171875 0.77109375 0.068359375 0.07486979166666674
0 0.9306640625 0.6088541666666667 0.130859375 0.1513020833333334
0 0.9130859375 0.16080729166666669 0.109375 0.1010416666666667
0 0.5546875 0.8985677083333333 0.0703125 0.09062499999999996
0 0.4501953125 0.9270182291666667 0.0703125 0.08867187499999996
0 0.0791015625 0.9097656249999999 0.060546875 0.06653645833333321
0 0.03515625 0.9537109375 0.0703125 0.061328124999999956
0 0.654296875 0.9319661458333333 0.078125 0.05403645833333348
0 0.884765625 0.8873046874999999 0.203125 0.12096354166666679
0 0.3779296875 0.31757812500000004 0.12890625 0.13359374999999996
0 0.6328125 0.44511718749999996 0.095703125 0.0942708333333333