0 0.15173611111111113 0.4756727430555555 0.14918981481481486 0.14765625000000004
0 0.6022135416666667 0.6294270833333333 0.21896701388888884 0.23893229166666652
0 0.3411747685185185 0.9091579861111111 0.1850405092592593 0.16015625
0 0.8133825231481482 0.49819878472222223 0.18767361111111125 0.13875868055555562
0 0.4331380208333333 0.7928819444444445 0.20125868055555562 0.20342881944444446
0 0.18428819444444444 0.9164279513888889 0.16997974537037042 0.13641493055555554
0 0.33416521990740744 0.3838975694444444 0.20734953703703707 0.20746527777777768
0 0.8515769675925926 0.6457248263888888 0.14642650462962958 0.13394097222222223
0 0.46218171296296295 0.5832899305555556 0.21102430555555562 0.2036458333333333
0 0.6328776041666666 0.9118706597222221 0.1967737268518519 0.1762586805555557
0 0.5618344907407407 0.4857638888888889 0.1128616898148147 0.09418402777777768
0 0.16488715277777777 0.22074652777777778 0.1513744212962963 0.1516059027777778
0 0.53125 0.2758246527777778 0.19113136574074074 0.16419270833333333
0 0.25399305555555557 0.5982204861111111 0.13252314814814814 0.12973090277777777
0 0.9264105902777777 0.5544921875 0.0923177083333333 0.14249131944444438
0 0.6837528935185184 0.4415364583333333 0.1636718749999999 0.1616319444444445
0 0.012044270833333336 0.6793836805555555 0.02408854166666667 0.12829861111111107
0 0.06861255787037038 0.778515625 0.13722511574074076 0.18914930555555554
0 0.004723668981481483 0.80625 0.009447337962962966 0.15156250000000004
0 0.9633174189814815 0.09670138888888889 0.06665219907407405 0.03854166666666667
0 0.14332320601851853 0.6671440972222222 0.1472366898148148 0.14761284722222223
0 0.630982349537037 0.12745225694444445 0.17217881944444446 0.17352430555555554
0 0.31169704861111114 0.53203125 0.11309317129629637 0.09809027777777768
0 0.028327546296296295 0.24802517361111112 0.05613425925925926 0.15729166666666666
0 0.5076171875 0.9808159722222223 0.1923466435185186 0.03836805555555545
0 0.010669849537037038 0.9011935763888889 0.021339699074074077 0.08363715277777772
0 0.8670862268518519 0.7800347222222221 0.13781828703703702 0.1532552083333334
0 0.5198061342592593 0.03990885416666667 0.1752314814814815 0.060460069444444445
0 0.9409143518518519 0.3592447916666667 0.08622685185185164 0.13845486111111116
0 0.7211154513888889 0.7846137152777778 0.15021701388888897 0.13207465277777786
0 0.7009186921296297 0.2013671875 0.15849247685185186 0.14006076388888888
0 0.9231336805555556 0.1642578125 0.1479456018518519 0.19249131944444442
0 0.03942418981481482 0.5119140625 0.07884837962962964 0.1253906250000001
0 0.2406105324074074 0.46102430555555557 0.11390335648148148 0.11176215277777779
0 0.0014033564814814829 0.48760850694444446 0.0028067129629629657 0.14709201388888893
0 0.868287037037037 0.9224283854166666 0.08359374999999991 0.15514322916666679
0 0.7571252893518519 0.6719835069444444 0.14619502314814814 0.13003472222222223
0 0.8148799189814815 0.09340277777777778 0.13997395833333326 0.09088541666666666
0 0.6173032407407407 0.4077907986111111 0.10551215277777781 0.10182291666666665
0 0.27979600694444445 0.179296875 0.14538483796296298 0.11636284722222223
0 0.09192708333333334 0.0988498263888889 0.11575520833333333 0.1430121527777778
0 0.8143663194444445 0.3495876736111111 0.2232060185185185 0.21171874999999996
0 0.7844618055555556 0.9430772569444444 0.15619212962962958 0.11384548611111112
0 0.19720775462962964 0.7974175347222222 0.1709056712962963 0.15203993055555554
0 0.1367404513888889 0.3491970486111111 0.21594328703703702 0.15499131944444444
0 0.24167390046296297 0.26156684027777777 0.10287905092592592 0.12322048611111114
0 0.1625 0.030013020833333334 0.1359375 0.05568576388888889