0 0.607421875 0.1953125 0.259765625 0.1904296875
0 0.669921875 0.48828125 0.1396484375 0.1220703125
0 0.892578125 0.57421875 0.2099609375 0.212890625
0 0.89453125 0.771484375 0.205078125 0.142578125
0 0.5341796875 0.5478515625 0.177734375 0.14453125
0 0.5146484375 0.7861328125 0.1552734375 0.1376953125
0 0.2412109375 0.6884765625 0.142578125 0.1025390625
0 0.4091796875 0.88671875 0.1279296875 0.1171875
0 0.2041015625 0.1875 0.1572265625 0.1650390625
0 0.88671875 0.0576171875 0.22265625 0.115234375
0 0.9404296875 0.326171875 0.115234375 0.1279296875
0 0.8935546875 0.9287109375 0.1572265625 0.1376953125
0 0.9541015625 0.888671875 0.087890625 0.1328125
0 0.3125 0.53125 0.2353515625 0.107421875
0 0.326171875 0.3212890625 0.19921875 0.2431640625
0 0.58203125 0.34765625 0.1171875 0.1201171875
0 0.763671875 0.318359375 0.2001953125 0.16796875
0 0.7939453125 0.4541015625 0.166015625 0.1591796875
0 0.7021484375 0.5986328125 0.142578125 0.1337890625
0 0.3515625 0.642578125 0.2255859375 0.1357421875
0 0.177734375 0.7685546875 0.2373046875 0.103515625
0 0.0966796875 0.58203125 0.154296875 0.1640625
0 0.0771484375 0.3134765625 0.1533203125 0.181640625
0 0.0556640625 0.1240234375 0.111328125 0.1796875
0 0.1162109375 0.048828125 0.19921875 0.09765625
0 0.3740234375 0.1142578125 0.15234375 0.119140625
0 0.50390625 0.091796875 0.146484375 0.154296875
0 0.703125 0.0966796875 0.12890625 0.1240234375
0 0.7119140625 0.8681640625 0.1826171875 0.2158203125
0 0.1875 0.4033203125 0.1708984375 0.1279296875
0 0.53515625 0.4658203125 0.11328125 0.1025390625
0 0.7373046875 0.7939453125 0.1025390625 0.1240234375