0 0.1650390625 0.1181640625 0.1650390625 0.1708984375
0 0.6669921875 0.4521484375 0.1337890625 0.142578125
0 0.4931640625 0.50390625 0.1396484375 0.158203125
0 0.7763671875 0.083984375 0.166015625 0.142578125
0 0.392578125 0.7294921875 0.123046875 0.1103515625
0 0.775390625 0.396484375 0.1474609375 0.142578125
0 0.697265625 0.92578125 0.1845703125 0.1474609375
0 0.4677734375 0.9111328125 0.1318359375 0.1376953125
0 0.890625 0.80859375 0.1650390625 0.1279296875
0 0.4375 0.193359375 0.15625 0.1201171875
0 0.30859375 0.2001953125 0.11328125 0.1025390625
0 0.080078125 0.66796875 0.1572265625 0.125
0 0.9560546875 0.115234375 0.087890625 0.09765625
0 0.6142578125 0.720703125 0.1005859375 0.0908203125
0 0.626953125 0.041015625 0.1552734375 0.08203125
0 0.82421875 0.5439453125 0.10546875 0.115234375
0 0.1630859375 0.9453125 0.154296875 0.1083984375
0 0.9609375 0.263671875 0.078125 0.140625
0 0.970703125 0.6787109375 0.056640625 0.1923828125
0 0.37890625 0.857421875 0.1171875 0.134765625
0 0.9091796875 0.5927734375 0.1259765625 0.1572265625
0 0.37890625 0.4931640625 0.1044921875 0.103515625
0 0.4287109375 0.634765625 0.1337890625 0.130859375
0 0.0595703125 0.5673828125 0.119140625 0.126953125
0 0.6953125 0.236328125 0.158203125 0.1611328125
0 0.3603515625 0.107421875 0.111328125 0.10546875
0 0.1337890625 0.77734375 0.2060546875 0.2021484375
0 0.1103515625 0.36328125 0.107421875 0.0947265625
0 0.4111328125 0.0224609375 0.1572265625 0.044921875
0 0.2177734375 0.5 0.2109375 0.2109375
0 0.0458984375 0.4580078125 0.0908203125 0.1259765625
0 0.1103515625 0.2568359375 0.09765625 0.1142578125
0 0.8740234375 0.259765625 0.1015625 0.119140625
0 0.55078125 0.794921875 0.130859375 0.1552734375
0 0.646484375 0.5712890625 0.1171875 0.0986328125
0 0.576171875 0.630859375 0.1083984375 0.0927734375
0 0.7060546875 0.7197265625 0.1083984375 0.115234375