0 0.357421875 0.37109375 0.259765625 0.2177734375
0 0.087890625 0.412109375 0.17578125 0.1279296875
0 0.115234375 0.6220703125 0.224609375 0.2099609375
0 0.8564453125 0.259765625 0.162109375 0.1845703125
0 0.6708984375 0.2666015625 0.1328125 0.1572265625
0 0.6796875 0.728515625 0.224609375 0.177734375
0 0.3408203125 0.6337890625 0.2275390625 0.337890625
0 0.4609375 0.1748046875 0.177734375 0.1796875
0 0.87890625 0.74609375 0.107421875 0.1474609375
0 0.6103515625 0.9326171875 0.3798828125 0.1298828125
0 0.2822265625 0.955078125 0.2353515625 0.0849609375
0 0.0849609375 0.896484375 0.169921875 0.2021484375
0 0.4775390625 0.0537109375 0.2197265625 0.1025390625
0 0.1884765625 0.0986328125 0.2578125 0.1474609375
0 0.1875 0.2470703125 0.150390625 0.1396484375
0 0.923828125 0.50390625 0.1474609375 0.2529296875
0 0.52734375 0.5205078125 0.1171875 0.126953125
0 0.0595703125 0.21484375 0.1181640625 0.2451171875
0 0.0703125 0.0283203125 0.140625 0.0556640625
0 0.322265625 0.2001953125 0.1328125 0.130859375
0 0.71875 0.1201171875 0.1162109375 0.12109375
0 0.6513671875 0.431640625 0.138671875 0.138671875
0 0.9345703125 0.951171875 0.107421875 0.09765625
0 0.5419921875 0.3583984375 0.0986328125 0.091796875
0 0.58203125 0.1884765625 0.1572265625 0.177734375