0 0.205078125 0.521484375 0.1162109375 0.12109375
0 0.6552734375 0.5947265625 0.1689453125 0.2001953125
0 0.4638671875 0.8955078125 0.1513671875 0.12890625
0 0.8291015625 0.439453125 0.1572265625 0.107421875
0 0.52734375 0.7734375 0.1591796875 0.1689453125
0 0.3173828125 0.9365234375 0.1396484375 0.123046875
0 0.3583984375 0.4072265625 0.1630859375 0.1728515625
0 0.8916015625 0.572265625 0.1162109375 0.1083984375
0 0.515625 0.5732421875 0.1669921875 0.16796875
0 0.7431640625 0.8818359375 0.1484375 0.1982421875
0 0.5908203125 0.4677734375 0.0927734375 0.0751953125
0 0.169921875 0.28125 0.119140625 0.1259765625
0 0.5224609375 0.2763671875 0.1552734375 0.1328125
0 0.32421875 0.619140625 0.1044921875 0.107421875
0 0.9580078125 0.4765625 0.083984375 0.125
0 0.6962890625 0.4072265625 0.12890625 0.134765625
0 0.060546875 0.73828125 0.1064453125 0.1083984375
0 0.1669921875 0.818359375 0.1328125 0.1591796875
0 0.0615234375 0.859375 0.123046875 0.1328125
0 0.912109375 0.0263671875 0.08984375 0.052734375
0 0.2333984375 0.701171875 0.1162109375 0.1220703125
0 0.587890625 0.1220703125 0.134765625 0.14453125
0 0.365234375 0.548828125 0.0927734375 0.0791015625
0 0.03125 0.330078125 0.0625 0.1484375
0 0.2431640625 0.03125 0.1416015625 0.0625
0 0.638671875 0.9677734375 0.173828125 0.064453125
0 0.0859375 0.9599609375 0.1474609375 0.080078125
0 0.939453125 0.6962890625 0.12109375 0.130859375
0 0.4697265625 0.0380859375 0.15625 0.076171875
0 0.947265625 0.2900390625 0.10546875 0.1162109375
0 0.7958984375 0.7216796875 0.12109375 0.1064453125
0 0.66796875 0.181640625 0.12890625 0.1123046875
0 0.896484375 0.1083984375 0.162109375 0.166015625
0 0.0830078125 0.5771484375 0.1083984375 0.10546875
0 0.28515625 0.494140625 0.08984375 0.0927734375
0 0.029296875 0.5595703125 0.0546875 0.1376953125
0 0.9677734375 0.830078125 0.064453125 0.1455078125
0 0.8447265625 0.974609375 0.123046875 0.05078125
0 0.80859375 0.6103515625 0.119140625 0.10546875
0 0.7568359375 0.05078125 0.119140625 0.09765625
0 0.6279296875 0.38671875 0.083984375 0.083984375
0 0.2685546875 0.224609375 0.119140625 0.091796875
0 0.052734375 0.0302734375 0.10546875 0.060546875
0 0.060546875 0.1806640625 0.12109375 0.12109375
0 0.8017578125 0.3017578125 0.1767578125 0.1748046875
0 0.8876953125 0.8818359375 0.1240234375 0.134765625
0 0.3076171875 0.814453125 0.13671875 0.1240234375
0 0.1669921875 0.404296875 0.181640625 0.119140625
0 0.2490234375 0.3076171875 0.076171875 0.1064453125
0 0.12890625 0.064453125 0.11328125 0.119140625