0 0.5419921875 0.3536241319444444 0.14453125 0.11435185185185182
0 0.638671875 0.25277777777777777 0.126953125 0.1435185185185185
0 0.6025390625 0.5210648148148148 0.126953125 0.1357060185185186
0 0.5244140625 0.7753689236111111 0.185546875 0.12637442129629628
0 0.3330078125 0.446802662037037 0.123046875 0.12005208333333339
0 0.22265625 0.34539930555555554 0.16796875 0.16530671296296295
0 0.11328125 0.5164641203703704 0.2265625 0.21261574074074074
0 0.955078125 0.07934027777777777 0.07421875 0.1450810185185185
0 0.8466796875 0.5218967013888889 0.287109375 0.21501736111111103
0 0.7890625 0.8242042824074074 0.154296875 0.13981481481481484
0 0.9150390625 0.9120515046296296 0.169921875 0.15164930555555545
0 0.501953125 0.1668041087962963 0.146484375 0.15538194444444442
0 0.78125 0.10734953703703703 0.142578125 0.13582175925925927
0 0.09375 0.18624131944444444 0.1875 0.3217013888888889
0 0.4111328125 0.3165219907407407 0.109375 0.11995081018518516
0 0.3544921875 0.11493055555555556 0.16796875 0.22194733796296295
0 0.2412109375 0.038896122685185185 0.08984375 0.06511863425925925
0 0.8359375 0.028653067129629627 0.12109375 0.04581886574074074
0 0.6923828125 0.022706886574074076 0.138671875 0.03618344907407407
0 0.6083984375 0.08556134259259258 0.134765625 0.16310763888888888
0 0.48828125 0.06318721064814815 0.13671875 0.12015335648148148
0 0.931640625 0.014713541666666666 0.1171875 0.016493055555555552
0 0.814453125 0.26286892361111114 0.126953125 0.1728153935185186
0 0.72265625 0.19578269675925924 0.099609375 0.16284722222222225
0 0.9599609375 0.6086733217592593 0.080078125 0.12949942129629632
0 0.740234375 0.6675925925925926 0.14453125 0.11825810185185182
0 0.484375 0.6139395254629629 0.115234375 0.16491608796296298
0 0.2734375 0.5332754629629629 0.078125 0.11581307870370372
0 0.435546875 0.8704137731481482 0.111328125 0.11410590277777777
0 0.294921875 0.9313874421296297 0.19921875 0.1372251157407407
0 0.1435546875 0.8887586805555556 0.12109375 0.13370949074074057