0 0.26490162037037035 0.12680844907407407 0.11675347222222221 0.12557870370370372
0 0.7483362268518519 0.1967230902777778 0.1772569444444445 0.1943721064814815
0 0.7292534722222221 0.5392795138888888 0.16254340277777768 0.158203125
0 0.6319516782407407 0.5768952546296297 0.1850115740740741 0.19299768518518512
0 0.23297887731481481 0.5950882523148149 0.17834201388888893 0.16521990740740744
0 0.20768229166666669 0.760814525462963 0.1489872685185185 0.1610966435185186
0 0.30875289351851853 0.7517361111111112 0.1254918981481481 0.15740740740740744
0 0.5630714699074074 0.6858000578703703 0.21310763888888884 0.22041377314814814
0 0.7713324652777778 0.6768663194444444 0.16277488425925934 0.166015625
0 0.9213903356481481 0.7326750578703703 0.1572193287037038 0.22186053240740744
0 0.18237123842592592 0.20254629629629628 0.17816840277777773 0.15936053240740744
0 0.4584273726851852 0.1138599537037037 0.13951099537037037 0.17013888888888887
0 0.5843388310185186 0.21965422453703703 0.1816116898148148 0.1440248842592593
0 0.875072337962963 0.1330295138888889 0.19545717592592604 0.15089699074074076
0 0.4655092592592593 0.31998697916666663 0.1762297453703704 0.22547743055555558
0 0.8902777777777777 0.5804398148148149 0.12853009259259274 0.12839988425925908
0 0.7273292824074074 0.8032045717592593 0.1631221064814814 0.177734375
0 0.5927372685185186 0.9306278935185186 0.12599826388888902 0.10872395833333348
0 0.5682219328703704 0.9690393518518519 0.1181278935185186 0.06192129629629628
0 0.14321469907407408 0.9466507523148149 0.10876736111111107 0.10669849537037024
0 0.10089699074074074 0.774341724537037 0.11681134259259257 0.12753182870370372
0 0.14913194444444444 0.4290726273148148 0.2129774305555555 0.15024594907407407
0 0.03781828703703703 0.35554108796296297 0.057233796296296297 0.08998842592592593
0 0.06548032407407407 0.49985532407407407 0.10538194444444446 0.13642939814814814
0 0.11362123842592592 0.6447120949074074 0.17213541666666665 0.15306712962962976
0 0.6689019097222222 0.376953125 0.12899305555555562 0.1440248842592593
0 0.781886574074074 0.34244791666666663 0.1372685185185185 0.16022858796296302
0 0.8927155671296296 0.30096209490740744 0.15842013888888884 0.2163628472222222
0 0.04312789351851851 0.07432725694444445 0.0841724537037037 0.0783420138888889
0 0.5831018518518518 0.07924623842592593 0.16620370370370363 0.08441840277777779
0 0.9496889467592593 0.5318648726851851 0.1006221064814814 0.20941840277777768
0 0.8938151041666667 0.8642578125 0.20241608796296306 0.1884403935185186
0 0.9634910300925925 0.9163049768518519 0.07301793981481497 0.16739004629629628
0 0.3892578125 0.8707320601851851 0.1186487268518519 0.12377025462962976