0 0.2221137152777778 0.07808159722222223 0.20203993055555558 0.15078125
0 0.7267071759259259 0.47940538194444443 0.16804108796296302 0.16953125000000002
0 0.5420934606481481 0.5074869791666666 0.17689525462962963 0.18728298611111116
0 0.8645905671296297 0.12356770833333333 0.19618055555555536 0.15065104166666665
0 0.42040653935185185 0.7251953124999999 0.15033275462962958 0.13402777777777786
0 0.8450810185185185 0.4361979166666667 0.18182870370370363 0.1717881944444445
0 0.7263382523148147 0.9418402777777778 0.21662326388888875 0.11631944444444442
0 0.48799189814814814 0.9229058159722222 0.16378761574074074 0.15418836805555558
0 0.9197193287037038 0.8799045138888889 0.16056134259259247 0.1562065972222222
0 0.5028284143518519 0.1740451388888889 0.18629918981481475 0.14848090277777776
0 0.36656539351851847 0.16223958333333333 0.13803530092592586 0.1240017361111111
0 0.11050347222222222 0.6139539930555555 0.15734953703703705 0.15368923611111107
0 0.6540436921296297 0.7508680555555556 0.1235532407407407 0.11002604166666652
0 0.708716724537037 0.06061197916666666 0.1699508101851852 0.0700954861111111
0 0.887890625 0.5990451388888889 0.13287037037037042 0.13559027777777777
0 0.16302083333333334 0.9077039930555555 0.17893518518518514 0.12296006944444438
0 0.9968894675925926 0.3218098958333333 0.006221064814814881 0.1508246527777778
0 0.9903718171296296 0.7538845486111112 0.019256365740740744 0.20412326388888902
0 0.3980613425925926 0.8583116319444445 0.1479311342592593 0.15933159722222223
0 0.9454607928240741 0.6592664930555555 0.10907841435185173 0.18272569444444442
0 0.4213324652777778 0.47749565972222224 0.13022280092592586 0.12382812500000007
0 0.4646556712962963 0.6325520833333333 0.16539351851851858 0.15776909722222232
0 0.08937355324074074 0.5042534722222223 0.12782118055555555 0.14913194444444455
0 0.7711299189814815 0.2580295138888889 0.1967737268518519 0.19357638888888884
0 0.42856626157407407 0.07291666666666666 0.1361979166666667 0.12591145833333334
0 0.1538700810185185 0.7368272569444445 0.2348234953703704 0.24318576388888902
0 0.14759114583333333 0.30171440972222224 0.13171296296296298 0.11605902777777777
0 0.4857566550925926 0.017621527777777778 0.16682581018518516 0.017361111111111112
0 0.25157696759259257 0.4600694444444444 0.2627459490740741 0.2535590277777777
0 0.07662760416666667 0.3879123263888889 0.1101273148148148 0.14678819444444446
0 0.15368923611111113 0.19066840277777777 0.12505787037037042 0.13541666666666669
0 0.9469111689814815 0.308984375 0.10617766203703694 0.14131944444444444
0 0.581980613425926 0.8185112847222222 0.16678240740740735 0.18120659722222232
0 0.6987268518518519 0.5997178819444444 0.14171006944444464 0.12018229166666661
0 0.6198784722222221 0.6516059027777777 0.13159722222222214 0.11410590277777777
0 0.7513599537037037 0.7637586805555556 0.13689236111111125 0.1376302083333334