0 0.08364076967592593 0.279296875 0.16728153935185186 0.205078125
0 0.05638744212962963 0.79296875 0.11277488425925926 0.134765625
0 0.27231626157407407 0.7421875 0.22468171296296302 0.265625
0 0.636791087962963 0.6572265625 0.2733651620370372 0.3671875
0 0.8650896990740741 0.689453125 0.22641782407407418 0.20703125
0 0.8981119791666667 0.404296875 0.18120659722222232 0.19921875
0 0.4670138888888889 0.046875 0.1987847222222222 0.09375
0 0.7994429976851851 0.0888671875 0.27611400462962976 0.177734375
0 0.22518807870370372 0.1162109375 0.15856481481481477 0.16796875
0 0.2929325810185185 0.291015625 0.1596498842592593 0.14453125
0 0.6265552662037037 0.3798828125 0.28877314814814814 0.203125
0 0.7961877893518519 0.2294921875 0.15407986111111116 0.15234375
0 0.7573423032407407 0.9091796875 0.1815682870370372 0.15625
0 0.03432436342592592 0.56640625 0.06864872685185185 0.19921875
0 0.44632523148148145 0.5263671875 0.15212673611111105 0.099609375
0 0.3736255787037037 0.9599609375 0.1377314814814814 0.080078125
0 0.23444733796296297 0.947265625 0.13671875 0.10546875
0 0.022605613425925923 0.9970703125 0.045211226851851846 0.005859375
0 0.8912398726851851 0.958984375 0.14865451388888884 0.05859375
0 0.6640625 0.9755859375 0.21050347222222232 0.041015625
0 0.4130859375 0.7119140625 0.11234085648148151 0.1328125
0 0.3099681712962963 0.4375 0.1591435185185186 0.18359375
0 0.4283130787037037 0.3798828125 0.15321180555555558 0.12890625
0 0.885814525462963 0.2880859375 0.0977285879629628 0.107421875
0 0.9453486689814815 0.18359375 0.09353298611111116 0.2578125
0 0.9163049768518519 0.0185546875 0.13614004629629628 0.037109375
0 0.36360677083333337 0.1494140625 0.1474247685185186 0.130859375
0 0.5072337962962963 0.2001953125 0.16724537037037046 0.19140625
0 0.09143518518518517 0.5634765625 0.11552372685185186 0.11328125
0 0.901294849537037 0.8720703125 0.13736979166666652 0.123046875
0 0.8952907986111112 0.5595703125 0.13512731481481488 0.115234375