0 0.22330729166666666 0.1422019675925926 0.13035300925925924 0.12589699074074073
0 0.6990379050925926 0.12132523148148149 0.19986979166666652 0.1947337962962963
0 0.7360026041666666 0.462232349537037 0.1796875 0.15944733796296295
0 0.6493055555555556 0.5172236689814814 0.2055844907407407 0.1928240740740741
0 0.27058015046296297 0.6090928819444444 0.19798900462962965 0.16934317129629628
0 0.2733289930555556 0.7779658564814815 0.17021122685185186 0.16328124999999982
0 0.3688151041666667 0.7493923611111111 0.14438657407407407 0.1572337962962962
0 0.600513599537037 0.6359375 0.23900462962962976 0.22235243055555554
0 0.7991174768518519 0.5895833333333333 0.18221932870370372 0.16727430555555545
0 0.9293619791666667 0.6122178819444445 0.14127604166666652 0.22787905092592586
0 0.1577690972222222 0.23248697916666666 0.19560185185185186 0.16346932870370368
0 0.40599681712962965 0.09182581018518518 0.16145833333333326 0.17688078703703702
0 0.5448133680555556 0.17386429398148148 0.19639756944444442 0.14785879629629628
0 0.8134765625 0.05873119212962963 0.224609375 0.10707465277777778
0 0.44741030092592593 0.2951461226851852 0.2041377314814814 0.22599826388888888
0 0.8968098958333333 0.47220775462962966 0.1444589120370372 0.1318576388888889
0 0.7777054398148149 0.7221643518518519 0.18504050925925908 0.17900752314814827
0 0.6697771990740742 0.8726490162037037 0.13910590277777768 0.11229745370370381
0 0.6574797453703703 0.9413990162037037 0.13396990740740744 0.1172019675925926
0 0.24283854166666669 0.9584346064814815 0.11950231481481477 0.08313078703703702
0 0.17415364583333334 0.8094401041666667 0.1325954861111111 0.1298177083333334
0 0.16402633101851855 0.4618995949074074 0.22822627314814814 0.15590277777777772
0 0.05389178240740741 0.41130642361111114 0.05367476851851852 0.09214409722222228
0 0.09714988425925927 0.5472945601851852 0.12340856481481483 0.13755787037037037
0 0.16355613425925927 0.6795500578703704 0.1911168981481482 0.15562789351851847
0 0.6518373842592593 0.3142288773148148 0.1474247685185186 0.1455439814814815
0 0.7540870949074074 0.2583767361111111 0.15639467592592604 0.16122685185185182
0 0.8529730902777778 0.19664351851851852 0.18778935185185186 0.21611689814814816
0 0.027416087962962965 0.13294270833333333 0.04152199074074074 0.08619791666666665
0 0.5223524305555556 0.04193431712962963 0.17361111111111116 0.07741608796296297
0 0.9407552083333333 0.4102068865740741 0.11848958333333348 0.2100260416666666
0 0.9176432291666667 0.7517216435185186 0.16471354166666652 0.19100115740740753
0 0.9864728009259259 0.8078993055555556 0.02705439814814814 0.22323495370370372
0 0.4652054398148148 0.851613136574074 0.13216145833333337 0.12395833333333339