0 0.14817708333333335 0.21694878472222223 0.20325520833333333 0.22695312499999998
0 0.0900390625 0.7307725694444445 0.12174479166666666 0.14904513888888893
0 0.3100911458333333 0.7210286458333334 0.2529947916666666 0.2924479166666667
0 0.6868055555555556 0.7020833333333334 0.3124565972222222 0.40108506944444455
0 0.8951171875 0.7742621527777778 0.20976562499999996 0.23146701388888902
0 0.9347873263888888 0.48934461805555557 0.13042534722222232 0.21809895833333337
0 0.5607204861111111 0.06026475694444445 0.20737847222222228 0.10021701388888889
0 0.8746744791666667 0.15223524305555555 0.2506510416666665 0.2126302083333333
0 0.31028645833333335 0.08884548611111111 0.1752604166666667 0.1677951388888889
0 0.3660807291666667 0.26861979166666666 0.17500000000000004 0.16193576388888886
0 0.6976128472222223 0.4184244791666667 0.3129774305555557 0.23719618055555558
0 0.8815104166666667 0.2976345486111111 0.17144097222222232 0.16966145833333335
0 0.7896701388888889 0.9437717013888889 0.19704861111111116 0.11245659722222223
0 0.07282986111111112 0.49722222222222223 0.11093750000000002 0.21319444444444446
0 0.5037760416666667 0.5350911458333334 0.16323784722222223 0.11679687499999991
0 0.39663628472222223 0.9547960069444444 0.14852430555555562 0.09040798611111112
0 0.25559895833333335 0.9217664930555556 0.14982638888888888 0.12235243055555545
0 0.6895616319444444 0.9972005208333333 0.21367187499999996 0.005598958333333348
0 0.45525173611111114 0.7164496527777777 0.12556423611111112 0.14717881944444455
0 0.37085503472222225 0.4199435763888889 0.1787760416666666 0.20299479166666656
0 0.49700520833333334 0.38274739583333334 0.1684461805555556 0.14618055555555554
0 0.9567057291666667 0.3726779513888889 0.08658854166666652 0.11940104166666665
0 0.9880425347222221 0.2748263888888889 0.023914930555555713 0.26432291666666663
0 0.9747612847222222 0.09878472222222223 0.050477430555555536 0.05390624999999999
0 0.44904513888888886 0.13778211805555557 0.16276041666666674 0.1499565972222222
0 0.5910590277777777 0.21605902777777777 0.18888888888888888 0.21102430555555557
0 0.14055989583333334 0.5065321180555555 0.12860243055555554 0.12773437499999996
0 0.9314453125 0.9495876736111111 0.13615451388888888 0.10082465277777786
0 0.9421657986111112 0.6465711805555556 0.11566840277777768 0.1319010416666666