0 0.24776475694444444 0.14629267939814816 0.3442708333333333 0.2925853587962963
0 0.24463975694444445 0.47834201388888886 0.19114583333333335 0.18080150462962963
0 0.08454861111111112 0.6281177662037037 0.16909722222222223 0.2750144675925925
0 0.10490451388888888 0.8392071759259259 0.18020833333333336 0.1976851851851853
0 0.4065538194444444 0.4950448495370371 0.23949652777777775 0.2167824074074074
0 0.47934027777777777 0.7420211226851852 0.21154513888888893 0.20149016203703707
0 0.7557942708333334 0.5483723958333333 0.18823784722222214 0.15920138888888902
0 0.6174262152777777 0.8127314814814814 0.17712673611111107 0.17217881944444446
0 0.6840711805555555 0.059960937500000006 0.22170138888888902 0.11992187500000001
0 0.13090277777777778 0.9555193865740741 0.15147569444444448 0.07715567129629619
0 0.6433810763888889 0.40406539351851856 0.2891493055555556 0.1944010416666666
0 0.5829644097222222 0.18557581018518518 0.29522569444444446 0.33111979166666666
0 0.3091362847222222 0.2982277199074074 0.16540798611111107 0.1714843749999999
0 0.12018229166666666 0.3265769675925926 0.24036458333333333 0.24918981481481484
0 0.10919053819444444 0.48288483796296294 0.21838107638888887 0.2299913194444444
0 0.23411458333333335 0.6055844907407407 0.19752604166666665 0.1928674768518519
0 0.6258463541666667 0.5356192129629629 0.2884982638888889 0.22358217592592577
0 0.8357204861111112 0.6127893518518519 0.27734375 0.19175347222222205
0 0.8828125 0.3859809027777778 0.2050347222222222 0.23032407407407407
0 0.8431423611111111 0.10906756365740741 0.20572916666666652 0.21813512731481483
0 0.4891276041666667 0.035069444444444445 0.18971354166666665 0.07013888888888889
0 0.3477647569444444 0.05325159143518519 0.18098958333333326 0.10650318287037037
0 0.13079427083333334 0.10328414351851853 0.15881076388888887 0.11070601851851852
0 0.28387586805555554 0.8665870949074075 0.2660156250000001 0.2436776620370371
0 0.7515625 0.22720630787037038 0.22690972222222228 0.19655671296296295
0 0.38702256944444446 0.4085431134259259 0.1566406250000001 0.14953703703703702
0 0.23899739583333335 0.8244429976851853 0.15173611111111107 0.17067418981481497