0 0.9221137152777777 0.208984375 0.15151909722222223 0.2265625
0 0.32894965277777777 0.4462890625 0.18385416666666665 0.1875
0 0.5025173611111111 0.5458984375 0.19600694444444433 0.20703125
0 0.3121744791666667 0.05859375 0.21549479166666663 0.1171875
0 0.5483072916666667 0.814453125 0.16349826388888888 0.150390625
0 0.22838541666666667 0.357421875 0.19956597222222217 0.19140625
0 0.17712673611111113 0.90625 0.21940104166666663 0.1171875
0 0.42712673611111107 0.9501953125 0.16432291666666665 0.099609375
0 0.05002170138888889 0.7724609375 0.10004340277777778 0.177734375
0 0.6473958333333334 0.22265625 0.20295138888888875 0.16796875
0 0.7842013888888889 0.2626953125 0.15151909722222223 0.138671875
0 0.8685546875000001 0.8173828125 0.1343749999999999 0.158203125
0 0.1291015625 0.03515625 0.08164062500000002 0.0703125
0 0.3124565972222222 0.7490234375 0.13359374999999996 0.123046875
0 0.48357204861111114 0.0361328125 0.18519965277777772 0.072265625
0 0.13426649305555555 0.505859375 0.14592013888888888 0.150390625
0 0.08504774305555556 0.171875 0.08758680555555556 0.162109375
0 0.5300347222222223 0.93359375 0.1631076388888888 0.1328125
0 0.06156684027777778 0.5361328125 0.12313368055555556 0.201171875
0 0.6291232638888888 0.5615234375 0.14175347222222223 0.138671875
0 0.5371310763888889 0.7021484375 0.181640625 0.17578125
0 0.9177517361111112 0.712890625 0.09318576388888888 0.150390625
0 0.3577473958333333 0.205078125 0.21571180555555558 0.21484375
0 0.7535373263888889 0.1484375 0.14965277777777786 0.142578125
0 0.7964843749999999 0.896484375 0.23897569444444455 0.20703125
0 0.9374565972222222 0.4853515625 0.10633680555555558 0.126953125
0 0.7204861111111112 0.0537109375 0.17925347222222232 0.068359375
0 0.7999348958333333 0.609375 0.2875000000000001 0.28125
0 0.9603949652777777 0.595703125 0.05594618055555545 0.14453125
0 0.9546875 0.369140625 0.07751736111111107 0.1484375
0 0.158984375 0.1845703125 0.1440538194444444 0.154296875
0 0.3601345486111111 0.8447265625 0.18415798611111112 0.201171875
0 0.31818576388888886 0.5791015625 0.15342881944444442 0.13671875
0 0.3778862847222222 0.6611328125 0.1434895833333334 0.12890625
0 0.21336805555555555 0.7255859375 0.1498697916666667 0.15234375