0 0.5962094907407407 0.6032913773148147 0.14214409722222232 0.1562210648148148
0 0.6343677662037037 0.8158709490740741 0.07747395833333326 0.07245370370370363
0 0.9725477430555556 0.9729528356481482 0.05490451388888884 0.054094328703703676
0 0.9945023148148149 0.8212094907407408 0.010995370370370239 0.09100115740740744
0 0.9759657118055556 0.7096788194444444 0.04806857638888884 0.10594618055555549
0 0.9822229456018519 0.6056495949074074 0.03555410879629628 0.08618344907407405
0 0.9403935185185186 0.4762152777777778 0.1192129629629628 0.11290509259259263
0 0.522533275462963 0.22693142361111113 0.119140625 0.10876736111111107
0 0.29738136574074076 0.5418185763888889 0.10503472222222221 0.1025028935185186
0 0.09711371527777779 0.6664568865740741 0.10337094907407407 0.10635127314814818
0 0.19415509259259262 0.8846788194444444 0.09483506944444442 0.09635416666666652
0 0.9436487268518519 0.3206886574074074 0.11270254629629628 0.15225694444444438
0 0.98046875 0.10907118055555555 0.0390625 0.055960648148148134
0 0.4370659722222222 0.11234085648148148 0.10221354166666674 0.09072627314814813
0 0.28877314814814814 0.030967881944444442 0.10879629629629628 0.048046875
0 0.2092013888888889 0.11435908564814815 0.15617766203703698 0.1351996527777778
0 0.10525173611111112 0.05281394675925926 0.08304398148148148 0.06872106481481481
0 0.18145978009259262 0.7264467592592592 0.0786313657407407 0.08807870370370363
0 0.35369646990740744 0.3417824074074074 0.1401186342592593 0.1288773148148148
0 0.06264467592592593 0.26689814814814816 0.06344039351851852 0.14609375000000002
0 0.14261429398148148 0.20203269675925928 0.15444155092592593 0.11176215277777779
0 0.8873697916666667 0.11399016203703703 0.1055410879629628 0.08302951388888888
0 0.5062934027777778 0.04715711805555556 0.10243055555555558 0.06734664351851852
0 0.5355179398148148 0.1259765625 0.10192418981481488 0.08682002314814813
0 0.7358217592592593 0.30438368055555554 0.09592013888888884 0.08469328703703705
0 0.7316623263888888 0.9454282407407407 0.08116319444444464 0.09594907407407405
0 0.6476779513888888 0.9600188078703704 0.09888599537037024 0.07996238425925917
0 0.40556278935185186 0.9630497685185185 0.08709490740740744 0.07078993055555549
0 0.35933883101851855 0.8915219907407408 0.10619212962962965 0.1181278935185186
0 0.45775462962962965 0.8388961226851852 0.10684317129629628 0.10060763888888902
0 0.46614583333333337 0.7417028356481481 0.09382233796296302 0.08268229166666652
0 0.4111689814814815 0.6309389467592592 0.11942997685185186 0.11267361111111107
0 0.5379774305555556 0.9935836226851852 0.08391203703703698 0.012832754629629628
0 0.6785662615740741 0.7548177083333334 0.1064091435185186 0.09474826388888902
0 0.7362919560185185 0.6659071180555556 0.0962094907407407 0.08859953703703694