0 0.41985677083333334 0.8701605902777778 0.1127604166666667 0.11562500000000009
0 0.5768880208333333 0.6722800925925927 0.10820312499999996 0.10562789351851842
0 0.9869791666666667 0.29052372685185185 0.02604166666666652 0.07653356481481477
0 0.8962890625 0.8526765046296296 0.1557291666666667 0.14735243055555558
0 0.705078125 0.6983579282407407 0.07486979166666674 0.07252604166666665
0 0.9093098958333333 0.18714554398148148 0.0649739583333333 0.06999421296296293
0 0.4713541666666667 0.06684027777777778 0.08723958333333337 0.08298611111111112
0 0.09752604166666667 0.908449074074074 0.07994791666666667 0.0903356481481481
0 0.28671875 0.4488715277777777 0.10624999999999996 0.10551215277777781
0 0.5871744791666667 0.06786747685185185 0.11562500000000009 0.07105034722222223
0 0.23776041666666664 0.0646701388888889 0.08776041666666667 0.0907986111111111
0 0.2576171875 0.5376085069444444 0.08619791666666665 0.09654224537037037
0 0.5419921875 0.3968822337962963 0.13450520833333335 0.12080439814814814
0 0.9418294270833334 0.3860894097222222 0.11634114583333321 0.14607928240740742
0 0.9244140625 0.23862123842592592 0.07695312499999996 0.07459490740740737
0 0.14453125 0.16906105324074072 0.08893229166666666 0.07919560185185182
0 0.4630208333333333 0.6713686342592593 0.07591145833333335 0.05896990740740726
0 0.26764322916666666 0.6879991319444445 0.06471354166666665 0.06608796296296315
0 0.12272135416666667 0.031589988425925926 0.06184895833333334 0.052300347222222224
0 0.7123046875000001 0.4565827546296296 0.05208333333333348 0.0517216435185186
0 0.5169270833333333 0.23976417824074076 0.06510416666666652 0.07194733796296293
0 0.44375 0.23640046296296297 0.07148437500000004 0.08010706018518521
0 0.11647135416666667 0.6527777777777777 0.06302083333333333 0.06987847222222232
0 0.22838541666666667 0.18667534722222223 0.054166666666666696 0.05379050925925921
0 0.9934244791666667 0.5998625578703703 0.013151041666666696 0.07504340277777777
0 0.22298177083333331 0.9518735532407407 0.1029947916666667 0.05668402777777781
0 0.14264322916666666 0.8264973958333334 0.08502604166666666 0.07896412037037037
0 0.6347005208333334 0.8099392361111111 0.08307291666666661 0.07884837962962976
0 0.072265625 0.3398654513888889 0.05247395833333335 0.0575810185185186
0 0.7953776041666667 0.43329716435185184 0.05208333333333348 0.0517216435185186
0 0.5643880208333334 0.28051215277777775 0.05403645833333348 0.05183738425925921
0 0.17545572916666669 0.5745659722222223 0.0708333333333333 0.07034143518518521
0 0.21848958333333335 0.6656322337962963 0.059114583333333304 0.06964699074074066
0 0.24544270833333331 0.7927083333333333 0.05234375000000002 0.0556278935185186
0 0.6627604166666666 0.07818287037037036 0.06809895833333335 0.05850694444444443
0 0.5942708333333333 0.21808449074074077 0.06289062500000009 0.06792534722222221
0 0.7460286458333333 0.7289930555555555 0.04296875 0.06090856481481488