0 0.4775390625 0.3876953125 0.134765625 0.10546875
0 0.38671875 0.2939453125 0.1171875 0.1328125
0 0.423828125 0.544921875 0.1171875 0.125
0 0.5009765625 0.7822265625 0.1728515625 0.115234375
0 0.67578125 0.47265625 0.1123046875 0.1103515625
0 0.77734375 0.3759765625 0.1552734375 0.15234375
0 0.888671875 0.537109375 0.2177734375 0.1953125
0 0.05859375 0.1279296875 0.1171875 0.14453125
0 0.193359375 0.5478515625 0.267578125 0.1953125
0 0.25390625 0.8310546875 0.142578125 0.1279296875
0 0.111328125 0.916015625 0.20703125 0.1376953125
0 0.5126953125 0.2109375 0.134765625 0.142578125
0 0.2490234375 0.1572265625 0.1328125 0.125
0 0.9033203125 0.2265625 0.1875 0.2978515625
0 0.6005859375 0.3505859375 0.1005859375 0.111328125
0 0.6513671875 0.1484375 0.1552734375 0.232421875
0 0.7568359375 0.07421875 0.0830078125 0.08984375
0 0.9248046875 0.0361328125 0.150390625 0.072265625
0 0.1982421875 0.05859375 0.111328125 0.09765625
0 0.33203125 0.0478515625 0.130859375 0.095703125
0 0.4130859375 0.1298828125 0.125 0.169921875
0 0.5244140625 0.10546875 0.1279296875 0.130859375
0 0.1015625 0.0400390625 0.12109375 0.080078125
0 0.220703125 0.3046875 0.115234375 0.1591796875
0 0.306640625 0.240234375 0.0908203125 0.1513671875
0 0.0625 0.6318359375 0.125 0.119140625
0 0.2978515625 0.68359375 0.1328125 0.107421875
0 0.5361328125 0.630859375 0.10546875 0.15234375
0 0.7333984375 0.5537109375 0.0703125 0.107421875
0 0.5869140625 0.8720703125 0.1025390625 0.1044921875
0 0.720703125 0.93359375 0.185546875 0.1328125
0 0.861328125 0.8857421875 0.111328125 0.123046875