0 0.2353515625 0.3955078125 0.099609375 0.099609375
0 0.4384765625 0.1845703125 0.1142578125 0.1123046875
0 0.87109375 0.8359375 0.0888671875 0.1015625
0 0.3515625 0.9326171875 0.1650390625 0.130859375
0 0.650390625 0.6015625 0.1015625 0.0986328125
0 0.599609375 0.1787109375 0.1123046875 0.1015625
0 0.6591796875 0.0537109375 0.107421875 0.107421875
0 0.1396484375 0.798828125 0.11328125 0.111328125
0 0.1962890625 0.1748046875 0.095703125 0.087890625
0 0.8447265625 0.35546875 0.0966796875 0.1005859375
0 0.6279296875 0.4365234375 0.087890625 0.083984375
0 0.3466796875 0.1513671875 0.1064453125 0.1083984375
0 0.8525390625 0.171875 0.107421875 0.103515625
0 0.9599609375 0.9482421875 0.080078125 0.103515625
0 0.908203125 0.4755859375 0.083984375 0.0888671875
0 0.34765625 0.248046875 0.0908203125 0.09375
0 0.9482421875 0.2353515625 0.1025390625 0.1103515625
0 0.4931640625 0.4697265625 0.109375 0.1123046875
0 0.2294921875 0.5625 0.1484375 0.162109375
0 0.1630859375 0.3310546875 0.0810546875 0.0849609375
0 0.0380859375 0.060546875 0.076171875 0.109375
0 0.19921875 0.8701171875 0.115234375 0.09375
0 0.1611328125 0.099609375 0.083984375 0.103515625
0 0.8994140625 0.6455078125 0.1259765625 0.103515625
0 0.62890625 0.8583984375 0.1337890625 0.1396484375
0 0.5771484375 0.541015625 0.11328125 0.1064453125
0 0.453125 0.5595703125 0.0888671875 0.0810546875
0 0.0966796875 0.0703125 0.0888671875 0.1103515625
0 0.3935546875 0.052734375 0.1103515625 0.0927734375
0 0.939453125 0.7890625 0.0712890625 0.0703125
0 0.7216796875 0.4755859375 0.126953125 0.10546875
0 0.8125 0.48828125 0.068359375 0.0751953125
0 0.0517578125 0.8466796875 0.103515625 0.11328125
0 0.6162109375 0.259765625 0.0888671875 0.0859375
0 0.5234375 0.0458984375 0.1328125 0.091796875
0 0.32421875 0.6650390625 0.1513671875 0.1181640625
0 0.1171875 0.484375 0.091796875 0.083984375
0 0.6435546875 0.3564453125 0.1171875 0.115234375
0 0.322265625 0.3779296875 0.08203125 0.0859375
0 0.2646484375 0.099609375 0.0986328125 0.095703125
0 0.740234375 0.0693359375 0.0810546875 0.0859375
0 0.9365234375 0.36328125 0.107421875 0.1123046875
0 0.7548828125 0.3974609375 0.0849609375 0.087890625
0 0.7041015625 0.228515625 0.0986328125 0.0947265625
0 0.8125 0.2529296875 0.087890625 0.095703125
0 0.94921875 0.0966796875 0.09765625 0.1181640625
0 0.830078125 0.7490234375 0.06640625 0.078125
0 0.9697265625 0.8330078125 0.060546875 0.091796875
0 0.7626953125 0.8681640625 0.138671875 0.1123046875
0 0.2744140625 0.21484375 0.0751953125 0.0693359375
0 0.6962890625 0.7041015625 0.140625 0.1298828125
0 0.1884765625 0.9609375 0.1328125 0.078125
0 0.701171875 0.130859375 0.0673828125 0.0712890625
0 0.9755859375 0.01953125 0.0478515625 0.0390625
0 0.87109375 0.5693359375 0.09765625 0.0888671875
0 0.2880859375 0.0205078125 0.1171875 0.0400390625
0 0.787109375 0.6201171875 0.103515625 0.1005859375
0 0.490234375 0.892578125 0.1025390625 0.0908203125
0 0.3935546875 0.404296875 0.0703125 0.0810546875
0 0.056640625 0.275390625 0.078125 0.09765625
0 0.794921875 0.0234375 0.125 0.046875
0 0.314453125 0.017578125 0.080078125 0.0341796875
0 0.02734375 0.505859375 0.05078125 0.1396484375
0 0.0205078125 0.296875 0.0390625 0.08203125
0 0.751953125 0.3369140625 0.0634765625 0.064453125
0 0.8681640625 0.0205078125 0.11328125 0.041015625
0 0.3232421875 0.2333984375 0.1103515625 0.0966796875
0 0.984375 0.388671875 0.0302734375 0.0966796875
0 0.490234375 0.6552734375 0.1103515625 0.107421875
0 0.521484375 0.724609375 0.068359375 0.08984375
0 0.197265625 0.712890625 0.123046875 0.1162109375
0 0.0927734375 0.34375 0.0869140625 0.09765625
0 0.17578125 0.283203125 0.083984375 0.0673828125
0 0.4013671875 0.1220703125 0.0712890625 0.07421875
0 0.4921875 0.3486328125 0.11328125 0.087890625
0 0.4189453125 0.259765625 0.0634765625 0.0615234375
0 0.08984375 0.6806640625 0.09765625 0.1025390625
0 0.408203125 0.783203125 0.1796875 0.1357421875
0 0.119140625 0.55859375 0.083984375 0.078125