0 0.4771701388888889 0.36169704861111107 0.15461516203703696 0.12573784722222214
0 0.39762731481481484 0.26098090277777775 0.13845486111111116 0.1523003472222222
0 0.39973234953703707 0.5210286458333333 0.13804976851851847 0.1444878472222222
0 0.44536313657407406 0.7684244791666666 0.19243344907407411 0.14105902777777768
0 0.668041087962963 0.4574652777777778 0.1313802083333333 0.12860243055555554
0 0.7839771412037038 0.3636501736111111 0.18068576388888902 0.17756076388888886
0 0.8619791666666667 0.5316623263888889 0.2280381944444443 0.22643229166666679
0 0.08959780092592592 0.07893880208333333 0.13710937499999998 0.15787760416666666
0 0.16626880787037038 0.5138671875 0.3025607638888889 0.23559027777777786
0 0.18710937499999997 0.8071831597222222 0.16559606481481481 0.14960937500000004
0 0.07268518518518519 0.8874348958333333 0.14537037037037037 0.1665364583333333
0 0.5380931712962963 0.1826388888888889 0.1585937500000001 0.16488715277777777
0 0.2775462962962963 0.11529947916666666 0.15367476851851858 0.14518229166666669
0 0.9057291666666667 0.2140407986111111 0.17861689814814818 0.3255642361111111
0 0.6074435763888889 0.32960069444444445 0.1196614583333333 0.12808159722222223
0 0.6882884837962964 0.12666015625 0.19275173611111107 0.2533203125
0 0.8069155092592593 0.05279947916666666 0.09696180555555545 0.10368923611111111
0 0.9494285300925926 0.03357204861111111 0.09749710648148158 0.06714409722222223
0 0.23733362268518518 0.03315972222222222 0.12689525462962964 0.06631944444444444
0 0.3730251736111111 0.03131510416666666 0.1445746527777778 0.06263020833333333
0 0.4481770833333333 0.09452039930555556 0.15209780092592595 0.18904079861111112
0 0.5661241319444444 0.07531467013888889 0.15017361111111116 0.15062934027777777
0 0.13961226851851852 0.017838541666666666 0.13093171296296297 0.03567708333333333
0 0.22883391203703704 0.26555989583333334 0.1418258101851852 0.1797309027777778
0 0.3246455439814815 0.20284288194444444 0.11582754629629632 0.16688368055555558
0 0.0458984375 0.5911024305555556 0.091796875 0.13810763888888888
0 0.2523220486111111 0.6581380208333334 0.15276331018518519 0.12760416666666652
0 0.5020399305555556 0.6148871527777777 0.12970196759259256 0.1713975694444443
0 0.7142650462962963 0.5430989583333333 0.08810763888888884 0.12083333333333335
0 0.5203269675925926 0.8634982638888888 0.12120949074074083 0.12035590277777786
0 0.6464988425925926 0.9105034722222223 0.20529513888888884 0.1260416666666666
0 0.7966724537037037 0.8892144097222222 0.13198784722222223 0.14032118055555554