0 0.39346064814814813 0.15026041666666665 0.3037037037037037 0.24366319444444445
0 0.28582899305555554 0.4583550347222223 0.16639178240740748 0.15173611111111107
0 0.08267505787037037 0.5351128472222222 0.16535011574074074 0.2500868055555556
0 0.06340422453703703 0.7447916666666667 0.12680844907407407 0.17447916666666652
0 0.4202329282407407 0.5304036458333333 0.20827546296296295 0.18285590277777786
0 0.4068504050925926 0.7845703125000001 0.1844907407407408 0.17009548611111125
0 0.7097728587962964 0.6989366319444444 0.16581307870370354 0.13220486111111107
0 0.5049117476851852 0.8982204861111112 0.15254629629629624 0.14526909722222214
0 0.8200954861111112 0.16835937499999998 0.19121817129629637 0.1996527777777778
0 0.14259982638888888 0.03122829861111111 0.19917534722222224 0.06245659722222222
0 0.049544270833333334 0.26990017361111107 0.09016203703703704 0.14639756944444438
0 0.040379050925925926 0.894140625 0.08075810185185185 0.12968749999999996
0 0.6563585069444444 0.5267361111111111 0.26393229166666665 0.15217013888888875
0 0.6727213541666667 0.30364583333333334 0.2465567129629629 0.28988715277777777
0 0.39836516203703703 0.3138888888888889 0.14088541666666665 0.14670138888888895
0 0.2113642939814815 0.2724609375 0.2363715277777778 0.2094618055555556
0 0.159375 0.41423611111111114 0.19891493055555554 0.19609374999999996
0 0.23657407407407408 0.5736762152777778 0.170703125 0.1655815972222221
0 0.5992621527777778 0.643381076388889 0.2588831018518518 0.17925347222222232
0 0.7656467013888888 0.7881293402777778 0.26576967592592604 0.14835069444444438
0 0.8776765046296295 0.594921875 0.18731192129629637 0.19947916666666665
0 0.9183810763888889 0.30735677083333335 0.14877025462962967 0.2153211805555555
0 0.9574291087962963 0.10861545138888888 0.082132523148148 0.20455729166666667
0 0.9107132523148148 0.04609375 0.1767216435185186 0.0921875
0 0.6510850694444444 0.0793185763888889 0.17805266203703707 0.15030381944444443
0 0.5181640625 0.06942274305555556 0.17460937499999996 0.1388454861111111
0 0.30573640046296297 0.05831163194444444 0.15415219907407407 0.11662326388888888
0 0.18932291666666667 0.8517795138888888 0.22391493055555556 0.24986979166666679
0 0.8064308449074074 0.39913194444444444 0.19988425925925934 0.16297743055555558
0 0.4315972222222222 0.44309895833333335 0.13640046296296293 0.1269965277777778
0 0.17098524305555557 0.7794487847222222 0.12727141203703707 0.1480468749999999