0 0.19582609953703703 0.3984375 0.13022280092592592 0.12382812499999996
0 0.39653501157407406 0.1384548611111111 0.14677372685185186 0.13980034722222223
0 0.9088975694444444 0.7580729166666667 0.09701967592592586 0.12309027777777781
0 0.3662615740740741 0.9291015625000001 0.2026041666666667 0.12738715277777768
0 0.6610026041666667 0.5470703125 0.13217592592592586 0.12387152777777777
0 0.569285300925926 0.10340711805555555 0.14412615740740753 0.12803819444444448
0 0.6248191550925926 0.01325954861111111 0.12536168981481488 0.02651909722222222
0 0.1273871527777778 0.8456597222222222 0.14677372685185186 0.13980034722222223
0 0.13428819444444445 0.16963975694444444 0.1216001157407407 0.10998263888888887
0 0.8502387152777777 0.25028211805555556 0.12631655092592586 0.12374131944444444
0 0.622533275462963 0.37335069444444446 0.11160300925925926 0.10585937500000009
0 0.2943504050925926 0.11829427083333334 0.13872974537037042 0.13572048611111112
0 0.8414785879629629 0.05871310763888889 0.13838252314814814 0.11742621527777777
0 0.923314525462963 0.3666666666666667 0.1040219907407407 0.10959201388888884
0 0.3048177083333333 0.22144097222222223 0.1181568287037037 0.11770833333333336
0 0.9182002314814814 0.10735677083333334 0.07576678240740753 0.1265190972222222
0 0.4805627893518518 0.4320963541666667 0.14286747685185186 0.1397135416666666
0 0.20373263888888887 0.5777126736111111 0.19516782407407407 0.19939236111111103
0 0.1113498263888889 0.3427734375 0.10574363425925926 0.10572916666666665
0 0.19755497685185186 0.9123697916666667 0.14366319444444442 0.12022569444444442
0 0.08865017361111112 0.10043402777777778 0.11206597222222223 0.113671875
0 0.9115162037037037 0.5493055555555556 0.11678240740740753 0.1274305555555555
0 0.6601345486111111 0.8250434027777778 0.17413194444444446 0.17356770833333335
0 0.5763527199074074 0.49433593750000004 0.14447337962962958 0.13389756944444442
0 0.44513165509259256 0.5362630208333333 0.11332465277777781 0.1019965277777779
0 0.03646556712962963 0.09680989583333333 0.07293113425925926 0.08763020833333335
0 0.3375289351851852 0.031510416666666666 0.1265190972222222 0.061328125
0 0.9505135995370371 0.69765625 0.018417245370370372 0.08038194444444446
0 0.7273003472222223 0.3993055555555556 0.15826099537037042 0.13615451388888888
0 0.8269097222222221 0.39709201388888893 0.0894241898148147 0.09366319444444438
0 0.051660156250000006 0.9089192708333333 0.10332031250000001 0.13715277777777768
0 0.5945240162037038 0.1876953125 0.11367187500000009 0.10785590277777779
0 0.4762080439814815 0.01796875 0.14914641203703705 0.0359375
0 0.3152488425925926 0.6708116319444444 0.1884837962962963 0.15243055555555562
0 0.07583188657407408 0.5142361111111111 0.11746238425925926 0.1059895833333333
0 0.632566550925926 0.286328125 0.1509114583333333 0.14379340277777775
0 0.2875217013888889 0.3651909722222222 0.10574363425925926 0.10572916666666665
0 0.2009620949074074 0.08135850694444445 0.12378472222222225 0.11393229166666666
0 0.7091507523148148 0.006315104166666667 0.09732349537037033 0.012630208333333334
0 0.9237702546296296 0.24377170138888887 0.08771701388888875 0.13068576388888886
0 0.7559461805555556 0.3108940972222222 0.10988136574074092 0.10972222222222217
0 0.6871455439814815 0.13882378472222223 0.12608506944444464 0.11983506944444444
0 0.8057074652777778 0.1459418402777778 0.11620370370370381 0.11766493055555555
0 0.9077907986111111 0.013671875 0.06332465277777777 0.02734375
0 0.8681495949074074 0.6721788194444445 0.08953993055555554 0.09561631944444438
0 0.8062789351851851 0.8110677083333333 0.1723958333333333 0.14427083333333335
0 0.2213035300925926 0.19891493055555554 0.09482060185185187 0.08598090277777781
0 0.7193793402777777 0.6481770833333333 0.17941261574074074 0.16393229166666679
0 0.19287471064814815 0.9748914930555556 0.15661168981481477 0.04249131944444451
0 0.6757595486111111 0.03931206597222222 0.08907696759259265 0.07862413194444444
0 0.896556712962963 0.47259114583333334 0.12366898148148131 0.11197916666666663
0 0.810474537037037 0.5427734375 0.1322916666666667 0.12582465277777777
0 0.5132233796296296 0.8848741319444444 0.12975983796296298 0.11601562499999996
0 0.3675925925925926 0.3799913194444444 0.09367766203703698 0.099609375
0 0.022120949074074074 0.2991536458333333 0.04424189814814815 0.11653645833333337
0 0.010467303240740742 0.5482855902777778 0.020934606481481485 0.15733506944444442
0 0.7481047453703704 0.2457248263888889 0.08287037037037037 0.0818142361111111
0 0.27621527777777777 0.21037326388888888 0.13987268518518525 0.1220920138888889
0 0.49408998842592594 0.6317274305555556 0.1425202546296297 0.1338541666666666
0 0.5330078125 0.6991319444444445 0.09414062500000009 0.107421875
0 0.1822337962962963 0.7430121527777778 0.15688657407407408 0.14587673611111107
0 0.04692201967592593 0.3688151041666667 0.09384403935185186 0.11957465277777779
0 0.12136863425925926 0.28891059027777777 0.10470196759259259 0.08815104166666665
0 0.35043402777777777 0.07706163194444444 0.09321469907407409 0.091796875
0 0.46769386574074073 0.30364583333333334 0.14136284722222225 0.11432291666666661
0 0.3828269675925926 0.22165798611111112 0.08263888888888893 0.0779079861111111
0 0.06321614583333333 0.7281032986111111 0.12643229166666667 0.12764756944444455
0 0.4159577546296297 0.7817057291666667 0.2231915509259259 0.17855902777777777
0 0.08383969907407407 0.5930555555555556 0.10723379629629631 0.09796006944444446