0 0.3935546875 0.291015625 0.1123046875 0.1171875
0 0.8837890625 0.51171875 0.20703125 0.212890625
0 0.5048828125 0.763671875 0.1650390625 0.15234375
0 0.587890625 0.8525390625 0.0703125 0.0703125
0 0.2529296875 0.818359375 0.1298828125 0.1171875
0 0.162109375 0.5341796875 0.169921875 0.177734375
0 0.48046875 0.3828125 0.1201171875 0.115234375
0 0.4248046875 0.5341796875 0.10546875 0.1025390625
0 0.7763671875 0.3837890625 0.1376953125 0.16796875
0 0.923828125 0.2109375 0.1474609375 0.2626953125
0 0.513671875 0.201171875 0.1474609375 0.1376953125
0 0.28125 0.166015625 0.197265625 0.162109375
0 0.03125 0.3701171875 0.0625 0.08984375
0 0.6533203125 0.1875 0.1650390625 0.146484375
0 0.5673828125 0.08203125 0.20703125 0.1298828125
0 0.4345703125 0.126953125 0.1279296875 0.1640625
0 0.064453125 0.119140625 0.1279296875 0.1337890625
0 0.2109375 0.0439453125 0.1005859375 0.087890625
0 0.1005859375 0.0380859375 0.1103515625 0.076171875
0 0.3388671875 0.0458984375 0.146484375 0.0908203125
0 0.76171875 0.0703125 0.0810546875 0.0810546875
0 0.7158203125 0.0234375 0.080078125 0.046875
0 0.9306640625 0.04296875 0.138671875 0.08203125
0 0.9130859375 0.7216796875 0.0947265625 0.1083984375
0 0.544921875 0.6171875 0.1376953125 0.14453125
0 0.4375 0.6455078125 0.1416015625 0.111328125
0 0.3076171875 0.6533203125 0.1416015625 0.1416015625
0 0.181640625 0.6689453125 0.07421875 0.078125
0 0.1611328125 0.7783203125 0.060546875 0.0615234375
0 0.064453125 0.6337890625 0.1279296875 0.1279296875
0 0.099609375 0.2158203125 0.09765625 0.0830078125
0 0.4072265625 0.888671875 0.0625 0.078125
0 0.5048828125 0.916015625 0.0625 0.0771484375
0 0.84765625 0.884765625 0.0546875 0.0556640625
0 0.890625 0.9375 0.0693359375 0.0703125
0 0.31640625 0.939453125 0.0712890625 0.0693359375
0 0.09765625 0.9208984375 0.1953125 0.154296875
0 0.5908203125 0.345703125 0.115234375 0.111328125
0 0.3505859375 0.4716796875 0.0859375 0.0791015625