0 0.3310546875 0.3837890625 0.1328125 0.1123046875
0 0.7734375 0.42578125 0.1728515625 0.1572265625
0 0.490234375 0.6826171875 0.1650390625 0.115234375
0 0.4287109375 0.8134765625 0.1572265625 0.1572265625
0 0.1259765625 0.724609375 0.1923828125 0.2197265625
0 0.1337890625 0.4677734375 0.267578125 0.2001953125
0 0.8388671875 0.166015625 0.1220703125 0.1826171875
0 0.6796875 0.162109375 0.10546875 0.1201171875
0 0.2587890625 0.1689453125 0.1171875 0.107421875
0 0.5146484375 0.552734375 0.16015625 0.134765625
0 0.763671875 0.5703125 0.142578125 0.1103515625
0 0.537109375 0.880859375 0.1396484375 0.162109375
0 0.3203125 0.94921875 0.1953125 0.09765625
0 0.0859375 0.9150390625 0.171875 0.150390625
0 0.87109375 0.322265625 0.1279296875 0.099609375
0 0.951171875 0.53125 0.0927734375 0.1171875
0 0.9384765625 0.896484375 0.1171875 0.087890625
0 0.4833984375 0.96875 0.1474609375 0.0576171875
0 0.4296875 0.146484375 0.08203125 0.0791015625
0 0.3046875 0.64453125 0.1220703125 0.125
0 0.81640625 0.7265625 0.0908203125 0.1630859375
0 0.8193359375 0.953125 0.1064453125 0.0927734375
0 0.3857421875 0.052734375 0.15625 0.10546875
0 0.5517578125 0.0859375 0.19140625 0.1669921875
0 0.9677734375 0.2421875 0.064453125 0.1240234375
0 0.7978515625 0.046875 0.12109375 0.08984375
0 0.5615234375 0.2431640625 0.0849609375 0.09765625
0 0.087890625 0.3046875 0.1171875 0.1162109375
0 0.5810546875 0.33984375 0.12109375 0.1162109375
0 0.6376953125 0.59375 0.0849609375 0.09375
0 0.73046875 0.6923828125 0.08984375 0.1005859375
0 0.88671875 0.619140625 0.060546875 0.0703125
0 0.2705078125 0.0673828125 0.0859375 0.0771484375
0 0.07421875 0.6123046875 0.083984375 0.1103515625
0 0.81640625 0.84375 0.0751953125 0.068359375
0 0.927734375 0.78125 0.0927734375 0.09375
0 0.66796875 0.2724609375 0.1181640625 0.1123046875