0 0.42803096064814816 0.19180410879629628 0.14956597222222223 0.16333912037037035
0 0.8638310185185185 0.5206524884259259 0.2657118055555556 0.294921875
0 0.4076099537037037 0.7086588541666666 0.2124276620370371 0.216796875
0 0.46731047453703706 0.818431712962963 0.09247685185185184 0.0985966435185186
0 0.13328993055555555 0.7162905092592593 0.16717303240740744 0.16854745370370372
0 0.12196903935185185 0.3999204282407407 0.22434895833333335 0.24500868055555558
0 0.4906322337962963 0.3052662037037037 0.15541087962962963 0.16182002314814814
0 0.3909649884259259 0.45222077546296297 0.1377170138888889 0.14489293981481477
0 0.7947120949074074 0.3647280092592593 0.18904803240740753 0.22287326388888884
0 0.9402633101851852 0.21632667824074076 0.11753472222222228 0.31908275462962965
0 0.5769097222222223 0.12123842592592592 0.19079861111111107 0.1956741898148148
0 0.3460358796296296 0.07866753472222222 0.24933449074074077 0.15733506944444445
0 0.7232060185185185 0.13577835648148148 0.2123842592592593 0.2109375
0 0.6576533564814815 0.054253472222222224 0.23938078703703702 0.10850694444444445
0 0.5140335648148149 0.0671657986111111 0.17505787037037024 0.1343315972222222
0 0.16391059027777777 0.016456886574074073 0.10967881944444446 0.03291377314814815
0 0.8624638310185185 0.046404803240740734 0.09823495370370372 0.0853587962962963
0 0.9813802083333334 0.06785300925925924 0.035648148148148096 0.06901041666666669
0 0.8387369791666667 0.746021412037037 0.1279658564814814 0.14612268518518512
0 0.4906756365740741 0.5629340277777778 0.18301504629629628 0.19900173611111116
0 0.3725115740740741 0.5716869212962963 0.17690972222222223 0.16536458333333326
0 0.23697193287037038 0.5543981481481481 0.18496817129629628 0.19914641203703698
0 0.1023509837962963 0.5448495370370371 0.09840856481481483 0.10879629629629628
0 0.0507740162037037 0.6560329861111112 0.0806712962962963 0.0860098379629628
0 0.037528935185185186 0.4863642939814815 0.07505787037037037 0.15617766203703698
0 0.14894386574074076 0.055718315972222224 0.11799768518518516 0.11143663194444445
0 0.2730685763888889 0.8201316550925926 0.08666087962962965 0.1040219907407407
0 0.364453125 0.8689959490740741 0.08664641203703705 0.1020688657407407
0 0.726294849537037 0.9046585648148149 0.07084780092592591 0.07747395833333348
0 0.7534143518518519 0.9329065393518519 0.09195601851851842 0.0282841435185186
0 0.16544415509259258 0.8554325810185185 0.09442997685185184 0.09874131944444442
0 0.03355034722222222 0.7922453703703703 0.06710069444444444 0.2006655092592593
0 0.614720775462963 0.28729021990740744 0.15147569444444442 0.15762442129629628
0 0.3320167824074074 0.3726490162037037 0.11210937499999996 0.11371527777777779