0 0.7702184606481481 0.532154224537037 0.18431712962962976 0.1869502314814815
0 0.9423828125 0.6541449652777778 0.10329861111111116 0.10477430555555545
0 0.8153211805555556 0.6446325231481481 0.08897569444444442 0.08648726851851851
0 0.6698133680555556 0.5844545717592593 0.13599537037037024 0.14545717592592577
0 0.37604890046296297 0.5214626736111111 0.18858506944444442 0.19691840277777772
0 0.3480902777777778 0.6350260416666667 0.10112847222222221 0.09881365740740744
0 0.3871889467592593 0.7432942708333333 0.16804108796296302 0.16856192129629632
0 0.881763599537037 0.2806206597222222 0.20934606481481488 0.23113425925925923
0 0.39037181712962965 0.19763454861111113 0.23885995370370372 0.23851273148148144
0 0.9733434606481481 0.3432508680555556 0.05331307870370372 0.19845196759259265
0 0.902271412037037 0.16978443287037037 0.19545717592592604 0.158666087962963
0 0.652416087962963 0.14104456018518519 0.29311342592592604 0.22962962962962963
0 0.08763744212962962 0.3924696180555556 0.10792824074074076 0.1245081018518519
0 0.051504629629629636 0.5484953703703703 0.06640625 0.10870949074074066
0 0.06394675925925926 0.6212673611111111 0.08521412037037038 0.09019097222222228
0 0.3990885416666667 0.06455439814814815 0.25911458333333337 0.10115740740740742
0 0.21589265046296297 0.09209346064814815 0.19741030092592593 0.1720341435185185
0 0.6353804976851851 0.9378797743055556 0.1239872685185186 0.12424045138888884