0 0.05980902777777778 0.45207609953703703 0.11961805555555556 0.24399594907407407
0 0.5152126736111111 0.7374204282407408 0.16753472222222232 0.16111111111111098
0 0.6157769097222222 0.9038773148148148 0.5416232638888889 0.19224537037037037
0 0.8759982638888888 0.8551396122685185 0.19210069444444455 0.28972077546296293
0 0.8706814236111111 0.6600043402777778 0.14327256944444455 0.12330729166666665
0 0.45232204861111114 0.13750723379629629 0.18936631944444438 0.17737268518518517
0 0.8080512152777778 0.22426938657407405 0.18919270833333335 0.16956018518518517
0 0.8636067708333333 0.09887876157407408 0.1762586805555557 0.11452546296296295
0 0.9711371527777778 0.09717881944444444 0.05642361111111116 0.07974537037037036
0 0.9810546874999999 0.17858072916666667 0.03337673611111125 0.09662905092592589
0 0.9454210069444444 0.3309461805555556 0.10047743055555558 0.21767939814814818
0 0.9276258680555556 0.5600622106481482 0.12478298611111116 0.16960358796296293
0 0.8955512152777778 0.4643229166666667 0.15147569444444442 0.1411168981481481
0 0.9078559027777777 0.9956452546296296 0.07500000000000018 0.008709490740740788