0 0.20078125 0.2562861689814815 0.20559895833333336 0.1889612268518518
0 0.2671875 0.4325014467592593 0.1997395833333333 0.1889178240740741
0 0.4151258680555555 0.4004050925925926 0.11853298611111107 0.16293402777777777
0 0.15822482638888888 0.5068648726851852 0.1762152777777778 0.18679108796296284
0 0.05434027777777778 0.43190104166666665 0.07673611111111112 0.1450520833333333
0 0.40453559027777775 0.6453631365740742 0.2157986111111112 0.1987991898148147
0 0.3150173611111111 0.9802300347222221 0.14635416666666667 0.03953993055555571
0 0.20930989583333331 0.8215928819444445 0.23841145833333333 0.22434895833333335
0 0.6243055555555556 0.6040364583333333 0.29227430555555567 0.25013020833333344
0 0.6089192708333333 0.8509114583333333 0.2929253472222222 0.22084780092592604
0 0.88828125 0.8277560763888889 0.22343749999999996 0.2733651620370372
0 0.9402886284722223 0.5225043402777778 0.11942274305555545 0.1221064814814814
0 0.9686848958333334 0.632081886574074 0.06263020833333321 0.11393229166666652
0 0.6064019097222222 0.09137731481481481 0.12921006944444446 0.13958333333333334
0 0.7300347222222223 0.9621238425925926 0.15555555555555545 0.07339409722222223
0 0.5266710069444445 0.9750217013888889 0.2191406250000001 0.04995659722222223
0 0.14463975694444445 0.9473668981481482 0.155078125 0.10526620370370354
0 0.14539930555555555 0.6356336805555556 0.10855034722222223 0.11404803240740735
0 0.058745659722222225 0.5529875578703703 0.07391493055555555 0.1255063657407407
0 0.5782769097222222 0.33718171296296295 0.25308159722222223 0.29084201388888886
0 0.7502170138888888 0.09830005787037037 0.17230902777777768 0.18676215277777777
0 0.3747829861111111 0.041825810185185185 0.2065104166666667 0.07767650462962962