0 0.59765625 0.3623046875 0.1298828125 0.1298828125
0 0.9189453125 0.353515625 0.1572265625 0.20703125
0 0.107421875 0.1015625 0.1953125 0.1728515625
0 0.0302734375 0.33203125 0.0595703125 0.1552734375
0 0.0625 0.9248046875 0.1201171875 0.1396484375
0 0.42578125 0.4912109375 0.1572265625 0.2421875
0 0.798828125 0.1904296875 0.1376953125 0.1201171875
0 0.4453125 0.236328125 0.2099609375 0.1728515625
0 0.1376953125 0.44140625 0.169921875 0.1572265625
0 0.08203125 0.6015625 0.16015625 0.16796875
0 0.4833984375 0.0478515625 0.1572265625 0.0947265625
0 0.607421875 0.572265625 0.2001953125 0.2900390625
0 0.6796875 0.767578125 0.150390625 0.14453125
0 0.833984375 0.85546875 0.1279296875 0.1298828125
0 0.263671875 0.91015625 0.2626953125 0.1748046875
0 0.7158203125 0.9423828125 0.1328125 0.0947265625
0 0.3583984375 0.705078125 0.162109375 0.21484375
0 0.28125 0.541015625 0.119140625 0.1923828125
0 0.4990234375 0.84375 0.2060546875 0.244140625
0 0.677734375 0.138671875 0.1884765625 0.267578125
0 0.775390625 0.3154296875 0.1689453125 0.1513671875
0 0.1796875 0.736328125 0.1982421875 0.203125
0 0.080078125 0.19921875 0.16015625 0.11328125
0 0.2744140625 0.1162109375 0.1875 0.232421875
0 0.1982421875 0.287109375 0.185546875 0.134765625
0 0.08203125 0.287109375 0.0810546875 0.0908203125