0 0.49242621527777775 0.33760850694444444 0.2519965277777778 0.28249421296296295
0 0.5982855902777777 0.5429759837962963 0.2123553240740741 0.20234375000000004
0 0.7907552083333333 0.5212818287037038 0.18369502314814823 0.28676215277777795
0 0.07459852430555555 0.8826171875 0.1491970486111111 0.14071180555555562
0 0.1736038773148148 0.8119719328703704 0.13953993055555558 0.12437789351851847
0 0.047938368055555555 0.6907769097222223 0.09587673611111111 0.38407118055555545
0 0.7759765625 0.27604890046296293 0.2594184027777777 0.23016493055555554
0 0.8262659143518518 0.735177951388889 0.14946469907407423 0.14636863425925917
0 0.608912037037037 0.16268807870370372 0.16543692129629628 0.19405381944444444
0 0.3746166087962963 0.8230251736111112 0.19904513888888897 0.2504629629629629
0 0.20409432870370373 0.912890625 0.26668113425925927 0.156351273148148
0 0.22502170138888888 0.32804542824074073 0.30101273148148144 0.3104166666666667
0 0.08035300925925926 0.09052372685185185 0.141796875 0.16549479166666667
0 0.08747829861111112 0.18289207175925926 0.16108217592592594 0.13330439814814815
0 0.15882523148148148 0.04552228009259259 0.13938078703703705 0.09104456018518518
0 0.3246383101851852 0.06997974537037037 0.24916087962962963 0.13995949074074074
0 0.514894386574074 0.08794849537037037 0.2084924768518519 0.17589699074074075
0 0.7386863425925926 0.05825014467592592 0.21005497685185182 0.11650028935185185
0 0.9104745370370371 0.06168981481481481 0.17887731481481484 0.12337962962962962
0 0.9364366319444444 0.4902994791666666 0.12232349537037024 0.43586516203703707
0 0.8711588541666666 0.8685402199074074 0.22197627314814827 0.18331886574074074
0 0.41968315972222225 0.5375940393518518 0.13596643518518525 0.16909722222222223
0 0.26298466435185186 0.6062427662037038 0.19563078703703707 0.31666666666666665