0 0.5361328125 0.0537109375 0.1220703125 0.1025390625
0 0.58984375 0.2275390625 0.0849609375 0.08984375
0 0.708984375 0.2587890625 0.1474609375 0.1572265625
0 0.8828125 0.353515625 0.1650390625 0.16796875
0 0.2958984375 0.39453125 0.107421875 0.10546875
0 0.302734375 0.0947265625 0.16796875 0.189453125
0 0.8076171875 0.162109375 0.150390625 0.1650390625
0 0.2666015625 0.6435546875 0.16796875 0.1826171875
0 0.5166015625 0.6162109375 0.1474609375 0.15234375
0 0.4541015625 0.2529296875 0.20703125 0.2099609375
0 0.1123046875 0.95703125 0.1201171875 0.080078125
0 0.7421875 0.7685546875 0.0751953125 0.107421875
0 0.2021484375 0.8662109375 0.10546875 0.1123046875
0 0.06640625 0.5810546875 0.0673828125 0.072265625
0 0.6611328125 0.4072265625 0.232421875 0.1650390625
0 0.8896484375 0.07421875 0.125 0.142578125
0 0.9658203125 0.4091796875 0.0625 0.1826171875
0 0.9326171875 0.9072265625 0.1298828125 0.1796875
0 0.474609375 0.923828125 0.0849609375 0.107421875
0 0.0712890625 0.2392578125 0.142578125 0.240234375
0 0.1923828125 0.1669921875 0.12890625 0.1845703125
0 0.0830078125 0.77734375 0.166015625 0.255859375
0 0.126953125 0.4609375 0.2529296875 0.1923828125
0 0.2548828125 0.2744140625 0.158203125 0.1396484375
0 0.4091796875 0.40625 0.1337890625 0.1083984375
0 0.3369140625 0.5166015625 0.1767578125 0.134765625
0 0.4619140625 0.515625 0.11328125 0.11328125
0 0.765625 0.9033203125 0.1591796875 0.1123046875
0 0.5205078125 0.3994140625 0.083984375 0.103515625
0 0.9462890625 0.1982421875 0.1064453125 0.1181640625