0 0.6904152199074074 0.3935546875 0.17314814814814827 0.171875
0 0.961205150462963 0.4560546875 0.07758969907407409 0.240234375
0 0.2308521412037037 0.0517578125 0.2468605324074074 0.103515625
0 0.0923828125 0.2109375 0.10681423611111113 0.181640625
0 0.031524884259259256 0.828125 0.05179398148148148 0.13671875
0 0.47527488425925923 0.4853515625 0.23464988425925926 0.30078125
0 0.9293836805555555 0.263671875 0.14123263888888893 0.1640625
0 0.5602141203703703 0.21875 0.27131076388888875 0.240234375
0 0.17939814814814814 0.3564453125 0.22423321759259263 0.212890625
0 0.09460358796296296 0.5107421875 0.18327546296296296 0.220703125
0 0.6449074074074075 0.05078125 0.18236400462962976 0.09765625
0 0.6481481481481481 0.6201171875 0.29369212962962954 0.361328125
0 0.6742476851851852 0.84765625 0.2006655092592593 0.1953125
0 0.8146339699074074 0.947265625 0.17070312500000018 0.10546875
0 0.1987919560185185 0.865234375 0.3160011574074074 0.208984375
0 0.6703993055555555 0.9873046875 0.15839120370370363 0.025390625
0 0.34792390046296295 0.6953125 0.23249421296296302 0.2734375
0 0.3074146412037037 0.5 0.17948495370370365 0.236328125
0 0.461451099537037 0.8603515625 0.28331886574074083 0.279296875
0 0.8285951967592593 0.1953125 0.26193576388888884 0.29296875
0 0.8907118055555556 0.390625 0.21857638888888875 0.20703125
0 0.1476200810185185 0.6806640625 0.26762152777777776 0.26953125
0 0.1812717013888889 0.08203125 0.2023871527777778 0.1640625
0 0.40305989583333335 0.0966796875 0.2514322916666667 0.193359375
0 0.2837601273148148 0.20703125 0.2358072916666667 0.193359375
0 0.15950520833333334 0.17578125 0.11221064814814813 0.119140625