0 0.2509765625 0.44140625 0.1474609375 0.1474609375
0 0.07421875 0.521484375 0.08203125 0.08203125
0 0.193359375 0.5390625 0.072265625 0.0673828125
0 0.3388671875 0.513671875 0.107421875 0.1171875
0 0.625 0.5166015625 0.150390625 0.1572265625
0 0.63671875 0.630859375 0.08203125 0.0771484375
0 0.5849609375 0.7265625 0.134765625 0.1328125
0 0.1796875 0.17578125 0.1650390625 0.1875
0 0.6533203125 0.2041015625 0.1923828125 0.1875
0 0.0458984375 0.2080078125 0.091796875 0.177734375
0 0.130859375 0.0546875 0.2578125 0.109375
0 0.4150390625 0.08984375 0.25 0.169921875
0 0.9140625 0.4560546875 0.08203125 0.1025390625
0 0.9423828125 0.615234375 0.0751953125 0.08984375
0 0.9091796875 0.6806640625 0.076171875 0.0712890625
0 0.66796875 0.048828125 0.2353515625 0.09765625
0 0.8408203125 0.0283203125 0.107421875 0.056640625
0 0.9677734375 0.0380859375 0.064453125 0.056640625
0 0.833984375 0.1328125 0.162109375 0.146484375
0 0.32421875 0.865234375 0.09765625 0.111328125