0 0.4871744791666667 0.399537037037037 0.2905381944444445 0.30098379629629624
0 0.6402126736111111 0.5930844907407407 0.24188368055555554 0.2163339120370371
0 0.8266059027777778 0.5490017361111111 0.22404513888888888 0.29804687500000004
0 0.18995225694444445 0.9565321180555555 0.169921875 0.08693576388888902
0 0.27651909722222223 0.9077980324074074 0.1582465277777778 0.13506944444444446
0 0.1185546875 0.8010344328703705 0.15985243055555554 0.3907841435185184
0 0.7563151041666667 0.30690827546296295 0.2921006944444444 0.24830729166666665
0 0.9111328125 0.7600766782407407 0.1688802083333334 0.1547453703703705
0 0.5637586805555556 0.21231915509259258 0.19066840277777786 0.20581597222222225
0 0.47758246527777776 0.8823133680555555 0.23138020833333328 0.23537326388888902
0 0.3248046875 0.9590784143518518 0.27912326388888886 0.08184317129629637
0 0.21677517361111112 0.4199291087962963 0.3444878472222222 0.3291087962962962
0 0.05266927083333333 0.19694010416666666 0.09544270833333333 0.17122395833333331
0 0.07335069444444443 0.28898292824074073 0.12725694444444444 0.14046585648148147
0 0.08248697916666667 0.12126012731481481 0.15885416666666669 0.14874131944444446
0 0.25338541666666664 0.12379195601851853 0.276953125 0.21490162037037036
0 0.4466145833333333 0.12372685185185185 0.24088541666666663 0.23778935185185188
0 0.6644314236111111 0.0840133101851852 0.23511284722222214 0.15182291666666667
0 0.8457248263888889 0.07889178240740741 0.2187934027777778 0.1359664351851852
0 0.9375868055555556 0.5030598958333333 0.12482638888888875 0.445384837962963
0 0.9322699652777777 0.8787905092592593 0.13546006944444455 0.18220486111111112
0 0.4593098958333333 0.6069950810185185 0.1602430555555555 0.17999131944444446
0 0.31766493055555556 0.6917534722222223 0.24105902777777777 0.3295283564814815