0 0.400390625 0.1240234375 0.1552734375 0.162109375
0 0.0654296875 0.46484375 0.1298828125 0.205078125
0 0.537109375 0.677734375 0.115234375 0.1298828125
0 0.6240234375 0.8701171875 0.45703125 0.2548828125
0 0.7470703125 0.173828125 0.1650390625 0.16796875
0 0.775390625 0.052734375 0.1650390625 0.10546875
0 0.900390625 0.0390625 0.0849609375 0.0771484375
0 0.9287109375 0.1171875 0.1025390625 0.1103515625
0 0.9404296875 0.2724609375 0.115234375 0.16015625
0 0.8662109375 0.3720703125 0.09765625 0.10546875
0 0.9287109375 0.474609375 0.1376953125 0.150390625
0 0.9052734375 0.7646484375 0.1845703125 0.2548828125
0 0.9248046875 0.93359375 0.150390625 0.12890625
0 0.8388671875 0.5703125 0.076171875 0.0810546875