0 0.6518012152777778 0.04292896412037037 0.14670138888888884 0.08585792824074075
0 0.6779513888888888 0.2035228587962963 0.10951967592592604 0.11562500000000003
0 0.7943431712962963 0.25436921296296294 0.19068287037037024 0.20228587962962963
0 0.9250578703703703 0.3791377314814815 0.1498842592592593 0.21663773148148147
0 0.34595630787037035 0.32987557870370365 0.1376591435185186 0.13872974537037042
0 0.40433304398148145 0.0712818287037037 0.2149160879629629 0.1425636574074074
0 0.9075520833333333 0.16998697916666666 0.18489583333333348 0.2123987268518519
0 0.2711588541666667 0.5828993055555556 0.2191840277777778 0.23515624999999996
0 0.5328414351851852 0.5928385416666667 0.19053819444444442 0.19837962962962963
0 0.5332392939814814 0.2072048611111111 0.26548032407407396 0.27492766203703706
0 0.07924623842592593 0.8712456597222222 0.09714988425925924 0.09735243055555554
0 0.7376663773148149 0.7852502893518518 0.10431134259259256 0.1328559027777776
0 0.16572627314814814 0.8015263310185186 0.13592303240740744 0.14447337962962958
0 0.0767505787037037 0.4867621527777778 0.08723958333333334 0.09286747685185182
0 0.7195095486111112 0.40071614583333337 0.28153935185185186 0.23495370370370372
0 0.9654586226851851 0.10401475694444444 0.06908275462962976 0.1546730324074074
0 0.9880642361111112 0.44775752314814815 0.02387152777777768 0.19372106481481477
0 0.8887803819444444 0.9015697337962962 0.13635706018518512 0.10357349537037042
0 0.43572771990740744 0.9039496527777777 0.11414930555555558 0.1353877314814813
0 0.14492910879629628 0.13938078703703705 0.2055844907407407 0.2787615740740741
0 0.28012876157407407 0.0958912037037037 0.17744502314814814 0.1917824074074074
0 0.0978732638888889 0.6871238425925925 0.15552662037037035 0.30543981481481497
0 0.16142216435185186 0.36821469907407406 0.3041087962962963 0.2655237268518519
0 0.32548466435185186 0.19994212962962962 0.19791666666666663 0.18712384259259257
0 0.4606119791666667 0.36027199074074073 0.16536458333333337 0.15011574074074074
0 0.36650028935185186 0.46176215277777777 0.21549479166666663 0.18816550925925934
0 0.49638310185185186 0.4804904513888889 0.14380787037037046 0.14688946759259247
0 0.7362557870370371 0.9057146990740741 0.19140625 0.11657986111111107
0 0.5754846643518519 0.3701027199074074 0.11205150462962954 0.1313657407407407
0 0.989330150462963 0.2238353587962963 0.02133969907407396 0.13650173611111116