0 0.47089120370370374 0.473828125 0.20474537037037033 0.23078703703703696
0 0.14404658564814815 0.847533275462963 0.2123987268518518 0.20976562499999996
0 0.3570384837962963 0.16235532407407408 0.1376302083333334 0.13114872685185186
0 0.7063512731481482 0.18167679398148148 0.1376302083333334 0.13114872685185186
0 0.6799479166666667 0.06342954282407408 0.1396556712962962 0.12685908564814816
0 0.9252821180555555 0.1442997685185185 0.14755497685185182 0.15321180555555558
0 0.8392867476851852 0.6843171296296295 0.1397135416666666 0.14884259259259247
0 0.4639539930555555 0.8832392939814815 0.11219618055555558 0.12378472222222214
0 0.7242042824074074 0.6706380208333333 0.15564236111111107 0.19078414351851847
0 0.6488425925925926 0.4339988425925926 0.17892071759259265 0.17068865740740735
0 0.49148582175925926 0.19733796296296297 0.15759548611111107 0.1908998842592593
0 0.9088179976851851 0.3902850115740741 0.17741608796296315 0.23111979166666663
0 0.20439814814814816 0.09000289351851852 0.2904224537037037 0.18000578703703704
0 0.08723958333333333 0.2144603587962963 0.1185329861111111 0.18858506944444448
0 0.2517505787037037 0.539525462962963 0.30679976851851853 0.3032118055555555
0 0.1433376736111111 0.6796802662037037 0.19304108796296293 0.23204571759259252
0 0.04463252314814815 0.7325737847222222 0.0892650462962963 0.26532118055555554
0 0.42018229166666665 0.7306278935185184 0.357421875 0.2847366898148147
0 0.7619212962962962 0.8499638310185185 0.34725115740740753 0.22947048611111098
0 0.9650028935185185 0.053117766203703703 0.0688657407407407 0.07241030092592593
0 0.9536892361111111 0.2626808449074074 0.08975694444444438 0.25716145833333337
0 0.31752748842592593 0.8841073495370371 0.21222511574074077 0.18632812499999996
0 0.5587818287037037 0.07709780092592593 0.12809606481481484 0.15419560185185185