0 0.505859375 0.0703125 0.1728515625 0.1396484375
0 0.6796875 0.0771484375 0.1396484375 0.14453125
0 0.80078125 0.0908203125 0.1474609375 0.181640625
0 0.45703125 0.2060546875 0.1201171875 0.13671875
0 0.1396484375 0.2568359375 0.0947265625 0.109375
0 0.2177734375 0.0634765625 0.1396484375 0.126953125
0 0.2373046875 0.240234375 0.0849609375 0.08203125
0 0.349609375 0.2626953125 0.1103515625 0.1171875
0 0.3564453125 0.8115234375 0.1220703125 0.08203125
0 0.4150390625 0.935546875 0.134765625 0.1142578125
0 0.900390625 0.5537109375 0.1953125 0.224609375
0 0.9287109375 0.8115234375 0.1376953125 0.2666015625
0 0.8388671875 0.2529296875 0.09765625 0.08203125
0 0.0908203125 0.568359375 0.181640625 0.26953125
0 0.9423828125 0.36328125 0.115234375 0.12890625
0 0.9423828125 0.1279296875 0.115234375 0.177734375
0 0.919921875 0.033203125 0.15625 0.06640625