0 0.5810546875 0.1064453125 0.1220703125 0.1474609375
0 0.080078125 0.8740234375 0.10546875 0.1171875
0 0.826171875 0.8984375 0.2373046875 0.197265625
0 0.7001953125 0.4609375 0.1953125 0.15234375
0 0.0712890625 0.080078125 0.142578125 0.15625
0 0.2978515625 0.4345703125 0.0888671875 0.0947265625
0 0.2666015625 0.8466796875 0.232421875 0.224609375
0 0.4384765625 0.2705078125 0.1044921875 0.0966796875
0 0.90234375 0.1142578125 0.15234375 0.1533203125
0 0.76171875 0.0390625 0.111328125 0.0771484375
0 0.6015625 0.2421875 0.1884765625 0.1640625
0 0.4677734375 0.5908203125 0.228515625 0.20703125
0 0.8974609375 0.7470703125 0.205078125 0.169921875
0 0.302734375 0.099609375 0.234375 0.1552734375
0 0.9169921875 0.5166015625 0.166015625 0.244140625
0 0.55078125 0.916015625 0.1494140625 0.1669921875
0 0.8603515625 0.26953125 0.1806640625 0.1650390625
0 0.4423828125 0.421875 0.1630859375 0.1337890625
0 0.6865234375 0.67578125 0.146484375 0.1611328125
0 0.8046875 0.6220703125 0.107421875 0.1181640625
0 0.115234375 0.4375 0.171875 0.173828125
0 0.0888671875 0.1884765625 0.080078125 0.09765625
0 0.4775390625 0.7919921875 0.142578125 0.1484375
0 0.2607421875 0.5947265625 0.1240234375 0.115234375
0 0.05078125 0.724609375 0.1005859375 0.1748046875