0 0.7041232638888889 0.17955729166666667 0.21176215277777777 0.22669270833333333
0 0.9406032986111111 0.6385416666666667 0.11879340277777772 0.25078124999999996
0 0.4243489583333333 0.7098958333333334 0.15998263888888897 0.17838541666666652
0 0.29099392361111115 0.8340494791666666 0.5483940972222222 0.3319010416666668
0 0.32061631944444446 0.12278645833333332 0.22326388888888893 0.21770833333333334
0 0.3177734375 0.038736979166666664 0.19414062499999996 0.048046875
0 0.15590277777777778 0.038671875 0.11258680555555556 0.06406250000000001
0 0.11569010416666667 0.15983072916666669 0.12335069444444446 0.19739583333333333
0 0.1466796875 0.2818359375 0.13389756944444442 0.1454427083333334
0 0.07855902777777778 0.37578125 0.1447048611111111 0.19296875000000002
0 0.07966579861111112 0.6888671875 0.1357204861111111 0.31523437499999996
0 0.03216145833333334 0.8329427083333334 0.029947916666666657 0.11901041666666679
0 0.12903645833333333 0.49713541666666666 0.10390624999999998 0.11223958333333328