0 0.4228660300925926 0.37486255787037037 0.27663483796296284 0.3617332175925927
0 0.6605758101851852 0.6537760416666667 0.23214699074074074 0.3887008101851852
0 0.6318648726851852 0.11067346643518519 0.2709346064814815 0.22134693287037038
0 0.41815682870370374 0.12296006944444444 0.17832754629629632 0.18098958333333334
0 0.12084780092592592 0.5048683449074074 0.2279658564814815 0.23820891203703698
0 0.14622395833333335 0.898386863425926 0.22546296296296298 0.20099826388888875
0 0.7413122106481482 0.8919632523148149 0.2401620370370372 0.13930844907407414
0 0.9114076967592593 0.8948712384259259 0.09479166666666661 0.07517361111111098
0 0.9390118634259259 0.25134548611111107 0.11527777777777781 0.1406394675925926
0 0.823828125 0.5905815972222221 0.1386574074074074 0.13794849537037024
0 0.21979166666666666 0.05913990162037037 0.14227430555555554 0.11827980324074074
0 0.8228515625 0.08718894675925926 0.23554687500000004 0.1743778935185185
0 0.07703269675925926 0.1201244212962963 0.1533709490740741 0.2089699074074074
0 0.26765769675925927 0.7171513310185185 0.23816550925925928 0.2680121527777777
0 0.49541377314814816 0.7200014467592593 0.13731192129629632 0.17886284722222223
0 0.510546875 0.9498625578703703 0.12962962962962976 0.05551215277777777
0 0.3867476851851852 0.9054615162037036 0.14273726851851842 0.1498697916666667
0 0.9182219328703703 0.7426938657407407 0.1635561342592593 0.20237268518518503
0 0.9747106481481482 0.5580656828703704 0.05057870370370354 0.13780381944444442
0 0.9441550925925926 0.4023582175925926 0.11168981481481488 0.16623263888888884
0 0.767310474537037 0.27197627314814815 0.17243923611111112 0.1787326388888889
0 0.4121383101851852 0.6402705439814815 0.13590856481481484 0.21587094907407423
0 0.5039134837962963 0.5680772569444444 0.09545717592592595 0.1200954861111112
0 0.6138527199074073 0.33661747685185184 0.19714988425925917 0.26588541666666665
0 0.4331958912037037 0.03126446759259259 0.26482928240740744 0.06252893518518518