0 0.5380859375 0.07061631944444445 0.185546875 0.1412326388888889
0 0.7158203125 0.08161168981481481 0.15234375 0.15737847222222223
0 0.837890625 0.10609809027777778 0.162109375 0.1906539351851852
0 0.4794921875 0.19859664351851852 0.130859375 0.1494068287037037
0 0.15234375 0.23031684027777777 0.103515625 0.11795428240740746
0 0.2451171875 0.05405815972222222 0.150390625 0.10811631944444444
0 0.2529296875 0.22078269675925927 0.091796875 0.09052372685185184
0 0.3662109375 0.2502170138888889 0.12109375 0.12785011574074068
0 0.3330078125 0.8080801504629629 0.130859375 0.09276620370370381
0 0.384765625 0.9346498842592592 0.14453125 0.12216435185185182
0 0.8994140625 0.580251736111111 0.201171875 0.2417245370370371
0 0.9111328125 0.8438368055555555 0.1484375 0.280396412037037
0 0.865234375 0.2719111689814815 0.10546875 0.09062499999999996
0 0.091796875 0.5422887731481482 0.18359375 0.2865162037037037
0 0.94921875 0.38652343749999996 0.1015625 0.13942418981481475
0 0.95703125 0.14720775462962962 0.0859375 0.18813657407407408
0 0.9404296875 0.05455729166666667 0.119140625 0.07314814814814814