0 0.7825737847222223 0.40546875000000004 0.1547743055555557 0.14587673611111107
0 0.9190755208333333 0.7213107638888889 0.10872395833333326 0.20729166666666665
0 0.7130425347222222 0.25436197916666664 0.15173611111111107 0.16532118055555556
0 0.34210069444444446 0.6605902777777778 0.11597222222222214 0.1508680555555555
0 0.37508680555555557 0.5342447916666666 0.14618055555555554 0.12812500000000004
0 0.6836371527777778 0.630056423611111 0.13394097222222223 0.11614583333333339
0 0.4431423611111111 0.05872395833333333 0.11371527777777779 0.10008680555555556
0 0.19583333333333333 0.21256510416666666 0.09986979166666665 0.09587673611111108
0 0.5727864583333333 0.5288628472222222 0.2655815972222222 0.22443576388888897
0 0.7546875 0.7909722222222222 0.17352430555555554 0.12873263888888875
0 0.7848741319444444 0.9218532986111111 0.25507812500000004 0.1562934027777778
0 0.9476345486111111 0.3426649305555556 0.07508680555555558 0.1967881944444445
0 0.0715060763888889 0.3835503472222222 0.1430121527777778 0.2592881944444444
0 0.05307074652777778 0.8758246527777778 0.10614149305555556 0.15503472222222214
0 0.25894097222222223 0.9437934027777778 0.17708333333333326 0.11241319444444442
0 0.4674045138888889 0.30462239583333334 0.38849826388888886 0.3559461805555556
0 0.22404513888888888 0.1056640625 0.3325520833333333 0.1947048611111111
0 0.04611545138888889 0.18368055555555557 0.09223090277777778 0.21111111111111114
0 0.14303385416666667 0.7187282986111111 0.23142361111111115 0.2022135416666666
0 0.042393663194444445 0.6574652777777779 0.08478732638888889 0.2523871527777777
0 0.4649522569444444 0.8656684027777778 0.22239583333333335 0.26249999999999996
0 0.27667100694444446 0.8350911458333333 0.2129340277777778 0.22521701388888893
0 0.09344618055555555 0.9467447916666667 0.1868923611111111 0.10651041666666661
0 0.7220052083333333 0.07469618055555556 0.3489583333333335 0.12482638888888889
0 0.95390625 0.0915798611111111 0.04140625000000009 0.14140625
0 0.869140625 0.5031901041666667 0.07795138888888897 0.08563368055555554
0 0.9493706597222222 0.9194444444444445 0.027647569444444464 0.1391493055555557
0 0.2392361111111111 0.4676866319444445 0.21406250000000004 0.3384114583333333
0 0.5682725694444444 0.7184027777777777 0.12035590277777786 0.11779513888888893