0 0.0970630787037037 0.3658130787037037 0.1684027777777778 0.23553240740740744
0 0.5146339699074074 0.6812861689814815 0.17637442129629632 0.16335358796296306
0 0.5896846064814815 0.864330150462963 0.5376157407407407 0.27133969907407396
0 0.8648907696759259 0.840111400462963 0.27021846064814814 0.3027488425925926
0 0.8467954282407407 0.6486038773148148 0.14710648148148153 0.1260416666666666
0 0.49152922453703707 0.12273582175925926 0.1986689814814815 0.1791377314814815
0 0.8149377893518519 0.24129774305555557 0.19631076388888902 0.17131076388888888
0 0.8743417245370371 0.12557146990740742 0.18061342592592577 0.13214699074074077
0 0.9699508101851853 0.13998119212962964 0.060098379629629495 0.09813368055555555
0 0.9789134837962963 0.2249927662037037 0.04217303240740744 0.10389178240740743
0 0.9369936342592593 0.3613859953703704 0.1260127314814814 0.221730324074074
0 0.9185040509259259 0.569212962962963 0.16299189814814818 0.18107638888888888
0 0.8815248842592593 0.4711950231481481 0.1597366898148147 0.14370659722222223
0 0.8854456018518518 0.9764467592592593 0.15312499999999996 0.047106481481481444