0 0.3741319444444444 0.1095703125 0.17578125 0.17702546296296298
0 0.0798611111111111 0.4780815972222222 0.1267361111111111 0.21571180555555558
0 0.5699435763888889 0.6688512731481482 0.1312500000000001 0.14155092592592577
0 0.6759331597222222 0.8556278935185185 0.49483506944444433 0.2828703703703703
0 0.7339626736111111 0.13914207175925927 0.18572048611111103 0.18100405092592592
0 0.7507595486111112 0.036610243055555554 0.17730034722222232 0.07322048611111111
0 0.8778211805555556 0.01644965277777778 0.09157986111111116 0.03289930555555556
0 0.9135850694444444 0.07040653935185186 0.11662326388888888 0.1199652777777778
0 0.9369574652777778 0.22944878472222222 0.12608506944444442 0.17083333333333334
0 0.8755425347222222 0.335423900462963 0.11050347222222223 0.11406249999999996
0 0.9358072916666667 0.4374638310185185 0.1283854166666667 0.16317997685185182
0 0.9226345486111112 0.7344762731481481 0.15473090277777768 0.27282986111111107
0 0.9542534722222222 0.9042028356481482 0.09149305555555554 0.13962673611111098
0 0.8670789930555556 0.5406322337962963 0.0859375 0.08849826388888893