0 0.494140625 0.3740234375 0.22265625 0.2421875
0 0.599609375 0.5654296875 0.1904296875 0.169921875
0 0.77734375 0.5478515625 0.16015625 0.25
0 0.1259765625 0.87109375 0.1376953125 0.1171875
0 0.2177734375 0.8076171875 0.125 0.10546875
0 0.06640625 0.693359375 0.1328125 0.34765625
0 0.75390625 0.3212890625 0.232421875 0.1923828125
0 0.818359375 0.74609375 0.1328125 0.1220703125
0 0.5947265625 0.2138671875 0.14453125 0.16796875
0 0.4033203125 0.8203125 0.1748046875 0.216796875
0 0.25 0.9208984375 0.2421875 0.158203125
0 0.2451171875 0.361328125 0.267578125 0.2626953125
0 0.1015625 0.140625 0.12890625 0.142578125
0 0.0927734375 0.2275390625 0.185546875 0.1103515625
0 0.173828125 0.0751953125 0.1259765625 0.125
0 0.328125 0.0966796875 0.224609375 0.1689453125
0 0.5048828125 0.1083984375 0.185546875 0.216796875
0 0.7119140625 0.0849609375 0.19140625 0.1611328125
0 0.8876953125 0.0927734375 0.1923828125 0.169921875
0 0.9326171875 0.5244140625 0.1337890625 0.3935546875
0 0.8837890625 0.8984375 0.2314453125 0.203125
0 0.43359375 0.5576171875 0.1201171875 0.146484375
0 0.291015625 0.6181640625 0.169921875 0.2783203125