0 0.7324797453703704 0.29594184027777776 0.20355902777777768 0.21358506944444444
0 0.884939236111111 0.4329427083333333 0.1963252314814814 0.22300347222222217
0 0.9489366319444444 0.16260850694444445 0.09356192129629637 0.099609375
0 0.6061414930555555 0.06512586805555555 0.12928240740740726 0.07782118055555556
0 0.679738136574074 0.4424262152777778 0.21699942129629646 0.21028645833333326
0 0.3501519097222222 0.08899739583333334 0.21375868055555558 0.15559895833333334
0 0.18857060185185184 0.5850911458333333 0.22022569444444445 0.23185763888888888
0 0.8617693865740741 0.21258680555555556 0.1796585648148148 0.20473090277777778
0 0.6227864583333333 0.23036024305555555 0.09597800925925926 0.10750868055555557
0 0.4842737268518519 0.25455729166666663 0.20620659722222223 0.22539062499999996
0 0.939453125 0.3061197916666667 0.1000289351851853 0.17586805555555562
0 0.44705584490740735 0.634765625 0.18642939814814818 0.1875
0 0.042158564814814815 0.8799045138888889 0.08431712962962963 0.12309027777777781
0 0.9463469328703704 0.5698133680555555 0.05337094907407414 0.1445746527777776
0 0.7498842592592593 0.9398654513888889 0.262818287037037 0.12026909722222223
0 0.0740017361111111 0.5732421875 0.1480034722222222 0.208984375
0 0.5135850694444444 0.4869357638888889 0.3053674768518517 0.25512152777777775
0 0.2805989583333333 0.4530815972222222 0.22630208333333335 0.20290798611111116
0 0.5779513888888889 0.5573567708333333 0.1978009259259259 0.1821614583333333
0 0.41183449074074074 0.38645833333333335 0.15642361111111114 0.14136284722222214
0 0.08509114583333333 0.10071614583333333 0.09153645833333335 0.19691840277777778
0 0.20963541666666666 0.09743923611111112 0.17447916666666669 0.18307291666666667
0 0.20837673611111113 0.21781684027777776 0.19573206018518519 0.1801215277777778
0 0.5435329861111111 0.9579210069444444 0.1587094907407407 0.08415798611111125
0 0.10989583333333333 0.9213541666666667 0.12779224537037037 0.08554687499999991
0 0.061270254629629636 0.7467230902777777 0.12254050925925927 0.22391493055555545