0 0.2216796875 0.4189453125 0.1328125 0.1279296875
0 0.0703125 0.7265625 0.1396484375 0.1875
0 0.2841796875 0.2724609375 0.1279296875 0.14453125
0 0.64453125 0.6396484375 0.0947265625 0.134765625
0 0.611328125 0.5224609375 0.1279296875 0.1103515625
0 0.3203125 0.6279296875 0.115234375 0.099609375
0 0.5341796875 0.07421875 0.09765625 0.087890625
0 0.7724609375 0.208984375 0.0849609375 0.08203125
0 0.4228515625 0.5263671875 0.23046875 0.1923828125
0 0.255859375 0.7841796875 0.15234375 0.107421875
0 0.2314453125 0.919921875 0.2275390625 0.150390625
0 0.0439453125 0.3662109375 0.087890625 0.1826171875
0 0.9189453125 0.365234375 0.1572265625 0.2353515625
0 0.9404296875 0.8310546875 0.115234375 0.1376953125
0 0.732421875 0.9296875 0.1552734375 0.134765625
0 0.517578125 0.30859375 0.3330078125 0.3076171875
0 0.7451171875 0.09375 0.2978515625 0.1875
0 0.9404296875 0.17578125 0.119140625 0.1923828125
0 0.8359375 0.6865234375 0.19921875 0.1748046875
0 0.951171875 0.6259765625 0.09765625 0.232421875
0 0.533203125 0.8408203125 0.1845703125 0.232421875
0 0.7109375 0.8037109375 0.1796875 0.1982421875
0 0.8896484375 0.9306640625 0.16796875 0.1376953125
0 0.2705078125 0.07421875 0.3193359375 0.1474609375
0 0.0302734375 0.1123046875 0.060546875 0.166015625
0 0.1416015625 0.5146484375 0.0654296875 0.0751953125
0 0.0400390625 0.9248046875 0.080078125 0.146484375
0 0.7373046875 0.453125 0.1689453125 0.306640625
0 0.431640625 0.7060546875 0.1025390625 0.1025390625