0 0.552734375 0.353515625 0.275390625 0.1826171875
0 0.2509765625 0.427734375 0.1923828125 0.1552734375
0 0.1025390625 0.66796875 0.205078125 0.205078125
0 0.1552734375 0.9150390625 0.3095703125 0.150390625
0 0.25390625 0.083984375 0.107421875 0.087890625
0 0.77734375 0.9189453125 0.2099609375 0.1572265625
0 0.6689453125 0.5166015625 0.1826171875 0.1171875
0 0.1923828125 0.21484375 0.1826171875 0.17578125
0 0.083984375 0.384765625 0.16796875 0.2490234375
0 0.087890625 0.1357421875 0.17578125 0.203125
0 0.4072265625 0.1982421875 0.142578125 0.2119140625
0 0.6923828125 0.0986328125 0.150390625 0.197265625
0 0.84375 0.1865234375 0.1357421875 0.1484375
0 0.8994140625 0.0703125 0.201171875 0.140625
0 0.8232421875 0.396484375 0.1845703125 0.2841796875
0 0.86328125 0.65625 0.244140625 0.2626953125
0 0.9423828125 0.8427734375 0.115234375 0.224609375
0 0.599609375 0.908203125 0.15234375 0.1826171875
0 0.6220703125 0.701171875 0.20703125 0.203125
0 0.3603515625 0.63671875 0.2958984375 0.2548828125
0 0.4013671875 0.822265625 0.10546875 0.1240234375
0 0.2861328125 0.771484375 0.1494140625 0.158203125
0 0.453125 0.05078125 0.1806640625 0.1005859375
0 0.6162109375 0.2333984375 0.10546875 0.1220703125
0 0.572265625 0.08984375 0.126953125 0.1396484375
0 0.3994140625 0.474609375 0.11328125 0.109375