0 0.298828125 0.1474609375 0.15234375 0.1748046875
0 0.43359375 0.19921875 0.1474609375 0.2470703125
0 0.36328125 0.3388671875 0.1572265625 0.1328125
0 0.1875 0.298828125 0.1796875 0.1875
0 0.15625 0.427734375 0.15234375 0.1103515625
0 0.224609375 0.53515625 0.115234375 0.1201171875
0 0.2578125 0.7021484375 0.169921875 0.1748046875
0 0.4013671875 0.7548828125 0.1123046875 0.125
0 0.451171875 0.857421875 0.107421875 0.115234375
0 0.3291015625 0.87109375 0.1474609375 0.16796875
0 0.1220703125 0.90625 0.240234375 0.1826171875
0 0.1279296875 0.5185546875 0.08984375 0.072265625
0 0.021484375 0.431640625 0.04296875 0.1376953125
0 0.080078125 0.6669921875 0.16015625 0.294921875
0 0.119140625 0.755859375 0.1103515625 0.13671875