0 0.708984375 0.2587890625 0.1513671875 0.16796875
0 0.8876953125 0.349609375 0.1591796875 0.17578125
0 0.896484375 0.0634765625 0.1103515625 0.12109375
0 0.5400390625 0.0498046875 0.1103515625 0.099609375
0 0.6943359375 0.404296875 0.166015625 0.1591796875
0 0.30859375 0.1103515625 0.1640625 0.2021484375
0 0.279296875 0.6416015625 0.1640625 0.181640625
0 0.806640625 0.1552734375 0.1279296875 0.1640625
0 0.5927734375 0.2236328125 0.068359375 0.0849609375
0 0.47265625 0.275390625 0.150390625 0.1787109375
0 0.9345703125 0.21875 0.1298828125 0.138671875
0 0.52734375 0.6298828125 0.1396484375 0.1455078125
0 0.1435546875 0.9599609375 0.2138671875 0.0791015625
0 0.98046875 0.4609375 0.0390625 0.12890625
0 0.888671875 0.9033203125 0.20703125 0.193359375
0 0.1435546875 0.6630859375 0.162109375 0.16015625
0 0.5537109375 0.4814453125 0.2421875 0.185546875
0 0.333984375 0.501953125 0.1767578125 0.150390625
0 0.02734375 0.44921875 0.052734375 0.1865234375
0 0.62890625 0.53125 0.1533203125 0.13671875
0 0.4375 0.412109375 0.12109375 0.10546875
0 0.0478515625 0.2236328125 0.095703125 0.181640625
0 0.1796875 0.16796875 0.1181640625 0.2001953125
0 0.212890625 0.302734375 0.150390625 0.1357421875
0 0.69921875 0.931640625 0.1240234375 0.1083984375
0 0.287109375 0.96875 0.107421875 0.0625
0 0.1484375 0.828125 0.185546875 0.171875