0 0.05859375 0.45703125 0.1171875 0.21484375
0 0.5166015625 0.677734375 0.142578125 0.134765625
0 0.625 0.8740234375 0.4853515625 0.232421875
0 0.8896484375 0.7587890625 0.21484375 0.2626953125
0 0.8359375 0.57421875 0.1220703125 0.1025390625
0 0.40625 0.130859375 0.162109375 0.1474609375
0 0.7412109375 0.177734375 0.162109375 0.1396484375
0 0.78125 0.05078125 0.15625 0.1015625
0 0.9033203125 0.0400390625 0.0927734375 0.080078125
0 0.9345703125 0.1201171875 0.0947265625 0.0849609375
0 0.9189453125 0.263671875 0.1572265625 0.1923828125
0 0.9140625 0.4765625 0.16796875 0.1474609375
0 0.8427734375 0.3916015625 0.1298828125 0.1171875
0 0.935546875 0.939453125 0.12890625 0.1201171875