0 0.6632378472222222 0.1084056712962963 0.18650173611111098 0.19858217592592592
0 0.5354600694444445 0.1787109375 0.19361979166666665 0.27087673611111107
0 0.6292968750000001 0.3118489583333333 0.18263888888888902 0.15559895833333337
0 0.8013237847222222 0.2480541087962963 0.21649305555555554 0.21442418981481481
0 0.8548177083333334 0.3746527777777778 0.1737847222222222 0.13210358796296295
0 0.8034288194444444 0.49323640046296297 0.13888888888888884 0.1377025462962963
0 0.7994791666666667 0.6681278935185185 0.2041666666666666 0.2006655092592593
0 0.6629991319444444 0.7404513888888888 0.1371093750000001 0.1415943287037038
0 0.6298177083333334 0.8510850694444445 0.1288628472222224 0.1317708333333334
0 0.7557508680555556 0.8491753472222223 0.18029513888888893 0.19072627314814827
0 0.9162109375 0.852712673611111 0.1675781249999999 0.2085214120370371
0 0.8997829861111111 0.46321614583333337 0.10538194444444438 0.08668981481481475
0 0.9792317708333333 0.3609736689814815 0.041536458333333304 0.14490740740740737
0 0.9329644097222223 0.6083984375 0.13407118055555545 0.32145543981481484
0 0.9403537326388889 0.7041449652777778 0.11929253472222223 0.15525173611111098