0 0.4975115740740741 0.05887586805555556 0.14346064814814818 0.09882812499999999
0 0.5767650462962963 0.2304470486111111 0.10273437500000004 0.10768229166666665
0 0.7082609953703705 0.25483940972222224 0.1792679398148147 0.1874565972222222
0 0.9027705439814815 0.344140625 0.19445891203703702 0.1996527777777778
0 0.2821180555555555 0.4307942708333333 0.12864583333333335 0.12582465277777777
0 0.2533275462962963 0.11786024305555555 0.2012152777777778 0.20355902777777776
0 0.8025896990740741 0.1447048611111111 0.18340567129629637 0.19535590277777776
0 0.281372974537037 0.7020833333333334 0.2035734953703704 0.2172743055555557
0 0.5463831018518519 0.654296875 0.17909432870370368 0.1815972222222222
0 0.43339120370370365 0.26629774305555554 0.2514322916666667 0.2515190972222222
0 0.8094256365740741 0.8036024305555556 0.09544270833333335 0.12508680555555562
0 0.2396918402777778 0.9391710069444444 0.12675057870370365 0.12165798611111112
0 0.06212384259259259 0.6474392361111112 0.07280092592592592 0.08554687499999991
0 0.6760416666666667 0.4190538194444444 0.2715277777777778 0.2051215277777778
0 0.8814453125 0.07228732638888889 0.14960937500000004 0.10872395833333334
0 0.9792209201388888 0.39958767361111114 0.04155815972222232 0.20030381944444442
0 0.9740089699074075 0.9110243055555556 0.05198206018518503 0.14817708333333335
0 0.5381510416666667 0.9631293402777779 0.10014467592592591 0.07374131944444429
0 0.05796440972222222 0.2764973958333333 0.10759548611111111 0.27174479166666665
0 0.14233217592592592 0.19249131944444445 0.16249999999999998 0.21440972222222227
0 0.12196903935185185 0.8546875 0.1667679398148148 0.2906249999999999
0 0.13321035879629628 0.5104383680555555 0.24304108796296298 0.23181423611111107
0 0.22275028935185187 0.3045572916666667 0.1884548611111111 0.16814236111111114
0 0.4052228009259259 0.43548177083333334 0.15811631944444438 0.1323350694444444
0 0.3415726273148148 0.5599609375 0.2079282407407408 0.16662326388888893
0 0.4759620949074074 0.5502604166666667 0.1367476851851852 0.1357638888888888
0 0.8485170717592593 0.9368272569444445 0.18528645833333335 0.12634548611111107
0 0.5238425925925926 0.4205512152777778 0.10313946759259252 0.12135416666666665
0 0.9371021412037037 0.1720920138888889 0.09377893518518521 0.13480902777777776