0 0.5572265625 0.3734013310185185 0.31757812500000004 0.2383535879629629
0 0.2729817708333333 0.47447193287037037 0.2270833333333333 0.19473379629629628
0 0.17714843749999998 0.7303168402777778 0.24609375 0.24632523148148144
0 0.27903645833333335 0.9349609375 0.3369791666666666 0.13007812500000004
0 0.20397135416666667 0.12541232638888888 0.1279947916666666 0.10979456018518519
0 0.8880208333333333 0.9118272569444444 0.22395833333333348 0.17634548611111112
0 0.7076171874999999 0.5271773726851852 0.21080729166666679 0.15496238425925934
0 0.16946614583333333 0.26473524305555557 0.2223958333333333 0.21200810185185182
0 0.11328125 0.4438078703703704 0.18619791666666669 0.2821469907407408
0 0.08092447916666666 0.19202112268518517 0.151953125 0.23560474537037035
0 0.38014322916666665 0.2279730902777778 0.18932291666666667 0.24143518518518514
0 0.6456380208333333 0.12301070601851852 0.18971354166666665 0.1889033564814815
0 0.8127604166666667 0.177416087962963 0.1695312499999999 0.17812499999999998
0 0.8401041666666667 0.09124710648148149 0.2192708333333333 0.10674189814814816
0 0.8358723958333334 0.39271556712962963 0.24739583333333348 0.3242476851851852
0 0.8891927083333333 0.6498119212962963 0.2216145833333334 0.31189236111111107
0 0.9830078125 0.8320529513888888 0.033984374999999956 0.24428530092592604
0 0.7166015625 0.9097294560185185 0.19309895833333335 0.18054108796296298
0 0.6989583333333333 0.7184461805555555 0.2518229166666668 0.2446759259259259
0 0.4246744791666666 0.6769748263888888 0.35390625 0.3161458333333331
0 0.505078125 0.8611834490740741 0.1324218749999999 0.1470052083333333
0 0.3787109375 0.8195963541666667 0.18593749999999998 0.19065393518518525
0 0.3955078125 0.07889901620370371 0.201171875 0.12721354166666665
0 0.5954427083333333 0.24594907407407407 0.13216145833333326 0.1430989583333333
0 0.5217447916666667 0.10393518518518519 0.1567708333333333 0.1618923611111111
0 0.42994791666666665 0.5079137731481481 0.13736979166666674 0.13363715277777777