0 0.24334490740740738 0.22291666666666665 0.1772135416666667 0.205078125
0 0.07720630787037037 0.3434244791666667 0.15441261574074075 0.21158854166666663
0 0.04577546296296296 0.07115885416666667 0.09155092592592592 0.08815104166666665
0 0.4079788773148148 0.018196614583333333 0.12152777777777779 0.036393229166666666
0 0.2715060763888889 0.37428385416666665 0.19278067129629628 0.1983072916666666
0 0.6595703125 0.060286458333333334 0.19257812500000004 0.12057291666666667
0 0.7337818287037037 0.558203125 0.19295428240740753 0.2217447916666666
0 0.12983217592592594 0.12994791666666666 0.15373263888888888 0.19765624999999998
0 0.3638165509259259 0.16705729166666666 0.08080150462962954 0.1029947916666667
0 0.4963107638888889 0.201171875 0.1792390046296296 0.21497395833333333
0 0.038563368055555554 0.21126302083333331 0.07712673611111111 0.16341145833333337
0 0.46807725694444446 0.5866536458333333 0.16335358796296284 0.1787760416666666
0 0.8905960648148148 0.8669270833333333 0.20578703703703694 0.109375
0 0.12212818287037036 0.9064453125 0.20438368055555556 0.18346354166666679
0 0.8801938657407408 0.558203125 0.18887442129629628 0.19804687499999996
0 0.4272424768518519 0.433203125 0.27702546296296293 0.23906249999999996
0 0.6635633680555555 0.41842447916666664 0.20444155092592586 0.19127604166666667
0 0.9737630208333333 0.31282552083333337 0.04835069444444451 0.20234375000000004
0 0.3516059027777778 0.49778645833333335 0.17696759259259265 0.171875
0 0.5450520833333333 0.34140625 0.139597800925926 0.1342447916666667
0 0.931589988425926 0.0890625 0.0913049768518519 0.178125
0 0.7980685763888888 0.0783203125 0.14605034722222232 0.156640625
0 0.7765407986111111 0.18834635416666667 0.17500000000000004 0.16979166666666667
0 0.31038049768518516 0.9241536458333334 0.14338831018518516 0.11888020833333335
0 0.7537037037037038 0.8994791666666666 0.1196325231481481 0.07434895833333321
0 0.8886574074074074 0.7333333333333334 0.2124131944444445 0.2132812500000001