0 0.21469184027777777 0.15065827546296295 0.24665798611111112 0.23942418981481484
0 0.41243489583333337 0.09793836805555556 0.22200520833333326 0.19587673611111112
0 0.6215494791666667 0.00367476851851852 0.1592447916666666 0.00734953703703704
0 0.16610243055555557 0.5636646412037036 0.2505642361111111 0.23953993055555545
0 0.3392795138888889 0.9242621527777778 0.2596354166666667 0.13642939814814814
0 0.36636284722222223 0.7537615740740741 0.32061631944444446 0.32353877314814805
0 0.8828559027777778 0.7628399884259259 0.17543402777777795 0.2607204861111112
0 0.6826171875 0.41864872685185184 0.2445312500000001 0.23546006944444442
0 0.3115668402777778 0.3847800925925926 0.263498263888889 0.2672309027777777
0 0.08025173611111111 0.20753038194444445 0.16050347222222222 0.2646267361111111
0 0.9030164930555555 0.5506076388888889 0.15386284722222232 0.25813078703703707
0 0.5376953125 0.695044849537037 0.17717013888888888 0.21200810185185182
0 0.6995659722222223 0.84921875 0.19717881944444438 0.17944155092592595
0 0.09442274305555555 0.8097149884259258 0.1888454861111111 0.2866898148148147
0 0.081640625 0.5558738425925926 0.16328125 0.2085648148148147
0 0.14388020833333334 0.36146556712962963 0.21228298611111113 0.16818576388888884
0 0.029622395833333332 0.3807653356481482 0.059244791666666664 0.17987557870370363
0 0.7648654513888888 0.6307725694444445 0.23758680555555545 0.254759837962963
0 0.5213541666666667 0.29469039351851856 0.3434027777777777 0.3534722222222222
0 0.8649739583333333 0.33132233796296295 0.24531250000000004 0.2530381944444444