0 0.3173972800925926 0.7962456597222223 0.12197627314814818 0.12183159722222214
0 0.17798032407407408 0.8907986111111111 0.163744212962963 0.21840277777777772
0 0.08874421296296298 0.9399956597222222 0.09464699074074073 0.12000868055555558
0 0.5168836805555556 0.36896701388888886 0.13952546296296298 0.11831597222222223
0 0.9525028935185185 0.764453125 0.08498263888888902 0.13663194444444438
0 0.42797309027777775 0.9002821180555556 0.0766927083333333 0.07200520833333335
0 0.4199146412037037 0.8014539930555555 0.09448784722222225 0.10169270833333321
0 0.7106843171296297 0.3136935763888889 0.14172453703703702 0.15156249999999993
0 0.06427228009259259 0.10104166666666667 0.12854456018518517 0.10442708333333334
0 0.5097366898148148 0.1470920138888889 0.2930266203703704 0.2779513888888889
0 0.8688512731481481 0.32209201388888886 0.2246238425925926 0.2705729166666666
0 0.7015480324074075 0.09665798611111111 0.39768518518518503 0.17092013888888888
0 0.01380931712962963 0.5501519097222223 0.02761863425925926 0.11983506944444455