0 0.5506365740740741 0.5964771412037037 0.20840567129629628 0.2206886574074074
0 0.3402705439814815 0.9715856481481482 0.20050636574074077 0.05682870370370363
0 0.3267650462962963 0.3031756365740741 0.14084201388888884 0.12118055555555551
0 0.6878833912037037 0.25342158564814815 0.14084201388888884 0.12118055555555551
0 0.6172019675925926 0.1313946759259259 0.14340277777777777 0.13295717592592593
0 0.8981192129629629 0.1709201388888889 0.1498697916666667 0.14484953703703707
0 0.9638744212962963 0.7370515046296297 0.0722511574074074 0.13984375000000004
0 0.6828920717592593 0.9773726851851852 0.10449942129629619 0.04525462962962967
0 0.8762876157407407 0.7465350115740741 0.1558015046296295 0.18402777777777768
0 0.7183087384259259 0.5205150462962963 0.18182870370370363 0.15944733796296284
0 0.47540509259259256 0.3114800347222222 0.15775462962962972 0.1840856481481481
0 0.9391348379629629 0.42506510416666665 0.12173032407407414 0.22084780092592604
0 0.13862847222222224 0.19131944444444443 0.2730034722222222 0.30060763888888886
0 0.07199797453703705 0.4106843171296296 0.11118344907407407 0.1885561342592592
0 0.35065827546296297 0.7075593171296296 0.3130063657407408 0.2822916666666666
0 0.28890335648148147 0.8705150462962963 0.1928819444444445 0.2221788194444445
0 0.15656828703703704 0.9105613425925926 0.17337962962962966 0.17887731481481484
0 0.5900535300925926 0.8677372685185185 0.3700810185185186 0.25473090277777777
0 0.9075303819444445 0.9128255208333333 0.18493923611111107 0.1743489583333333
0 0.9145543981481481 0.05537471064814815 0.10254629629629619 0.05959201388888889
0 0.9627387152777778 0.2792751736111111 0.07452256944444446 0.25214120370370374
0 0.5309027777777777 0.9782986111111112 0.20205439814814818 0.04340277777777768
0 0.4993634259259259 0.17178096064814813 0.1270399305555555 0.15587384259259263