0 0.694162326388889 0.0724609375 0.17782118055555562 0.144921875
0 0.5448350694444444 0.12037760416666667 0.17986111111111125 0.24075520833333333
0 0.6087890625 0.2490234375 0.1811197916666667 0.16419270833333333
0 0.8038845486111111 0.20188802083333335 0.20985243055555558 0.228515625
0 0.8270833333333334 0.34270833333333334 0.17469618055555536 0.13841145833333335
0 0.7445095486111111 0.4603515625 0.13389756944444442 0.1454427083333334
0 0.6945963541666667 0.6440755208333333 0.1977864583333333 0.21210937499999982
0 0.534353298611111 0.7025390625 0.13207465277777786 0.15117187499999996
0 0.47237413194444444 0.8149088541666667 0.1259548611111112 0.1390625000000001
0 0.6037326388888888 0.8276041666666667 0.17413194444444446 0.2007812499999999
0 0.8245876736111111 0.8499348958333333 0.27565104166666665 0.2055989583333333
0 0.8512369791666667 0.4405598958333333 0.10342881944444438 0.09075520833333339
0 0.9684244791666666 0.34498697916666665 0.048307291666666696 0.1553385416666666
0 0.8895616319444444 0.6027994791666667 0.1987413194444443 0.3428385416666666
0 0.8415798611111112 0.6996093750000001 0.1303819444444443 0.16276041666666652