0 0.53515625 0.521484375 0.16015625 0.177734375
0 0.76953125 0.9111328125 0.169921875 0.16796875
0 0.69921875 0.25 0.1123046875 0.0947265625
0 0.37109375 0.224609375 0.1123046875 0.0947265625
0 0.4189453125 0.1123046875 0.1123046875 0.10546875
0 0.173828125 0.162109375 0.1171875 0.115234375
0 0.1552734375 0.6689453125 0.1103515625 0.1123046875
0 0.4658203125 0.8974609375 0.087890625 0.0947265625
0 0.263671875 0.669921875 0.1171875 0.150390625
0 0.3779296875 0.462890625 0.14453125 0.125
0 0.5673828125 0.2646484375 0.1201171875 0.150390625
0 0.1435546875 0.3896484375 0.1328125 0.1845703125
0 0.8740234375 0.1416015625 0.251953125 0.23828125
0 0.9501953125 0.333984375 0.0986328125 0.158203125
0 0.7275390625 0.609375 0.2470703125 0.2236328125
0 0.8017578125 0.75 0.146484375 0.181640625
0 0.9296875 0.822265625 0.1318359375 0.224609375
0 0.53515625 0.7626953125 0.3017578125 0.1923828125
0 0.1884765625 0.8798828125 0.28515625 0.240234375
0 0.095703125 0.04296875 0.1796875 0.0859375
0 0.07421875 0.2646484375 0.1484375 0.2197265625
0 0.603515625 0.9169921875 0.17578125 0.1298828125
0 0.5283203125 0.1435546875 0.095703125 0.1279296875