0 0.2575954861111111 0.18856336805555557 0.22499999999999998 0.21255787037037033
0 0.2729166666666667 0.3759910300925926 0.2210937500000001 0.21252893518518512
0 0.42652633101851856 0.38462094907407407 0.13802083333333326 0.1767650462962963
0 0.14232494212962962 0.4189597800925926 0.1974826388888889 0.2064959490740741
0 0.0661892361111111 0.3218460648148148 0.09045138888888887 0.15298032407407403
0 0.34259259259259256 0.6177155671296296 0.23901909722222214 0.22437789351851856
0 0.15903501157407407 0.9169921875 0.1482204861111111 0.05967881944444442
0 0.12432725694444444 0.7345920138888888 0.21254340277777778 0.2534722222222223
0 0.5726924189814815 0.6365234375 0.3188802083333333 0.2835503472222223
0 0.4848234953703704 0.8686704282407407 0.31611689814814814 0.2561921296296297
0 0.7851490162037037 0.8840277777777779 0.29364872685185195 0.22282986111111125
0 0.9177083333333333 0.6437355324074074 0.15645254629629624 0.13980034722222223
0 0.9260633680555556 0.7608868634259259 0.12284432870370376 0.12588252314814818
0 0.7044198495370371 0.13739149305555556 0.14324363425925934 0.15532407407407406
0 0.5711009837962964 0.9784071180555556 0.1553385416666666 0.036299189814814836
0 0.36745515046296295 0.9623336226851852 0.21882233796296302 0.06996527777777772
0 0.05243055555555555 0.8464771412037038 0.05856481481481482 0.13126446759259247
0 0.0921730324074074 0.5394748263888889 0.12089120370370371 0.12586805555555558
0 0.043294270833333336 0.4392288773148148 0.06436631944444444 0.1293547453703704
0 0.6057219328703703 0.36668836805555555 0.2848234953703703 0.3203993055555555
0 0.8460865162037037 0.17150607638888887 0.19811921296296298 0.2279803240740741
0 0.49245515046296295 0.04056712962962963 0.2153790509259259 0.08113425925925925