0 0.244140625 0.6123046875 0.1220703125 0.1298828125
0 0.4091796875 0.580078125 0.1279296875 0.1298828125
0 0.337890625 0.8984375 0.1650390625 0.15234375
0 0.625 0.8984375 0.16015625 0.142578125
0 0.884765625 0.8759765625 0.115234375 0.1171875
0 0.9248046875 0.6962890625 0.14453125 0.212890625
0 0.9072265625 0.2666015625 0.134765625 0.2470703125
0 0.5390625 0.42578125 0.1728515625 0.162109375
0 0.2900390625 0.3759765625 0.2802734375 0.3623046875
0 0.0966796875 0.26171875 0.142578125 0.1376953125
0 0.0615234375 0.5029296875 0.1220703125 0.1904296875
0 0.1103515625 0.921875 0.2158203125 0.1240234375
0 0.24609375 0.76953125 0.169921875 0.1455078125
0 0.4111328125 0.7578125 0.1796875 0.236328125
0 0.7841796875 0.791015625 0.166015625 0.1787109375
0 0.6171875 0.6435546875 0.287109375 0.1875
0 0.0859375 0.7314453125 0.1708984375 0.2431640625
0 0.16796875 0.134765625 0.14453125 0.1298828125
0 0.3544921875 0.103515625 0.1962890625 0.2041015625
0 0.787109375 0.0810546875 0.216796875 0.162109375
0 0.0556640625 0.3623046875 0.111328125 0.1064453125
0 0.71484375 0.1748046875 0.1474609375 0.1796875
0 0.732421875 0.3056640625 0.1923828125 0.12109375
0 0.755859375 0.4306640625 0.2294921875 0.1708984375
0 0.9306640625 0.4736328125 0.138671875 0.1376953125
0 0.560546875 0.2314453125 0.1708984375 0.142578125
0 0.5849609375 0.076171875 0.1875 0.15234375