0 0.7587818287037037 0.4449001736111111 0.17640335648148153 0.1776909722222222
0 0.9270978009259259 0.5495225694444444 0.09910300925925908 0.09982638888888884
0 0.8020833333333333 0.5532769097222222 0.08517071759259265 0.08194444444444438
0 0.6572699652777778 0.5096354166666667 0.1289785879629628 0.13953993055555558
0 0.36390335648148153 0.4771050347222222 0.17850115740740735 0.1875
0 0.33384693287037037 0.594921875 0.09706307870370368 0.09392361111111125
0 0.37136140046296295 0.6985460069444445 0.16051793981481488 0.1597656249999999
0 0.873972800925926 0.18168402777777776 0.19852430555555545 0.2211371527777778
0 0.3843315972222222 0.1525390625 0.22787905092592586 0.22569444444444442
0 0.9698857060185185 0.23129340277777777 0.05559895833333339 0.19453125000000004
0 0.9009114583333333 0.07662760416666667 0.19701967592592595 0.11957465277777779
0 0.6451244212962963 0.0861545138888889 0.28006365740740735 0.1723090277777778
0 0.07832754629629629 0.37996961805555557 0.1013454861111111 0.11940104166666665
0 0.033478009259259256 0.5411675347222222 0.06695601851851851 0.10516493055555554
0 0.04657841435185185 0.6120442708333333 0.08913483796296295 0.0859375
0 0.39208622685185185 0.030230034722222222 0.2509837962962963 0.060460069444444445
0 0.20983796296296298 0.07291666666666667 0.18969907407407405 0.14583333333333334
0 0.6157696759259259 0.8727430555555555 0.11909722222222219 0.13151041666666652