0 0.7713324652777778 0.5971715856481481 0.12990451388888902 0.1346932870370372
0 0.603689236111111 0.5703486689814815 0.13381076388888902 0.1347511574074074
0 0.6879557291666667 0.8895182291666667 0.17339409722222232 0.15876736111111112
0 0.3980251736111111 0.8986979166666667 0.16731770833333337 0.1489149305555555
0 0.1349392361111111 0.885011574074074 0.1218315972222222 0.12285879629629637
0 0.09086371527777778 0.7039641203703704 0.15130208333333334 0.21896701388888884
0 0.08804253472222222 0.2692925347222222 0.14622395833333332 0.2540364583333333
0 0.46651475694444444 0.41998697916666666 0.17951388888888897 0.17057291666666663
0 0.7162543402777777 0.36060474537037035 0.2973090277777777 0.3753761574074075
0 0.9069661458333333 0.23859953703703704 0.14960937500000004 0.1427951388888889
0 0.9428819444444445 0.4802372685185185 0.11423611111111098 0.19713541666666667
0 0.9039930555555555 0.9027633101851852 0.19201388888888893 0.13203125000000004
0 0.7758463541666667 0.7563368055555555 0.17717013888888888 0.1529658564814813
0 0.6096354166666667 0.7500072337962963 0.1909288194444445 0.24493634259259256
0 0.23359375 0.796607349537037 0.17595486111111114 0.18614004629629632
0 0.39622395833333335 0.6418041087962962 0.2973090277777777 0.19965277777777768
0 0.9226779513888889 0.7100622106481481 0.15464409722222228 0.2505353009259259
0 0.8289496527777778 0.11276041666666667 0.15138888888888902 0.13501157407407405
0 0.6418619791666667 0.09561631944444444 0.2055989583333333 0.1912326388888889
0 0.20401475694444443 0.08183955439814815 0.22430555555555554 0.1636791087962963
0 0.9471462673611111 0.33760127314814814 0.10570746527777786 0.11099537037037033
0 0.2782986111111111 0.17073929398148147 0.15642361111111114 0.18585069444444446
0 0.2666015625 0.30376880787037036 0.20004340277777777 0.1279224537037037
0 0.24793836805555555 0.43104021990740743 0.23832465277777776 0.1812065972222222
0 0.07801649305555555 0.4775173611111111 0.137890625 0.1426215277777778
0 0.43674045138888895 0.22309751157407406 0.17712673611111107 0.15101273148148148
0 0.40696614583333335 0.07387876157407408 0.1947916666666667 0.14775752314814816