0 0.4463614004629629 0.3967303240740741 0.31278935185185186 0.3946614583333333
0 0.6496310763888888 0.7546947337962963 0.2689525462962963 0.4212962962962963
0 0.7081886574074074 0.17838541666666666 0.3002748842592593 0.2672453703703704
0 0.482494212962963 0.13577835648148148 0.19835069444444442 0.19884259259259257
0 0.12445746527777778 0.4400173611111111 0.22591145833333334 0.25894097222222223
0 0.11183449074074076 0.8621672453703704 0.16811342592592593 0.22433449074074074
0 0.6965422453703705 0.9719111689814814 0.2552083333333335 0.05617766203703711
0 0.9692925347222222 0.42137586805555555 0.06141493055555558 0.14686053240740737
0 0.8302589699074074 0.7381148726851852 0.1537905092592593 0.1533275462962962
0 0.2842158564814815 0.044126157407407406 0.15046296296296302 0.06348379629629629
0 0.8921440972222222 0.19639033564814812 0.21571180555555558 0.24136284722222223
0 0.12351707175925926 0.07260561342592593 0.17281539351851852 0.14081307870370371
0 0.22963686342592593 0.7015480324074075 0.2662037037037037 0.2944589120370371
0 0.46712239583333337 0.7731119791666666 0.1533564814814814 0.19422743055555558
0 0.4465422453703704 0.992578125 0.13606770833333337 0.014843750000000044
0 0.3257378472222222 0.9238751446759259 0.15798611111111116 0.15224971064814818
0 0.9054000289351851 0.9089192708333333 0.18919994212962976 0.1821614583333333
0 0.9817889178240741 0.7524884259259259 0.03642216435185186 0.1435185185185186
0 0.9602864583333333 0.5798611111111112 0.07942708333333348 0.17364004629629637
0 0.8223741319444444 0.393677662037037 0.1943721064814814 0.19665798611111107
0 0.3930483217592593 0.6673828125000001 0.1567563657407407 0.2334056712962962
0 0.49942129629629634 0.6191189236111112 0.10619212962962965 0.13101851851851842
0 0.6526331018518519 0.4148003472222222 0.2231626157407407 0.2899594907407407
0 0.514576099537037 0.05485387731481481 0.27915219907407396 0.06526331018518519