0 0.2060546875 0.23828125 0.177734375 0.16796875
0 0.2509765625 0.4111328125 0.1728515625 0.16796875
0 0.396484375 0.3896484375 0.09765625 0.150390625
0 0.1376953125 0.4765625 0.150390625 0.16796875
0 0.0390625 0.400390625 0.0771484375 0.134765625
0 0.3583984375 0.6240234375 0.1875 0.177734375
0 0.2373046875 0.9609375 0.134765625 0.072265625
0 0.15234375 0.7802734375 0.205078125 0.2001953125
0 0.5751953125 0.59765625 0.2548828125 0.2197265625
0 0.5322265625 0.8310546875 0.259765625 0.1923828125
0 0.82421875 0.8271484375 0.2275390625 0.2451171875
0 0.8974609375 0.5390625 0.125 0.107421875
0 0.927734375 0.646484375 0.099609375 0.1025390625
0 0.6123046875 0.10546875 0.1083984375 0.126953125
0 0.6357421875 0.9580078125 0.142578125 0.083984375
0 0.44140625 0.9658203125 0.2041015625 0.0673828125
0 0.072265625 0.9267578125 0.14453125 0.146484375
0 0.1123046875 0.5986328125 0.0927734375 0.1015625
0 0.0341796875 0.5166015625 0.068359375 0.1142578125
0 0.5595703125 0.3388671875 0.2119140625 0.263671875
0 0.7509765625 0.111328125 0.1455078125 0.1884765625
0 0.3974609375 0.0380859375 0.193359375 0.076171875