0 0.30401475694444446 0.8067708333333334 0.12026909722222223 0.12096354166666679
0 0.16375868055555554 0.8899739583333333 0.16249999999999998 0.22005208333333348
0 0.061783854166666666 0.9350260416666667 0.12356770833333333 0.1299479166666666
0 0.5186197916666666 0.4077473958333333 0.13767361111111098 0.11822916666666661
0 0.9227213541666666 0.8137369791666667 0.09361979166666679 0.134765625
0 0.9515625 0.9361328125 0.0234375 0.08919270833333326
0 0.4040798611111111 0.9133463541666667 0.0732638888888889 0.07109374999999996
0 0.4024739583333333 0.8172526041666666 0.09409722222222228 0.10169270833333321
0 0.7085503472222223 0.36555989583333337 0.1390625000000001 0.1494791666666666
0 0.08138020833333333 0.10826822916666666 0.15789930555555556 0.13515625
0 0.5254991319444444 0.18684895833333334 0.28923611111111125 0.28606770833333334
0 0.860546875 0.38352864583333335 0.22222222222222232 0.2679687500000001
0 0.7107638888888889 0.139453125 0.3909722222222223 0.20911458333333333
0 0.00993923611111111 0.30182291666666666 0.01987847222222222 0.09192708333333333
0 0.0036458333333333334 0.23098958333333333 0.007291666666666667 0.08697916666666666
0 0.019379340277777775 0.5518229166666666 0.03875868055555555 0.12317708333333321