0 0.4039351851851852 0.24207175925925925 0.2412471064814815 0.2503327546296296
0 0.21827980324074073 0.1297092013888889 0.23625578703703703 0.22083333333333333
0 0.22866030092592593 0.7740596064814815 0.13932291666666663 0.18266782407407423
0 0.07758246527777778 0.9373336226851852 0.15516493055555555 0.12533275462962967
0 0.41323061342592593 0.5194516782407407 0.21419270833333326 0.2567274305555556
0 0.8911675347222223 0.3485460069444445 0.18988715277777768 0.23207465277777772
0 0.5967158564814815 0.5847366898148149 0.27025462962962954 0.34930555555555554
0 0.19451678240740738 0.32220775462962964 0.236328125 0.22278645833333333
0 0.6759982638888888 0.08201678240740741 0.20269097222222232 0.10407986111111109
0 0.7196180555555556 0.17233796296296297 0.26685474537037024 0.2048755787037037
0 0.7101056134259259 0.2970847800925926 0.154296875 0.16589988425925928
0 0.6903211805555556 0.8312644675925926 0.1977719907407407 0.23443287037037042
0 0.8328269675925926 0.8670283564814816 0.16521990740740744 0.1976562500000001
0 0.4738498263888889 0.6791449652777778 0.15169270833333337 0.14822048611111116
0 0.3720703125 0.7325737847222222 0.21766493055555558 0.24521122685185182
0 0.4703052662037037 0.8541015624999999 0.15075231481481488 0.2280960648148147
0 0.28833912037037035 0.9211299189814814 0.2562210648148149 0.1577401620370371
0 0.0968967013888889 0.6158203125 0.1937934027777778 0.30585937500000004
0 0.20178674768518517 0.601439525462963 0.1826533564814815 0.19466145833333326
0 0.01439525462962963 0.3564814814814815 0.02879050925925926 0.15827546296296302
0 0.06684027777777778 0.09529079861111112 0.13368055555555555 0.13198784722222223
0 0.05714699074074074 0.2110966435185185 0.11429398148148148 0.160474537037037
0 0.4299045138888889 0.06925636574074075 0.2964409722222222 0.10894097222222224
0 0.7144458912037037 0.9577473958333333 0.166015625 0.0845052083333333
0 0.5307798032407407 0.9759729456018518 0.08868634259259256 0.04805410879629646
0 0.1119068287037037 0.7826822916666667 0.1925636574074074 0.19907407407407396