0 0.3271484375 0.763671875 0.099609375 0.09765625
0 0.1865234375 0.8486328125 0.1220703125 0.212890625
0 0.0654296875 0.90625 0.125 0.1728515625
0 0.5634765625 0.3916015625 0.1171875 0.0927734375
0 0.94140625 0.806640625 0.107421875 0.1123046875
0 0.9677734375 0.92578125 0.0595703125 0.0771484375
0 0.416015625 0.87109375 0.0625 0.0576171875
0 0.4208984375 0.7783203125 0.0771484375 0.08203125
0 0.75 0.361328125 0.115234375 0.1220703125
0 0.1650390625 0.06640625 0.134765625 0.1328125
0 0.5869140625 0.1806640625 0.2412109375 0.2314453125
0 0.89453125 0.38671875 0.177734375 0.224609375
0 0.7734375 0.1064453125 0.3505859375 0.212890625
0 0.04296875 0.2626953125 0.0859375 0.080078125
0 0.0439453125 0.193359375 0.0732421875 0.078125
0 0.0419921875 0.5048828125 0.0830078125 0.109375