0 0.44140625 0.2333984375 0.20703125 0.212890625
0 0.267578125 0.107421875 0.205078125 0.2099609375
0 0.2470703125 0.740234375 0.115234375 0.16015625
0 0.0791015625 0.919921875 0.1572265625 0.1552734375
0 0.4375 0.5009765625 0.1796875 0.22265625
0 0.912109375 0.353515625 0.169921875 0.2021484375
0 0.611328125 0.5703125 0.22265625 0.3046875
0 0.236328125 0.3046875 0.2041015625 0.185546875
0 0.7119140625 0.0634765625 0.185546875 0.126953125
0 0.75 0.1767578125 0.2373046875 0.1640625
0 0.734375 0.2978515625 0.1318359375 0.1416015625
0 0.6884765625 0.8115234375 0.166015625 0.203125
0 0.8251953125 0.8505859375 0.1376953125 0.1708984375
0 0.4873046875 0.6572265625 0.130859375 0.1240234375
0 0.3857421875 0.705078125 0.1845703125 0.2109375
0 0.4755859375 0.826171875 0.119140625 0.203125
0 0.296875 0.9130859375 0.2265625 0.173828125
0 0.1025390625 0.583984375 0.205078125 0.26953125
0 0.2294921875 0.572265625 0.15625 0.166015625
0 0.033203125 0.3330078125 0.0654296875 0.146484375
0 0.119140625 0.0791015625 0.1279296875 0.119140625
0 0.078125 0.193359375 0.15625 0.1376953125
0 0.4765625 0.05078125 0.27734375 0.1015625
0 0.70703125 0.953125 0.146484375 0.0927734375
0 0.5302734375 0.96484375 0.076171875 0.0703125
0 0.1337890625 0.744140625 0.1640625 0.169921875