0 0.7978877314814815 0.36747685185185186 0.14568865740740744 0.14192708333333326
0 0.9487485532407407 0.6713324652777777 0.1025028935185186 0.20189525462962976
0 0.7230179398148149 0.22063078703703703 0.14243344907407396 0.15936053240740744
0 0.3791232638888889 0.6255063657407407 0.10684317129629628 0.14633969907407396
0 0.4058521412037037 0.5022786458333334 0.1391059027777778 0.12217881944444442
0 0.7122034143518519 0.5887225115740741 0.12507233796296302 0.11190682870370372
0 0.4511357060185185 0.04195601851851852 0.10698784722222232 0.08391203703703703
0 0.2153862847222222 0.19151475694444445 0.09309895833333337 0.09121817129629628
0 0.6000795717592593 0.4921513310185185 0.25180844907407396 0.21607349537037046
0 0.7893880208333333 0.7452618634259259 0.16442418981481488 0.12116608796296302
0 0.8258101851851851 0.8837528935185185 0.24623842592592604 0.17100694444444442
0 0.9629267939814814 0.29951533564814814 0.0741464120370372 0.1943721064814815
0 0.0877097800925926 0.36150896990740744 0.1576244212962963 0.2535445601851851
0 0.09581163194444445 0.8442925347222223 0.11472800925925924 0.14858217592592604
0 0.3099681712962963 0.9233940972222222 0.1689814814814815 0.13888888888888884
0 0.4864366319444444 0.27535445601851855 0.3657407407407407 0.3431712962962964
0 0.23781105324074076 0.08937355324074074 0.31908275462962965 0.17874710648148148
0 0.05700231481481482 0.16608796296296297 0.10908564814814815 0.20688657407407407
0 0.18684895833333334 0.6883680555555556 0.21788194444444448 0.1953125
0 0.0703125 0.6310763888888888 0.10271990740740741 0.24565972222222232
0 0.5087528935185186 0.8250868055555556 0.20833333333333348 0.2534722222222223
0 0.32396556712962965 0.7996600115740741 0.19921875 0.21802662037037046
0 0.1508246527777778 0.9302662037037037 0.1825810185185185 0.13744212962962976
0 0.7239583333333333 0.05125144675925926 0.3385416666666665 0.10250289351851852
0 0.96484375 0.061776620370370364 0.05859375 0.12355324074074073
0 0.8883463541666667 0.4599609375 0.0732783564814814 0.08268229166666674
0 0.9880642361111112 0.8712022569444444 0.02387152777777768 0.15241608796296302
0 0.26960358796296297 0.44082754629629634 0.19748263888888884 0.3291377314814815
0 0.6030454282407407 0.6778428819444444 0.11342592592592604 0.11342592592592604