0 0.7376736111111111 0.642578125 0.13988715277777786 0.142578125
0 0.5746744791666667 0.5947265625 0.14383680555555545 0.14453125
0 0.6113932291666666 0.919921875 0.18519965277777795 0.16015625
0 0.3198567708333333 0.8994140625 0.17929687500000002 0.158203125
0 0.06154513888888889 0.853515625 0.12309027777777778 0.12890625
0 0.06124131944444444 0.6669921875 0.12248263888888888 0.228515625
0 0.10325520833333332 0.2314453125 0.166015625 0.263671875
0 0.45926649305555556 0.4267578125 0.19348958333333344 0.181640625
0 0.7177083333333334 0.3984375 0.325173611111111 0.39453125
0 0.92109375 0.298828125 0.1479166666666667 0.15234375
0 0.92734375 0.544921875 0.12560763888888893 0.203125
0 0.8344401041666667 0.9462890625 0.22113715277777768 0.107421875
0 0.7185112847222223 0.8017578125 0.18914930555555554 0.162109375
0 0.5530815972222223 0.775390625 0.20881076388888875 0.255859375
0 0.17024739583333334 0.7763671875 0.18993055555555555 0.197265625
0 0.3558810763888889 0.640625 0.3134114583333334 0.216796875
0 0.8802734375 0.7734375 0.1874565972222222 0.26171875
0 0.8684461805555554 0.1630859375 0.16141493055555545 0.14453125
0 0.6858940972222223 0.1162109375 0.22165798611111098 0.21875
0 0.24837239583333331 0.0732421875 0.23763020833333337 0.146484375
0 0.9432074652777778 0.40234375 0.09830729166666674 0.1171875
0 0.30904947916666664 0.1552734375 0.1703559027777778 0.1953125
0 0.2768229166666667 0.287109375 0.21015625000000004 0.140625
0 0.23988715277777778 0.4111328125 0.2523871527777778 0.1953125
0 0.06825086805555555 0.4375 0.1365017361111111 0.15234375
0 0.45883246527777777 0.2265625 0.18910590277777772 0.16015625
0 0.45143229166666665 0.076171875 0.2065104166666667 0.15234375