0 0.671875 0.1017795138888889 0.20703125 0.2035590277777778
0 0.4677734375 0.09168836805555555 0.185546875 0.1833767361111111
0 0.2431640625 0.026222511574074073 0.154296875 0.05244502314814815
0 0.7802734375 0.4935619212962963 0.208984375 0.20695891203703698
0 0.669921875 0.9117115162037037 0.23046875 0.13548900462962976
0 0.6123046875 0.7331814236111112 0.263671875 0.28515625
0 0.8291015625 0.9458550347222222 0.083984375 0.04998553240740744
0 0.087890625 0.8785807291666667 0.17578125 0.20768229166666652
0 0.25390625 0.48473668981481477 0.203125 0.20478877314814814
0 0.6123046875 0.3562282986111111 0.216796875 0.23459201388888895
0 0.8720703125 0.11156322337962962 0.240234375 0.22312644675925924
0 0.0546875 0.677662037037037 0.109375 0.23451967592592604
0 0.455078125 0.0107421875 0.27734375 0.021484375
0 0.4365234375 0.7201605902777778 0.13671875 0.19256365740740744
0 0.3017578125 0.9097222222222223 0.169921875 0.15277777777777768
0 0.9072265625 0.7173755787037037 0.171875 0.2739438657407407
0 0.8984375 0.4598885995370371 0.203125 0.18525752314814814
0 0.7724609375 0.28877314814814814 0.1875 0.13780381944444442
0 0.9365234375 0.2709780092592593 0.126953125 0.17071759259259256
0 0.205078125 0.7140842013888888 0.19140625 0.22583912037037024
0 0.3935546875 0.32038483796296297 0.283203125 0.31127025462962965
0 0.08203125 0.4412977430555556 0.1640625 0.22287326388888884