0 0.5453559027777778 0.2453486689814815 0.2348524305555555 0.23712384259259256
0 0.7017361111111111 0.12124565972222222 0.23159722222222223 0.20776909722222223
0 0.8043185763888889 0.7396846064814815 0.13645833333333335 0.17374131944444438
0 0.9532552083333333 0.9085792824074075 0.09348958333333335 0.17178819444444438
0 0.5845052083333333 0.5117838541666666 0.20980902777777777 0.2441840277777778
0 0.10227864583333333 0.3921657986111111 0.17955729166666665 0.22183159722222223
0 0.4212890625 0.591796875 0.26236979166666674 0.3296151620370371
0 0.7586371527777778 0.3043330439814815 0.22777777777777786 0.20960648148148153
0 0.25470920138888886 0.0914207175925926 0.2016493055555555 0.14836516203703703
0 0.23155381944444445 0.2067925347222222 0.2581597222222222 0.19100115740740742
0 0.2632161458333333 0.3267144097222222 0.1513020833333334 0.15662615740740748
0 0.3766059027777778 0.8372178819444445 0.19322916666666667 0.2222366898148147
0 0.24605034722222224 0.8840639467592593 0.16041666666666665 0.18615451388888893
0 0.5554904513888889 0.6708695023148148 0.14661458333333344 0.13893229166666665
0 0.6626953125 0.7130570023148148 0.21319444444444446 0.23258101851851842
0 0.5893229166666667 0.8396195023148147 0.14618055555555554 0.21694155092592604
0 0.7779947916666667 0.9075954861111111 0.24882812500000018 0.18480902777777786
0 0.903515625 0.5743561921296296 0.1929687499999999 0.2933593750000001
0 0.7997829861111112 0.571802662037037 0.17790798611111125 0.18472222222222223
0 0.9603841145833334 0.32112268518518516 0.07923177083333321 0.15465856481481488
0 0.8452473958333333 0.08063512731481481 0.1436197916666666 0.11543692129629629
0 0.9005859375 0.18467881944444445 0.17465277777777777 0.15536747685185187
0 0.4868923611111111 0.07099247685185185 0.29019097222222223 0.12173032407407405
0 0.3755859375 0.9617983217592593 0.15802951388888897 0.07640335648148144
0 0.5526041666666666 0.9708116319444444 0.08524305555555545 0.05837673611111116
0 0.9121961805555556 0.737181712962963 0.17560763888888875 0.18885995370370368