0 0.3933304398148148 0.12406684027777778 0.13353587962962965 0.16197916666666667
0 0.9022641782407408 0.9338541666666667 0.11497395833333335 0.1279947916666666
0 0.12916666666666668 0.9147569444444444 0.2550925925925926 0.17048611111111112
0 0.2661530671296296 0.48901909722222225 0.2098813657407408 0.17122395833333326
0 0.9176649305555555 0.11705729166666667 0.14904513888888893 0.15876736111111112
0 0.6822048611111111 0.47328559027777783 0.0967013888888888 0.10377604166666665
0 0.7095992476851852 0.8890950520833334 0.25309606481481484 0.22180989583333321
0 0.5387442129629629 0.2987196180555556 0.11238425925925943 0.1064236111111111
0 0.0716869212962963 0.12235243055555556 0.1433738425925926 0.16657986111111112
0 0.20969328703703705 0.0513671875 0.11749131944444446 0.08129340277777779
0 0.36960358796296294 0.26480034722222223 0.20436921296296295 0.1826822916666666
0 0.5044632523148148 0.6306423611111112 0.24671585648148153 0.2294270833333334
0 0.0840675636574074 0.7806206597222223 0.1681351273148148 0.18793402777777768
0 0.6817346643518518 0.12612847222222223 0.250954861111111 0.175
0 0.0652416087962963 0.5393012152777779 0.1304832175925926 0.2621961805555557
0 0.4158998842592593 0.9348741319444445 0.1605902777777778 0.13025173611111107
0 0.10104166666666667 0.2861111111111111 0.19655671296296295 0.18233506944444444
0 0.5331090856481482 0.45590277777777777 0.17604166666666665 0.14826388888888897
0 0.27618634259259256 0.7114366319444445 0.15933159722222223 0.17677951388888902
0 0.1547309027777778 0.6522569444444445 0.11698495370370365 0.13003472222222223
0 0.8717158564814815 0.47975260416666665 0.1870804398148147 0.19166666666666665
0 0.9017867476851852 0.22391493055555556 0.08699363425925921 0.10529513888888886
0 0.4924406828703704 0.8383897569444444 0.15502025462962965 0.16293402777777777
0 0.7183304398148148 0.6401475694444445 0.13444733796296293 0.1269097222222224
0 0.9303313078703703 0.7786458333333333 0.1011429398148147 0.18784722222222205