0 0.4222294560185185 0.3349826388888889 0.3456741898148149 0.2769097222222222
0 0.7359664351851851 0.47055121527777777 0.24729456018518503 0.22374131944444442
0 0.8448423032407407 0.7618055555555556 0.2715711805555556 0.28142361111111125
0 0.7409143518518518 0.9364583333333333 0.352488425925926 0.078125
0 0.8065972222222222 0.0931423611111111 0.13851273148148158 0.1271701388888889
0 0.09981915509259259 0.8672309027777778 0.1757957175925926 0.14053819444444438
0 0.2613570601851852 0.4916449652777778 0.22907986111111112 0.17999131944444446
0 0.8450593171296297 0.24876302083333335 0.2417245370370371 0.24301215277777777
0 0.9028935185185185 0.4521701388888889 0.19421296296296298 0.3174479166666666
0 0.9283998842592592 0.1784939236111111 0.14320023148148153 0.2661892361111111
0 0.6145543981481482 0.1906032986111111 0.208984375 0.2727864583333333
0 0.32448640046296295 0.07907986111111111 0.2075665509259259 0.15815972222222222
0 0.14705584490740742 0.09928385416666667 0.17669270833333334 0.19856770833333334
0 0.15770399305555555 0.030316840277777778 0.1435329861111111 0.060633680555555555
0 0.12901475694444445 0.3314019097222222 0.2532262731481481 0.36063368055555556
0 0.09701967592592593 0.6123046875 0.18055555555555555 0.330078125
0 0.2633246527777778 0.8883029513888889 0.19165219907407405 0.15685763888888893
0 0.27230902777777777 0.7032118055555556 0.2754484953703704 0.27964409722222205
0 0.5719835069444444 0.6810980902777778 0.38598090277777786 0.36263020833333326
0 0.4869140625 0.8754340277777778 0.14495081018518507 0.1664930555555555
0 0.6242042824074074 0.841970486111111 0.20228587962962963 0.2158854166666666
0 0.5946469907407408 0.04973958333333334 0.21663773148148158 0.09947916666666667
0 0.38002025462962963 0.19027777777777777 0.14489293981481477 0.1625868055555556
0 0.45718315972222223 0.06792534722222222 0.17217881944444446 0.13585069444444445
0 0.5643518518518519 0.4957682291666667 0.15060763888888884 0.15308159722222225