0 0.5540364583333333 0.11471354166666667 0.20182291666666652 0.16901041666666666
0 0.37395833333333334 0.09687499999999999 0.16979166666666667 0.15520833333333334
0 0.24967447916666666 0.09928385416666667 0.18294270833333331 0.17747395833333332
0 0.5985677083333334 0.2576822916666667 0.1488281250000001 0.1615885416666667
0 0.924609375 0.36497395833333335 0.11757812500000009 0.1303385416666667
0 0.85234375 0.15598958333333335 0.16783854166666679 0.15507812499999996
0 0.82421875 0.33203125 0.10195312500000009 0.1001302083333333
0 0.7077473958333333 0.3349609375 0.1337239583333334 0.1391927083333333
0 0.6787109375 0.8910807291666667 0.14127604166666674 0.10664062499999982
0 0.6122395833333334 0.9669921875 0.15494791666666652 0.06601562499999991
0 0.1376953125 0.5341796875 0.22174479166666666 0.263671875
0 0.11295572916666667 0.7901692708333333 0.140234375 0.29518229166666665
0 0.20358072916666667 0.23912760416666667 0.11575520833333336 0.1029947916666667
0 0.922265625 0.6873697916666667 0.15546875000000004 0.30546874999999996
0 0.09401041666666667 0.33098958333333334 0.13658854166666665 0.15299479166666663
0 0.102734375 0.097265625 0.14296875 0.19036458333333334
0 0.130078125 0.026171875 0.16640624999999998 0.046093749999999996