0 0.667896412037037 0.09890046296296295 0.16283275462962976 0.18583622685185186
0 0.015046296296296294 0.7866174768518519 0.030092592592592587 0.1455150462962962
0 0.7019314236111112 0.8905309606481482 0.2865306712962963 0.1571614583333334
0 0.6907552083333333 0.48174189814814816 0.23784722222222232 0.21116898148148144
0 0.17126012731481483 0.04063946759259259 0.16919849537037035 0.08127893518518518
0 0.2967664930555556 0.3822844328703704 0.11559606481481488 0.12100694444444438
0 0.1557074652777778 0.7960431134259259 0.2974537037037037 0.29418402777777786
0 0.4813368055555556 0.24113136574074073 0.13143807870370372 0.12767650462962965
0 0.9412254050925926 0.1666015625 0.10857928240740744 0.19471932870370373
0 0.8631365740740741 0.06440972222222222 0.13057002314814814 0.10423900462962965
0 0.6519458912037037 0.24008246527777777 0.23430266203703698 0.2207320601851852
0 0.42527488425925924 0.570558449074074 0.28696469907407407 0.27414641203703694
0 0.8015407986111112 0.8064163773148147 0.2364004629629628 0.22473958333333321
0 0.39239728009259256 0.07724971064814815 0.2777054398148149 0.1544994212962963
0 0.8794126157407407 0.5723524305555555 0.20572916666666652 0.2913773148148149
0 0.42303240740740744 0.8942708333333333 0.18967013888888884 0.17358217592592595
0 0.8888888888888888 0.3164930555555555 0.20298032407407396 0.21715856481481488
0 0.4444444444444444 0.3950954861111111 0.20175057870370372 0.18395543981481488
0 0.6204065393518519 0.6968967013888889 0.19278067129629628 0.20493344907407396
0 0.7513020833333333 0.662818287037037 0.14207175925925908 0.15162037037037046
0 0.1146556712962963 0.3517650462962963 0.2208478009259259 0.22588252314814816
0 0.15538194444444445 0.09428530092592594 0.10785590277777779 0.12255497685185185
0 0.38060619212962965 0.7765842013888888 0.18446180555555558 0.1908564814814815
0 0.21788194444444445 0.538425925925926 0.15574363425925924 0.1523292824074074
0 0.023292824074074073 0.6310908564814814 0.04658564814814815 0.1987557870370371