0 0.32989004629629626 0.4032262731481482 0.17442129629629632 0.17442129629629632
0 0.047229456018518516 0.46801215277777775 0.09445891203703703 0.2436631944444445
0 0.791066261574074 0.05753761574074074 0.245992476851852 0.11507523148148148
0 0.9242042824074075 0.22453703703703703 0.08854166666666652 0.17705439814814816
0 0.9699074074074074 0.8301721643518518 0.03674768518518512 0.1079427083333333
0 0.5423394097222223 0.4957609953703703 0.2329427083333333 0.3022135416666667
0 0.08158998842592592 0.27123119212962965 0.16317997685185184 0.1645688657407407
0 0.4632957175925926 0.22941261574074073 0.27107928240740753 0.24029224537037042
0 0.841066261574074 0.36636284722222223 0.22382812500000004 0.21420717592592586
0 0.9109881365740741 0.5234953703703704 0.16529224537037046 0.2172453703703705
0 0.38099681712962963 0.0544994212962963 0.18722511574074074 0.1089988425925926
0 0.36655815972222217 0.6301721643518519 0.2904803240740741 0.36359953703703707
0 0.33390480324074073 0.8571686921296295 0.20010127314814818 0.1943287037037038
0 0.18899016203703706 0.9510923032407408 0.16932870370370368 0.09428530092592613
0 0.8063440393518518 0.8648148148148148 0.31131365740740735 0.18816550925925934
0 0.6641999421296296 0.7058232060185186 0.23055555555555562 0.2728877314814815
0 0.7100477430555556 0.5108506944444444 0.17928240740740753 0.23893229166666674
0 0.5427734375 0.8618851273148148 0.2753327546296296 0.26378761574074083
0 0.1953342013888889 0.1933521412037037 0.26631944444444444 0.3144241898148148
0 0.12686631944444443 0.3993995949074074 0.2217592592592592 0.20636574074074066
0 0.8616247106481482 0.6921585648148147 0.2597945601851852 0.26941550925925917
0 0.8382812500000001 0.09302662037037038 0.1859375000000001 0.1609230324074074
0 0.6224609375 0.1017795138888889 0.25507812500000004 0.2035590277777778
0 0.7407552083333333 0.21749131944444444 0.23525752314814818 0.194849537037037
0 0.8661747685185185 0.1873191550925926 0.11111111111111116 0.11880787037037038