0 0.3466796875 0.1474609375 0.1826171875 0.1748046875
0 0.5361328125 0.1396484375 0.162109375 0.16015625
0 0.7470703125 0.056640625 0.1396484375 0.0927734375
0 0.2275390625 0.509765625 0.1845703125 0.1748046875
0 0.30859375 0.9208984375 0.20703125 0.15234375
0 0.37109375 0.7333984375 0.232421875 0.2421875
0 0.16015625 0.9501953125 0.0751953125 0.0849609375
0 0.884765625 0.892578125 0.224609375 0.2099609375
0 0.71484375 0.5087890625 0.1796875 0.1728515625
0 0.3896484375 0.384765625 0.1904296875 0.2001953125
0 0.1611328125 0.1298828125 0.212890625 0.240234375
0 0.9208984375 0.69140625 0.15234375 0.20703125
0 0.5537109375 0.0341796875 0.25390625 0.0673828125
0 0.53515625 0.7236328125 0.1181640625 0.16796875
0 0.650390625 0.904296875 0.1494140625 0.1298828125
0 0.0869140625 0.716796875 0.173828125 0.23828125
0 0.10546875 0.478515625 0.2109375 0.1533203125
0 0.2451171875 0.3212890625 0.16796875 0.11328125
0 0.07421875 0.302734375 0.1484375 0.146484375
0 0.75 0.7216796875 0.16796875 0.1943359375
0 0.5947265625 0.3544921875 0.248046875 0.265625
0 0.8935546875 0.4755859375 0.17578125 0.19140625