0 0.5810546875 0.3916015625 0.2421875 0.322265625
0 0.3740234375 0.6904296875 0.197265625 0.35546875
0 0.3564453125 0.150390625 0.2470703125 0.205078125
0 0.5654296875 0.146484375 0.16015625 0.1572265625
0 0.884765625 0.4814453125 0.205078125 0.20703125
0 0.89453125 0.884765625 0.205078125 0.205078125
0 0.3154296875 0.9375 0.224609375 0.1201171875
0 0.1513671875 0.958984375 0.087890625 0.072265625
0 0.0615234375 0.33203125 0.1220703125 0.125
0 0.2099609375 0.6474609375 0.125 0.1201171875
0 0.751953125 0.0546875 0.12890625 0.109375
0 0.166015625 0.1240234375 0.212890625 0.2177734375
0 0.9140625 0.09765625 0.171875 0.1953125
0 0.759765625 0.705078125 0.2119140625 0.2353515625
0 0.5390625 0.734375 0.119140625 0.1591796875
0 0.5439453125 0.9716796875 0.123046875 0.056640625
0 0.66015625 0.90234375 0.1279296875 0.1298828125
0 0.1025390625 0.810546875 0.205078125 0.17578125
0 0.0400390625 0.63671875 0.080078125 0.125
0 0.064453125 0.482421875 0.12890625 0.146484375
0 0.2392578125 0.33203125 0.15625 0.154296875
0 0.61328125 0.6474609375 0.115234375 0.1962890625
0 0.5185546875 0.587890625 0.083984375 0.1064453125
0 0.392578125 0.376953125 0.1708984375 0.23828125
0 0.5419921875 0.0380859375 0.2529296875 0.076171875