0 0.35268373842592593 0.30983072916666665 0.13712384259259258 0.14726562499999996
0 0.2544994212962963 0.4232421875 0.14435763888888897 0.13802083333333326
0 0.18623408564814814 0.1150390625 0.1894097222222222 0.17604166666666668
0 0.31658709490740744 0.130859375 0.14586226851851847 0.16341145833333331
0 0.7409360532407407 0.5084635416666666 0.23859953703703707 0.2182291666666667
0 0.3633174189814815 0.5885416666666667 0.18583622685185186 0.14856770833333321
0 0.21646412037037038 0.5424479166666667 0.13401331018518514 0.12760416666666652
0 0.2068648726851852 0.2646484375 0.15688657407407408 0.15247395833333333
0 0.8154224537037037 0.19368489583333331 0.14516782407407414 0.15169270833333337
0 0.9176142939814815 0.7104166666666667 0.15504918981481497 0.154296875
0 0.6493706597222222 0.9155598958333333 0.1283709490740741 0.09804687500000009
0 0.17390046296296294 0.8168619791666667 0.2390480324074074 0.1929687499999999
0 0.894140625 0.075390625 0.21171874999999996 0.15078125
0 0.9825593171296296 0.3610026041666667 0.034881365740740744 0.12096354166666667
0 0.46142216435185185 0.42415364583333337 0.13022280092592597 0.1292968750000001
0 0.5741247106481482 0.27447916666666666 0.1753906249999999 0.16927083333333337
0 0.44252748842592593 0.056901041666666666 0.19755497685185186 0.11380208333333333
0 0.28488136574074074 0.022135416666666668 0.1986689814814815 0.044270833333333336
0 0.45199652777777777 0.14928385416666667 0.16493055555555558 0.15690104166666663
0 0.5511357060185185 0.1181640625 0.12229456018518503 0.12682291666666667
0 0.6825882523148148 0.1525390625 0.1611400462962962 0.15859374999999998
0 0.5981119791666667 0.08365885416666667 0.1279224537037038 0.12330729166666668
0 0.8816623263888889 0.3353515625 0.14758391203703702 0.1596354166666667
0 0.7615379050925926 0.3266927083333333 0.11929976851851842 0.10911458333333335
0 0.5891276041666667 0.4283854166666667 0.1539062499999999 0.16783854166666667
0 0.9685691550925926 0.4656901041666667 0.06286168981481488 0.08815104166666665
0 0.9946614583333333 0.516796875 0.010677083333333393 0.07708333333333339
0 0.962037037037037 0.5479817708333333 0.07592592592592595 0.09778645833333344
0 0.10228587962962962 0.6010416666666667 0.10379050925925926 0.11002604166666652
0 0.057024016203703703 0.61484375 0.046455439814814814 0.09453124999999996
0 0.13646556712962965 0.7311197916666666 0.09735243055555554 0.09986979166666665
0 0.08423032407407408 0.6934244791666666 0.09230324074074076 0.11315104166666679
0 0.48209635416666663 0.9384765625 0.09963831018518521 0.0727864583333333
0 0.5376374421296296 0.7837890625 0.12390046296296298 0.12109375
0 0.6570818865740741 0.6817057291666666 0.22479745370370363 0.18229166666666652
0 0.6649450231481482 0.9302083333333333 0.10112847222222232 0.06510416666666652
0 0.4643084490740741 0.588671875 0.09367766203703698 0.103515625
0 0.33576388888888886 0.7688151041666667 0.07884837962962954 0.08307291666666661
0 0.46996527777777775 0.25397135416666666 0.055859375000000044 0.05625000000000002
0 0.6452473958333333 0.812890625 0.13275462962962958 0.1391927083333333
0 0.7469618055555556 0.7590494791666667 0.08896122685185182 0.08958333333333335
0 0.751244212962963 0.8313151041666667 0.09688946759259265 0.09205729166666665
0 0.7778067129629629 0.8824869791666667 0.07068865740740726 0.0766927083333333
0 0.3757957175925926 0.484765625 0.06655092592592593 0.07252604166666665
0 0.05205439814814815 0.6798828125 0.028414351851851843 0.08554687499999991
0 0.5699869791666666 0.9326171875 0.07620081018518521 0.07122395833333339
0 0.9516059027777778 0.8042317708333333 0.08333333333333326 0.09309895833333348
0 0.9710792824074075 0.6591796875 0.05784143518518503 0.10429687499999996
0 0.9281394675925926 0.6067708333333333 0.11723090277777781 0.10703124999999991
0 0.6480179398148148 0.04895833333333334 0.09516782407407409 0.09583333333333333
0 0.47455873842592594 0.0024739583333333332 0.16005497685185188 0.0049479166666666664