0 0.579296875 0.9433702256944445 0.12960069444444455 0.11325954861111098
0 0.5402560763888888 0.6405960648148148 0.14956597222222223 0.14301215277777768
0 0.8573133680555556 0.5036024305555555 0.13142361111111112 0.11710069444444438
0 0.41911892361111114 0.5033058449074074 0.09796006944444446 0.10439814814814818
0 0.3609157986111111 0.12390046296296296 0.11163194444444446 0.10480324074074074
0 0.6272352430555556 0.3826027199074074 0.12170138888888893 0.11876446759259263
0 0.2282769097222222 0.5230251736111111 0.11176215277777779 0.11066261574074066
0 0.10881076388888888 0.7244285300925926 0.13980034722222223 0.14272280092592604
0 0.2529513888888889 0.05238715277777778 0.10746527777777781 0.09296874999999999
0 0.13168402777777777 0.17273582175925925 0.10386284722222222 0.10652488425925927
0 0.5444444444444445 0.1264105902777778 0.13359375000000018 0.1269241898148148
0 0.9189670138888889 0.1599537037037037 0.09982638888888884 0.10054976851851849
0 0.3716362847222222 0.825904224537037 0.1313368055555555 0.11319444444444438
0 0.15347222222222223 0.4505425347222222 0.08988715277777781 0.09244791666666663
0 0.8610677083333333 0.32121672453703703 0.10559895833333321 0.09681712962962963
0 0.9777994791666667 0.45951244212962966 0.044401041666666696 0.11289062500000002
0 0.6560329861111112 0.27317708333333335 0.09973958333333321 0.09664351851851849
0 0.5858072916666667 0.23108362268518517 0.08958333333333335 0.07877604166666663
0 0.4200086805555555 0.5872612847222223 0.11588541666666674 0.12054398148148149
0 0.7149088541666666 0.6828559027777777 0.1235677083333333 0.11491608796296293
0 0.7185329861111112 0.45069444444444445 0.10177951388888884 0.1006076388888889
0 0.49112413194444443 0.4498119212962963 0.09353298611111105 0.08084490740740735
0 0.5534939236111112 0.05055700231481481 0.12651909722222232 0.0720630787037037