0 0.059244791666666664 0.20325520833333333 0.08958333333333333 0.08958333333333335
0 0.27740885416666666 0.5007161458333333 0.08945312500000002 0.08763020833333335
0 0.21861979166666667 0.8147135416666667 0.13736979166666663 0.13554687499999996
0 0.6034505208333334 0.9686848958333334 0.09414062500000009 0.06263020833333321
0 0.34765625 0.5190104166666667 0.09153645833333335 0.08971354166666679
0 0.9156901041666666 0.5811848958333333 0.09348958333333335 0.08984375
0 0.1322265625 0.6854817708333334 0.13463541666666667 0.12369791666666652
0 0.15364583333333334 0.3359375 0.07708333333333334 0.07708333333333328
0 0.4682942708333333 0.8119140625 0.11445312500000004 0.14179687500000004
0 0.6293619791666667 0.4425130208333333 0.07291666666666652 0.07291666666666674
0 0.7283854166666667 0.86328125 0.095703125 0.09388020833333321
0 0.22571614583333333 0.9065755208333333 0.13554687499999996 0.13736979166666652
0 0.6462890625 0.09850260416666666 0.10247395833333339 0.10794270833333333
0 0.8796875 0.21614583333333331 0.0962239583333333 0.10169270833333333
0 0.184765625 0.540234375 0.08359375000000002 0.08723958333333326
0 0.5360677083333334 0.7639322916666667 0.09218750000000009 0.09947916666666679
0 0.7852864583333333 0.4334635416666667 0.068359375 0.06289062499999998
0 0.940234375 0.24934895833333331 0.029427083333333215 0.06223958333333335
0 0.9983723958333333 0.800390625 0.0032552083333334814 0.10677083333333326
0 0.6742838541666667 0.6642578125 0.07096354166666652 0.0727864583333333
0 0.3017578125 0.16595052083333334 0.08359375000000002 0.08723958333333331
0 0.4511067708333334 0.30618489583333336 0.24635416666666665 0.22447916666666667
0 0.8880859375 0.7796223958333333 0.0962239583333333 0.10169270833333321
0 0.7955078124999999 0.7472005208333333 0.08684895833333339 0.1069010416666667
0 0.5022135416666667 0.9984375 0.08984375 0.0031250000000000444
0 0.21998697916666665 0.3248046875 0.0893229166666667 0.08567708333333335
0 0.065234375 0.13268229166666667 0.08072916666666666 0.07343749999999999
0 0.4652994791666667 0.18365885416666666 0.08333333333333326 0.08333333333333337
0 0.43977864583333337 0.5737630208333333 0.0932291666666667 0.0859375
0 0.7291666666666666 0.4083333333333333 0.099609375 0.09414062499999998
0 0.873828125 0.14283854166666665 0.08567708333333335 0.0893229166666667
0 0.7863932291666667 0.08548177083333333 0.0766927083333333 0.07122395833333334
0 0.552734375 0.547265625 0.09739583333333335 0.09010416666666665
0 0.10859374999999999 0.46223958333333337 0.08958333333333335 0.08958333333333335
0 0.16731770833333331 0.453515625 0.09244791666666663 0.10338541666666679
0 0.6800781250000001 0.5615885416666666 0.09414062500000009 0.099609375
0 0.6985677083333333 0.241015625 0.10364583333333321 0.09635416666666663
0 0.8007161458333334 0.22740885416666667 0.1292968750000001 0.16028645833333333
0 0.36334635416666666 0.08352864583333333 0.1138020833333333 0.10286458333333331