0 0.6509982638888889 0.6217447916666667 0.08677662037037037 0.08250868055555571
0 0.4853660300925926 0.7055483217592593 0.08677662037037037 0.08250868055555571
0 0.400708912037037 0.7410590277777778 0.07436342592592593 0.07044270833333321
0 0.28107638888888886 0.7950303819444444 0.0786168981481481 0.07641782407407405
0 0.315892650462963 0.9383897569444444 0.09377893518518521 0.06906828703703694
0 0.6509476273148148 0.24252748842592592 0.11079282407407409 0.09296875000000004
0 0.9764178240740741 0.21534288194444445 0.04716435185185186 0.12076099537037033
0 0.9474428530092592 0.36830873842592593 0.10511429398148153 0.1123263888888889
0 0.645970775462963 0.948169849537037 0.09149305555555554 0.0962962962962961
0 0.45830439814814816 0.5614438657407408 0.08482349537037037 0.0824508101851853
0 0.9221860532407408 0.8715422453703704 0.07919560185185182 0.08618344907407405
0 0.9897714120370371 0.706177662037037 0.020457175925925775 0.06945891203703702
0 0.6672092013888888 0.516941550925926 0.09942129629629637 0.09848090277777777
0 0.7263744212962963 0.11705729166666667 0.09930555555555554 0.09652777777777777
0 0.5011429398148148 0.2644097222222222 0.07482638888888893 0.07825520833333333
0 0.32600549768518516 0.15491174768518517 0.08091724537037037 0.08233506944444446
0 0.36509693287037037 0.4855685763888889 0.06413483796296293 0.062340856481481466
0 0.12952835648148148 0.6394386574074074 0.06401909722222221 0.06038773148148158
0 0.11915509259259258 0.5630931712962963 0.05839120370370371 0.06412037037037033
0 0.8930627893518519 0.21558159722222223 0.07689525462962976 0.08026620370370369
0 0.8028718171296296 0.8650824652777778 0.06597222222222232 0.06044560185185177
0 0.19616608796296298 0.9085214120370371 0.06574074074074077 0.05653935185185199
0 0.048343460648148144 0.6019386574074075 0.030251736111111108 0.08278356481481497
0 0.058535879629629625 0.5271773726851852 0.05827546296296296 0.06216724537037033
0 0.1295138888888889 0.2114800347222222 0.06241319444444443 0.06618923611111116
0 0.1876880787037037 0.1732349537037037 0.046209490740740766 0.05596064814814816
0 0.15708188657407407 0.06801938657407407 0.04793113425925927 0.05211226851851852
0 0.757986111111111 0.8150101273148148 0.05425347222222232 0.06009837962962972
0 0.44610098379629626 0.3719618055555556 0.07459490740740748 0.07434895833333344
0 0.4799045138888889 0.16922019675925926 0.06355613425925921 0.052575231481481466
0 0.32683738425925923 0.34990596064814816 0.06804108796296293 0.06245659722222219
0 0.782740162037037 0.6734157986111111 0.05964988425925921 0.052459490740740744
0 0.567505787037037 0.9552589699074074 0.08149594907407409 0.08948206018518512
0 0.15264033564814816 0.4207826967592593 0.06608796296296293 0.06239872685185177