0 0.654296875 0.890625 0.08203125 0.0810546875
0 0.861328125 0.1220703125 0.0927734375 0.09375
0 0.298828125 0.841796875 0.0556640625 0.0634765625
0 0.462890625 0.7158203125 0.0771484375 0.072265625
0 0.5439453125 0.240234375 0.08984375 0.0791015625
0 0.6025390625 0.595703125 0.064453125 0.0712890625
0 0.3955078125 0.76171875 0.0595703125 0.056640625
0 0.58203125 0.1005859375 0.078125 0.0712890625
0 0.357421875 0.9765625 0.064453125 0.046875
0 0.5966796875 0.490234375 0.0810546875 0.0791015625
0 0.951171875 0.5849609375 0.0595703125 0.0634765625
0 0.822265625 0.6171875 0.0576171875 0.05859375
0 0.8857421875 0.76171875 0.0703125 0.0654296875
0 0.365234375 0.1982421875 0.0546875 0.056640625
0 0.0205078125 0.6083984375 0.041015625 0.0615234375
0 0.248046875 0.96875 0.0888671875 0.0625
0 0.8251953125 0.275390625 0.0712890625 0.0830078125
0 0.4150390625 0.583984375 0.078125 0.0654296875
0 0.8173828125 0.3720703125 0.0869140625 0.0732421875
0 0.7216796875 0.74609375 0.0556640625 0.0546875
0 0.2548828125 0.1044921875 0.0478515625 0.0517578125
0 0.955078125 0.5166015625 0.0556640625 0.06640625
0 0.025390625 0.970703125 0.0478515625 0.05859375
0 0.509765625 0.0810546875 0.0498046875 0.0498046875
0 0.8271484375 0.9169921875 0.05078125 0.046875
0 0.20703125 0.5693359375 0.0673828125 0.07421875
0 0.7373046875 0.5986328125 0.0673828125 0.0634765625
0 0.984375 0.099609375 0.03125 0.0625
0 0.109375 0.408203125 0.064453125 0.0537109375
0 0.1142578125 0.08984375 0.0537109375 0.046875
0 0.0341796875 0.7353515625 0.0654296875 0.0751953125
0 0.0673828125 0.5009765625 0.0654296875 0.064453125
0 0.82421875 0.3408203125 0.08984375 0.11328125
0 0.4228515625 0.42578125 0.0458984375 0.0400390625
0 0.1044921875 0.2861328125 0.0439453125 0.0556640625
0 0.056640625 0.19140625 0.052734375 0.0498046875