0 0.55859375 0.31640625 0.0712890625 0.0712890625
0 0.478515625 0.5361328125 0.0595703125 0.068359375
0 0.232421875 0.869140625 0.0537109375 0.052734375
0 0.1689453125 0.1845703125 0.0595703125 0.0615234375
0 0.91015625 0.107421875 0.052734375 0.0556640625
0 0.0771484375 0.859375 0.0556640625 0.0537109375
0 0.5791015625 0.966796875 0.0654296875 0.060546875
0 0.8818359375 0.8427734375 0.0927734375 0.0966796875
0 0.166015625 0.484375 0.05859375 0.052734375
0 0.83984375 0.375 0.0634765625 0.05859375
0 0.8095703125 0.625 0.0673828125 0.0634765625
0 0.8779296875 0.7216796875 0.0849609375 0.064453125
0 0.564453125 0.126953125 0.041015625 0.04296875
0 0.7919921875 0.8173828125 0.05859375 0.0634765625
0 0.4599609375 0.76171875 0.0712890625 0.0673828125
0 0.158203125 0.8984375 0.0537109375 0.056640625
0 0.044921875 0.1181640625 0.05078125 0.046875
0 0.177734375 0.0283203125 0.0693359375 0.0537109375
0 0.3916015625 0.8818359375 0.0595703125 0.0595703125
0 0.2587890625 0.9755859375 0.076171875 0.048828125
0 0.0244140625 0.4345703125 0.0458984375 0.060546875
0 0.7236328125 0.9833984375 0.044921875 0.033203125
0 0.2734375 0.7626953125 0.0498046875 0.0537109375
0 0.1328125 0.638671875 0.06640625 0.064453125
0 0.236328125 0.451171875 0.041015625 0.041015625
0 0.0185546875 0.0234375 0.037109375 0.046875
0 0.1259765625 0.54296875 0.0615234375 0.0673828125
0 0.123046875 0.96875 0.0634765625 0.05859375
0 0.1259765625 0.7392578125 0.048828125 0.05078125
0 0.1875 0.7900390625 0.0576171875 0.0556640625
0 0.0205078125 0.5400390625 0.041015625 0.048828125
0 0.080078125 0.369140625 0.06640625 0.0595703125
0 0.1103515625 0.189453125 0.0517578125 0.0537109375
0 0.0595703125 0.9462890625 0.0634765625 0.05859375
0 0.0361328125 0.7041015625 0.0546875 0.0595703125