0 0.10868055555555556 0.4989872685185185 0.06992187500000002 0.07233796296296302
0 0.39127604166666663 0.4361183449074074 0.10160590277777781 0.0927951388888889
0 0.33233506944444446 0.8579210069444445 0.10364583333333333 0.09675925925925943
0 0.15206163194444444 0.9140625 0.06796875000000002 0.0722800925925926
0 0.4232638888888889 0.075 0.09153645833333335 0.07883391203703705
0 0.48559027777777775 0.11295572916666667 0.109375 0.09107349537037038
0 0.5787543402777777 0.08936631944444444 0.08763020833333313 0.0787181712962963
0 0.6353298611111111 0.30769675925925927 0.06406249999999991 0.07216435185185188
0 0.8973307291666667 0.3720630787037037 0.08407118055555562 0.09422743055555549
0 0.7271918402777777 0.04984809027777778 0.09110243055555545 0.05930266203703703
0 0.09845920138888889 0.08294270833333334 0.06979166666666664 0.06647858796296297
0 0.049370659722222224 0.20152633101851852 0.08368055555555556 0.07664930555555555
0 0.7772786458333334 0.2396846064814815 0.09192708333333321 0.09641203703703705
0 0.43971354166666665 0.6395688657407408 0.06992187500000002 0.0723379629629628
0 0.6821614583333333 0.7023799189814814 0.07000868055555554 0.0762442129629628
0 0.6573133680555556 0.5064597800925925 0.07183159722222232 0.07044270833333321
0 0.8769314236111111 0.15675636574074076 0.04231770833333326 0.059809027777777746
0 0.9494140625 0.3004123263888889 0.06805555555555554 0.0761863425925926
0 0.5059678819444444 0.9783637152777778 0.06766493055555545 0.043272569444444464