0 0.6423828125 0.6143012152777778 0.08515624999999982 0.08032407407407405
0 0.5401692708333333 0.7598451967592592 0.08515625000000004 0.08032407407407405
0 0.484375 0.8279947916666667 0.0727864583333333 0.06995081018518512
0 0.40826822916666666 0.9272063078703703 0.07708333333333328 0.07601273148148158
0 0.47584635416666665 0.2621310763888889 0.10729166666666679 0.09120370370370368
0 0.77109375 0.09253472222222223 0.12031250000000004 0.1113425925925926
0 0.7810546875 0.25654658564814814 0.10273437499999982 0.11043113425925921
0 0.7813802083333333 0.9183304398148149 0.08997395833333344 0.0941984953703705
0 0.45514322916666666 0.6376808449074074 0.08333333333333337 0.08217592592592604
0 0.070703125 0.11168981481481481 0.09244791666666669 0.07291666666666666
0 0.97021484375 0.7329282407407407 0.0595703125 0.08372395833333313
0 0.9762369791666667 0.5458695023148148 0.04752604166666652 0.07816840277777781
0 0.61015625 0.5104456018518518 0.09596354166666665 0.09645543981481475
0 0.4845703125 0.11563223379629631 0.09583333333333333 0.0945023148148148
0 0.36061197916666665 0.3437427662037037 0.07317708333333339 0.07581018518518512
0 0.1650390625 0.31511140046296293 0.07929687499999999 0.08002025462962958
0 0.34401041666666665 0.6056423611111111 0.0625 0.06163194444444442
0 0.21204427083333333 0.8450159143518519 0.062369791666666674 0.05967881944444442
0 0.17161458333333335 0.7786892361111111 0.056770833333333326 0.06328125000000018
0 0.6680338541666666 0.13779658564814815 0.07330729166666661 0.07776331018518517
0 0.8761067708333333 0.7772641782407408 0.06236979166666656 0.05967881944444464
0 0.12766927083333335 0.8493995949074074 0.035937499999999956 0.07193287037037033
0 0.11158854166666667 0.7687644675925926 0.04049479166666667 0.05270543981481479
0 0.04049479166666667 0.4468460648148148 0.025520833333333326 0.06166087962962963
0 0.058007812500000006 0.38838975694444444 0.044531249999999994 0.05486111111111114
0 0.8167968750000001 0.7488859953703704 0.050651041666666785 0.05907118055555549
0 0.36002604166666663 0.466333912037037 0.07096354166666674 0.07180266203703711
0 0.30182291666666666 0.26478587962962963 0.06184895833333337 0.05186631944444442
0 0.2509765625 0.4947410300925926 0.06640625 0.061834490740740655
0 0.7752604166666667 0.6075665509259259 0.05794270833333326 0.051663773148148184
0 0.7198567708333333 0.9570457175925926 0.07799479166666656 0.08590856481481479
0 0.13658854166666667 0.6328414351851852 0.064453125 0.06173321759259265