0 0.5537109375 0.880859375 0.064453125 0.0634765625
0 0.2548828125 0.66796875 0.0859375 0.0732421875
0 0.8818359375 0.755859375 0.068359375 0.0634765625
0 0.0712890625 0.302734375 0.0576171875 0.052734375
0 0.7314453125 0.212890625 0.0615234375 0.060546875
0 0.1455078125 0.4541015625 0.048828125 0.048828125
0 0.8125 0.193359375 0.0615234375 0.06640625
0 0.125 0.95703125 0.0703125 0.0654296875
0 0.599609375 0.6904296875 0.0673828125 0.06640625
0 0.2822265625 0.7890625 0.052734375 0.0517578125
0 0.7998046875 0.1015625 0.0595703125 0.0654296875
0 0.7333984375 0.376953125 0.05859375 0.05859375
0 0.64453125 0.6025390625 0.064453125 0.0732421875
0 0.248046875 0.482421875 0.0556640625 0.05078125
0 0.109375 0.4296875 0.0439453125 0.0478515625
0 0.779296875 0.6865234375 0.0615234375 0.064453125
0 0.8671875 0.177734375 0.0478515625 0.044921875
0 0.1796875 0.1279296875 0.046875 0.0458984375
0 0.5673828125 0.193359375 0.05078125 0.0498046875
0 0.603515625 0.2470703125 0.064453125 0.0654296875
0 0.0712890625 0.5615234375 0.052734375 0.0537109375
0 0.5400390625 0.7451171875 0.048828125 0.046875
0 0.5 0.3193359375 0.0478515625 0.0458984375
0 0.2158203125 0.3369140625 0.0625 0.06640625
0 0.7001953125 0.5703125 0.0537109375 0.0537109375
0 0.873046875 0.138671875 0.046875 0.044921875
0 0.626953125 0.806640625 0.064453125 0.0595703125
0 0.8388671875 0.322265625 0.05859375 0.0595703125
0 0.4375 0.4150390625 0.044921875 0.0400390625
0 0.345703125 0.7470703125 0.0732421875 0.08203125
0 0.7939453125 0.9365234375 0.052734375 0.0498046875
0 0.1328125 0.736328125 0.048828125 0.05078125
0 0.9697265625 0.798828125 0.0517578125 0.0654296875
0 0.908203125 0.8662109375 0.072265625 0.0927734375
0 0.400390625 0.6630859375 0.0439453125 0.0478515625
0 0.9072265625 0.9765625 0.0634765625 0.044921875
0 0.1279296875 0.076171875 0.0390625 0.0439453125
0 0.794921875 0.5869140625 0.052734375 0.0517578125
0 0.4150390625 0.4931640625 0.052734375 0.048828125
0 0.2734375 0.8828125 0.0712890625 0.0751953125
0 0.23046875 0.6025390625 0.0576171875 0.0556640625
0 0.7958984375 0.3916015625 0.0654296875 0.0634765625
0 0.375 0.0537109375 0.052734375 0.0458984375