0 0.2316695601851852 0.24776475694444444 0.08482349537037037 0.08126446759259265
0 0.9128327546296295 0.7244285300925926 0.08321759259259265 0.08709490740740744
0 0.9417679398148149 0.15709635416666667 0.05390624999999982 0.0534866898148148
0 0.5028645833333334 0.37081163194444444 0.07850115740740726 0.07336516203703702
0 0.6028428819444445 0.0339771412037037 0.09631076388888893 0.0679542824074074
0 0.7550636574074074 0.014178240740740741 0.06481481481481488 0.028356481481481483
0 0.02253327546296296 0.1658275462962963 0.03002025462962963 0.07850115740740737
0 0.4852430555555556 0.9311342592592593 0.11148726851851842 0.10312499999999991
0 0.4317563657407407 0.5233651620370371 0.0766637731481481 0.07528935185185182
0 0.20278501157407408 0.7994574652777777 0.09344618055555554 0.09505208333333348
0 0.9574942129629629 0.653392650462963 0.06850405092592604 0.06931423611111098
0 0.2802951388888889 0.7054542824074075 0.09286747685185182 0.08528645833333348
0 0.5693648726851852 0.4538845486111111 0.0894241898148147 0.09304108796296295
0 0.2889539930555556 0.4062355324074074 0.0907986111111111 0.08330439814814816
0 0.3294849537037037 0.8757740162037038 0.07838541666666665 0.07141203703703702
0 0.39989149305555555 0.6948857060185185 0.07447916666666665 0.07135416666666661
0 0.9950846354166667 0.39950810185185187 0.009830729166666607 0.07269965277777779
0 0.4838324652777778 0.46199363425925927 0.09321469907407409 0.09114583333333337
0 0.0953052662037037 0.272265625 0.08493923611111112 0.08321759259259254
0 0.37179542824074074 0.8145471643518518 0.0805700231481481 0.07534722222222223
0 0.34759114583333334 0.5050636574074074 0.06838831018518521 0.06736111111111098
0 0.5004629629629629 0.5282118055555556 0.08964120370370354 0.06377314814814805
0 0.7372395833333334 0.7631944444444445 0.06378761574074066 0.055584490740740566
0 0.21287615740740742 0.09556568287037037 0.07459490740740743 0.07330729166666666
0 0.30950520833333334 0.24172453703703703 0.07494212962962965 0.07916666666666666
0 0.7349971064814815 0.23053385416666666 0.06206597222222232 0.05946180555555558
0 0.9200159143518518 0.2023799189814815 0.06390335648148149 0.05753761574074079
0 0.7801359953703704 0.20054253472222222 0.08712384259259265 0.08715277777777775
0 0.6348307291666666 0.7998987268518518 0.06804108796296315 0.06150173611111098
0 0.6768952546296296 0.9654369212962963 0.0625144675925926 0.03410011574074079
0 0.7308376736111111 0.3087890625 0.07252604166666665 0.07132523148148151
0 0.042578124999999994 0.2896629050925926 0.056915509259259256 0.10426793981481475
0 0.3615162037037037 0.030808738425925925 0.05746527777777777 0.047685185185185185