0 0.5647424768518519 0.9087962962962963 0.0991898148148147 0.09318576388888888
0 0.9152560763888888 0.14743200231481482 0.11378761574074092 0.10901331018518517
0 0.2138527199074074 0.8203269675925926 0.06873553240740737 0.07322048611111098
0 0.40283564814814815 0.7101996527777779 0.09286747685185182 0.08528645833333348
0 0.573538773148148 0.23347800925925927 0.1070023148148147 0.0933015046296296
0 0.5672309027777778 0.6033637152777778 0.07896412037037037 0.08117766203703702
0 0.32635995370370374 0.7493851273148149 0.07229456018518521 0.0674189814814814
0 0.6373625578703703 0.09495804398148149 0.09275173611111098 0.08333333333333334
0 0.24871961805555554 0.9564091435185185 0.07297453703703705 0.04596354166666661
0 0.5805483217592593 0.49388744212962965 0.09907407407407409 0.09123263888888888
0 0.9189525462962963 0.6283998842592593 0.07057291666666665 0.07129629629629619
0 0.7840639467592593 0.6489366319444445 0.07034143518518521 0.06739004629629619
0 0.8227719907407407 0.8025245949074074 0.08263888888888893 0.07732928240740744
0 0.40065827546296295 0.1706669560185185 0.06631944444444438 0.06537905092592589
0 0.00028935185185185314 0.5505497685185186 0.0005787037037037063 0.06686921296296289
0 0.1387225115740741 0.9355975115740741 0.09952256944444443 0.06587094907407409
0 0.8505642361111111 0.30060040509259256 0.08758680555555554 0.09496527777777786
0 0.3799189814814815 0.5700376157407407 0.09240451388888893 0.07747395833333326
0 0.8243272569444444 0.397583912037037 0.10274884259259265 0.0873842592592593
0 0.6598741319444444 0.7688368055555556 0.06815682870370376 0.0634548611111112
0 0.30753038194444443 0.06276765046296295 0.05815972222222221 0.059403935185185164
0 0.9328269675925926 0.5589192708333333 0.06482928240740726 0.07316261574074057
0 0.5677517361111111 0.06769386574074074 0.05999710648148149 0.05747974537037037
0 0.7337239583333333 0.955078125 0.059881365740740655 0.05552662037037037
0 0.17141203703703706 0.5321469907407408 0.08114872685185182 0.08511284722222223
0 0.7028501157407407 0.6198929398148149 0.08045428240740748 0.07339409722222223
0 0.10272714120370371 0.3575376157407407 0.07596932870370371 0.06357060185185182
0 0.16588541666666667 0.03266782407407407 0.06378761574074077 0.05558449074074075
0 0.002502893518518519 0.6822989004629629 0.005005787037037038 0.08462094907407414
0 0.0427734375 0.44721498842592594 0.07861689814814815 0.07531828703703702
0 0.8378399884259259 0.36713686342592594 0.11299189814814814 0.12851562500000002
0 0.41675347222222225 0.40947627314814816 0.05355902777777777 0.04762731481481475
0 0.1199001736111111 0.23239293981481482 0.05448495370370371 0.0632523148148148
0 0.08990162037037036 0.12941261574074076 0.06195023148148149 0.05750868055555558