0 0.552734375 0.330078125 0.078125 0.0771484375
0 0.87890625 0.853515625 0.0869140625 0.0927734375
0 0.830078125 0.384765625 0.064453125 0.0654296875
0 0.392578125 0.9013671875 0.0732421875 0.078125
0 0.580078125 0.97265625 0.0595703125 0.0546875
0 0.5625 0.13671875 0.0517578125 0.0498046875
0 0.9091796875 0.119140625 0.056640625 0.060546875
0 0.8037109375 0.6376953125 0.0791015625 0.0751953125
0 0.478515625 0.5478515625 0.0673828125 0.072265625
0 0.1923828125 0.0361328125 0.083984375 0.072265625
0 0.232421875 0.8916015625 0.056640625 0.0537109375
0 0.169921875 0.1953125 0.0693359375 0.064453125
0 0.87109375 0.7333984375 0.0830078125 0.0751953125
0 0.4658203125 0.7802734375 0.0703125 0.0654296875
0 0.126953125 0.7470703125 0.0546875 0.0556640625
0 0.265625 0.7744140625 0.0625 0.0595703125
0 0.0205078125 0.0283203125 0.0400390625 0.05078125
0 0.7919921875 0.830078125 0.0576171875 0.0625
0 0.1904296875 0.7998046875 0.0634765625 0.0625
0 0.072265625 0.8701171875 0.060546875 0.0556640625
0 0.0712890625 0.3955078125 0.0908203125 0.0810546875
0 0.1220703125 0.556640625 0.0732421875 0.076171875
0 0.04296875 0.96484375 0.07421875 0.0673828125
0 0.1201171875 0.9755859375 0.056640625 0.048828125
0 0.58203125 0.048828125 0.0478515625 0.044921875
0 0.1650390625 0.501953125 0.052734375 0.0537109375
0 0.041015625 0.125 0.0546875 0.0537109375
0 0.025390625 0.447265625 0.0498046875 0.0595703125
0 0.7998046875 0.0302734375 0.0556640625 0.052734375
0 0.1298828125 0.650390625 0.072265625 0.0615234375
0 0.7939453125 0.3349609375 0.0498046875 0.05078125
0 0.9462890625 0.3466796875 0.03515625 0.044921875
0 0.9443359375 0.181640625 0.0576171875 0.064453125
0 0.2421875 0.4609375 0.046875 0.04296875
0 0.673828125 0.8359375 0.0400390625 0.037109375
0 0.0400390625 0.7021484375 0.0517578125 0.060546875
0 0.0439453125 0.79296875 0.0732421875 0.08203125
0 0.0234375 0.322265625 0.0458984375 0.044921875
0 0.115234375 0.205078125 0.0419921875 0.0556640625