0 0.599609375 0.587890625 0.0654296875 0.0595703125
0 0.46484375 0.70703125 0.0654296875 0.0595703125
0 0.39453125 0.76171875 0.0546875 0.052734375
0 0.2958984375 0.8408203125 0.0576171875 0.0576171875
0 0.3525390625 0.9697265625 0.0751953125 0.0546875
0 0.53515625 0.2373046875 0.0849609375 0.0654296875
0 0.8603515625 0.12109375 0.08984375 0.0927734375
0 0.8251953125 0.2783203125 0.0751953125 0.087890625
0 0.65234375 0.8896484375 0.0654296875 0.0751953125
0 0.416015625 0.5810546875 0.0625 0.0625
0 0.1904296875 0.0322265625 0.0751953125 0.0595703125
0 0.8876953125 0.7490234375 0.0546875 0.0673828125
0 0.951171875 0.5771484375 0.0625 0.0595703125
0 0.5966796875 0.4873046875 0.072265625 0.0751953125
0 0.5810546875 0.103515625 0.072265625 0.072265625
0 0.404296875 0.2958984375 0.0537109375 0.0595703125
0 0.2265625 0.240234375 0.05859375 0.0625
0 0.3193359375 0.5341796875 0.0478515625 0.0458984375
0 0.1328125 0.736328125 0.046875 0.0458984375
0 0.1103515625 0.6689453125 0.0400390625 0.05078125
0 0.7490234375 0.1513671875 0.0537109375 0.0615234375
0 0.779296875 0.7734375 0.0478515625 0.044921875
0 0.240234375 0.9736328125 0.05078125 0.052734375
0 0.03125 0.7294921875 0.060546875 0.06640625
0 0.0458984375 0.6513671875 0.0498046875 0.0458984375
0 0.0595703125 0.341796875 0.0439453125 0.0517578125
0 0.10546875 0.291015625 0.0302734375 0.0458984375
0 0.0595703125 0.2021484375 0.033203125 0.041015625
0 0.73046875 0.7392578125 0.0361328125 0.0458984375
0 0.3720703125 0.4091796875 0.052734375 0.056640625
0 0.3681640625 0.2138671875 0.0498046875 0.0361328125
0 0.2607421875 0.4189453125 0.05078125 0.0458984375
0 0.728515625 0.6025390625 0.0458984375 0.037109375
0 0.5830078125 0.91796875 0.0556640625 0.0732421875
0 0.1162109375 0.529296875 0.048828125 0.0458984375