0 0.28125 0.1591796875 0.0927734375 0.072265625
0 0.12890625 0.138671875 0.1025390625 0.0771484375
0 0.02734375 0.138671875 0.0546875 0.052734375
0 0.2861328125 0.6201171875 0.1376953125 0.125
0 0.767578125 0.6396484375 0.044921875 0.0546875
0 0.8427734375 0.57421875 0.0751953125 0.0771484375
0 0.59375 0.3466796875 0.087890625 0.0771484375
0 0.0341796875 0.7236328125 0.0673828125 0.0625
0 0.0341796875 0.9287109375 0.0673828125 0.0673828125
0 0.4228515625 0.8095703125 0.0546875 0.0751953125
0 0.8408203125 0.7275390625 0.072265625 0.0703125
0 0.5390625 0.7529296875 0.09765625 0.08984375
0 0.822265625 0.9638671875 0.0546875 0.0673828125
0 0.298828125 0.88671875 0.0927734375 0.0625
0 0.7490234375 0.2421875 0.09765625 0.0947265625
0 0.8828125 0.146484375 0.08984375 0.0771484375
0 0.5322265625 0.0439453125 0.0947265625 0.0771484375
0 0.5908203125 0.193359375 0.142578125 0.15234375
0 0.224609375 0.9150390625 0.0947265625 0.0947265625
0 0.0341796875 0.0361328125 0.0673828125 0.072265625
0 0.931640625 0.087890625 0.072265625 0.0703125
0 0.8974609375 0.2412109375 0.0595703125 0.0478515625
0 0.8583984375 0.353515625 0.1025390625 0.1025390625
0 0.1376953125 0.7236328125 0.0595703125 0.08203125
0 0.3486328125 0.353515625 0.0654296875 0.0634765625
0 0.3564453125 0.2783203125 0.07421875 0.0576171875
0 0.62109375 0.0654296875 0.1103515625 0.0810546875
0 0.2939453125 0.095703125 0.0537109375 0.041015625
0 0.244140625 0.740234375 0.0537109375 0.0712890625
0 0.9453125 0.779296875 0.056640625 0.0595703125
0 0.7421875 0.7919921875 0.0576171875 0.0546875
0 0.2890625 0.80859375 0.0498046875 0.0517578125
0 0.0791015625 0.9755859375 0.060546875 0.048828125
0 0.169921875 0.4599609375 0.068359375 0.0654296875
0 0.283203125 0.314453125 0.068359375 0.0634765625
0 0.673828125 0.5322265625 0.060546875 0.064453125
0 0.6044921875 0.4033203125 0.0615234375 0.0517578125
0 0.529296875 0.6708984375 0.056640625 0.056640625
0 0.365234375 0.51171875 0.0478515625 0.0546875
0 0.5830078125 0.869140625 0.05859375 0.0537109375
0 0.3759765625 0.953125 0.0654296875 0.0615234375
0 0.05859375 0.828125 0.060546875 0.0576171875
0 0.466796875 0.421875 0.05078125 0.048828125
0 0.134765625 0.2373046875 0.1484375 0.1259765625
0 0.9609375 0.44140625 0.0595703125 0.068359375
0 0.529296875 0.4541015625 0.0419921875 0.0439453125
0 0.212890625 0.0439453125 0.07421875 0.0478515625