0 0.2939453125 0.3701171875 0.1025390625 0.115234375
0 0.2158203125 0.4912109375 0.1123046875 0.1025390625
0 0.107421875 0.20703125 0.150390625 0.1298828125
0 0.2333984375 0.205078125 0.107421875 0.1298828125
0 0.6923828125 0.5048828125 0.1904296875 0.16015625
0 0.34375 0.6337890625 0.15234375 0.1025390625
0 0.197265625 0.6103515625 0.10546875 0.0947265625
0 0.1484375 0.34765625 0.1220703125 0.115234375
0 0.7177734375 0.1962890625 0.1103515625 0.1171875
0 0.8896484375 0.673828125 0.1201171875 0.1171875
0 0.66796875 0.923828125 0.099609375 0.1025390625
0 0.1962890625 0.8759765625 0.197265625 0.1328125
0 0.798828125 0.0625 0.2275390625 0.099609375
0 0.947265625 0.3271484375 0.099609375 0.099609375
0 0.4140625 0.4638671875 0.099609375 0.09765625
0 0.5 0.3056640625 0.1376953125 0.126953125
0 0.33984375 0.0927734375 0.162109375 0.1162109375
0 0.1796875 0.05859375 0.171875 0.09765625
0 0.365234375 0.203125 0.1279296875 0.1181640625
0 0.455078125 0.1611328125 0.09375 0.0966796875
0 0.5859375 0.1748046875 0.125 0.119140625
0 0.49609375 0.12109375 0.099609375 0.0927734375
0 0.8017578125 0.322265625 0.111328125 0.1240234375
0 0.6865234375 0.330078125 0.0947265625 0.0810546875
0 0.5361328125 0.4501953125 0.1142578125 0.130859375
0 0.9208984375 0.4306640625 0.0791015625 0.0625
0 0.96875 0.478515625 0.0556640625 0.0673828125
0 0.9189453125 0.51171875 0.07421875 0.07421875
0 0.0966796875 0.681640625 0.078125 0.0849609375
0 0.0390625 0.7041015625 0.0576171875 0.0791015625
0 0.1484375 0.80078125 0.07421875 0.0771484375
0 0.091796875 0.7724609375 0.068359375 0.08984375
0 0.509765625 0.96484375 0.083984375 0.0703125
0 0.5390625 0.794921875 0.095703125 0.0908203125
0 0.6376953125 0.6826171875 0.1845703125 0.1259765625
0 0.685546875 0.935546875 0.0791015625 0.0771484375
0 0.4404296875 0.6201171875 0.0693359375 0.0810546875
0 0.81640625 0.9462890625 0.046875 0.048828125
0 0.34375 0.80859375 0.060546875 0.0634765625
0 0.3974609375 0.30078125 0.04296875 0.04296875
0 0.6455078125 0.80859375 0.099609375 0.107421875
0 0.734375 0.7431640625 0.0673828125 0.0673828125
0 0.7490234375 0.8115234375 0.076171875 0.068359375
0 0.7822265625 0.857421875 0.052734375 0.060546875
0 0.3408203125 0.533203125 0.0498046875 0.0576171875
0 0.0341796875 0.771484375 0.0673828125 0.068359375
0 0.5908203125 0.93359375 0.060546875 0.0537109375
0 0.9501953125 0.759765625 0.087890625 0.0712890625
0 0.958984375 0.6181640625 0.08203125 0.087890625
0 0.884765625 0.5732421875 0.09375 0.078125
0 0.537109375 0.0810546875 0.0732421875 0.0732421875
0 0.3603515625 0.0224609375 0.150390625 0.044921875