0 0.5673828125 0.8212890625 0.0625 0.0615234375
0 0.1064453125 0.142578125 0.068359375 0.06640625
0 0.328125 0.3125 0.0673828125 0.064453125
0 0.2978515625 0.111328125 0.0947265625 0.095703125
0 0.046875 0.9521484375 0.08203125 0.0732421875
0 0.49609375 0.173828125 0.0908203125 0.08984375
0 0.53515625 0.052734375 0.14453125 0.10546875
0 0.689453125 0.748046875 0.072265625 0.0810546875
0 0.8291015625 0.56640625 0.0830078125 0.0732421875
0 0.3603515625 0.4521484375 0.0927734375 0.0791015625
0 0.19140625 0.19921875 0.06640625 0.072265625
0 0.2353515625 0.44921875 0.0673828125 0.0615234375
0 0.1298828125 0.7373046875 0.0703125 0.06640625
0 0.9658203125 0.7578125 0.068359375 0.08984375
0 0.8564453125 0.8671875 0.0673828125 0.064453125
0 0.9189453125 0.04296875 0.072265625 0.0751953125
0 0.8125 0.234375 0.0625 0.0654296875
0 0.5712890625 0.9072265625 0.119140625 0.1064453125
0 0.5126953125 0.349609375 0.0654296875 0.0615234375
0 0.3251953125 0.3759765625 0.0859375 0.0869140625
0 0.0634765625 0.525390625 0.0576171875 0.0576171875
0 0.13671875 0.470703125 0.0458984375 0.0517578125
0 0.498046875 0.251953125 0.091796875 0.08984375
0 0.0419921875 0.1416015625 0.0693359375 0.072265625
0 0.0859375 0.802734375 0.0556640625 0.0576171875
0 0.0576171875 0.03515625 0.08984375 0.0703125
0 0.03125 0.4970703125 0.05859375 0.0615234375
0 0.6376953125 0.0185546875 0.064453125 0.037109375
0 0.876953125 0.193359375 0.078125 0.076171875
0 0.677734375 0.9189453125 0.072265625 0.0791015625
0 0.7646484375 0.455078125 0.0576171875 0.0517578125
0 0.388671875 0.783203125 0.0537109375 0.0517578125
0 0.22265625 0.3134765625 0.056640625 0.0625
0 0.2109375 0.669921875 0.048828125 0.0478515625
0 0.0166015625 0.392578125 0.0322265625 0.0703125
0 0.666015625 0.126953125 0.0810546875 0.0849609375
0 0.5947265625 0.544921875 0.111328125 0.1005859375
0 0.126953125 0.5703125 0.072265625 0.0625
0 0.236328125 0.52734375 0.0576171875 0.048828125
0 0.1337890625 0.015625 0.0625 0.0302734375
0 0.0283203125 0.708984375 0.052734375 0.05859375
0 0.6875 0.255859375 0.0712890625 0.0556640625
0 0.8056640625 0.77734375 0.0478515625 0.044921875
0 0.0302734375 0.576171875 0.056640625 0.0693359375
0 0.4462890625 0.2001953125 0.060546875 0.0625
0 0.1376953125 0.673828125 0.048828125 0.052734375
0 0.7509765625 0.029296875 0.0908203125 0.0576171875
0 0.0576171875 0.86328125 0.0986328125 0.1123046875
0 0.6357421875 0.353515625 0.1298828125 0.1220703125
0 0.21875 0.9423828125 0.083984375 0.083984375
0 0.1953125 0.1416015625 0.080078125 0.087890625
0 0.037109375 0.638671875 0.056640625 0.0576171875
0 0.13671875 0.2490234375 0.0615234375 0.0576171875
0 0.76953125 0.11328125 0.087890625 0.087890625
0 0.3740234375 0.54296875 0.076171875 0.0654296875
0 0.2001953125 0.8271484375 0.0576171875 0.05859375
0 0.04296875 0.3115234375 0.064453125 0.068359375
0 0.39453125 0.1669921875 0.0576171875 0.0751953125
0 0.87109375 0.7109375 0.0615234375 0.0693359375