0 0.5914713541666666 0.3637514467592593 0.09063946759259256 0.09295428240740744
0 0.19643373842592593 0.3589048032407407 0.09411168981481477 0.08723958333333326
0 0.7763671875 0.39196325231481477 0.11205150462962954 0.11906828703703698
0 0.3667896412037037 0.5571108217592593 0.10489004629629628 0.10127314814814814
0 0.12789351851851852 0.01197193287037037 0.07624421296296297 0.02394386574074074
0 0.9675564236111112 0.2563295717592593 0.0272714120370372 0.07892071759259256
0 0.03432436342592592 0.8950376157407407 0.06864872685185185 0.06749131944444442
0 0.39265046296296297 0.43149594907407407 0.10337094907407407 0.10706018518518523
0 0.28508391203703703 0.5163122106481481 0.09049479166666663 0.09100115740740744
0 0.07230179398148148 0.1677517361111111 0.07306134259259259 0.09230324074074076
0 0.8279803240740741 0.8916015625 0.07154224537037046 0.09809027777777768
0 0.13172743055555555 0.1937934027777778 0.08166956018518517 0.07703993055555558
0 0.5217013888888888 0.4773582175925926 0.11118344907407396 0.10734953703703709
0 0.06231915509259259 0.3025173611111111 0.09903067129629631 0.1010561342592593
0 0.3497178819444444 0.03233506944444445 0.08962673611111116 0.0646701388888889
0 0.44140625 0.7724971064814814 0.06864872685185186 0.05902777777777768
0 0.5551938657407407 0.05150462962962963 0.1025028935185186 0.09534143518518519
0 0.33658854166666663 0.8202039930555556 0.10293692129629628 0.10120081018518512
0 0.056333188657407406 0.6300998263888888 0.11266637731481481 0.12131076388888884
0 0.12228732638888887 0.807689525462963 0.1384548611111111 0.13368055555555536
0 0.8820529513888888 0.6743706597222222 0.08268229166666652 0.09071180555555558
0 0.9659288194444444 0.08109085648148148 0.05541087962962976 0.06438078703703703
0 0.46303530092592593 0.6645688657407407 0.08897569444444442 0.09678819444444442
0 0.8871889467592593 0.23690682870370372 0.09678819444444464 0.09707754629629628
0 0.14652054398148145 0.6120153356481481 0.06727430555555558 0.06676793981481488
0 0.7426215277777777 0.17701099537037035 0.0771846064814814 0.06908275462962965
0 0.3841869212962963 0.4931640625 0.1299189814814814 0.17621527777777768
0 0.7798032407407407 0.06948061342592592 0.0879629629629628 0.08311631944444445
0 0.8666087962962963 0.08087384259259259 0.115234375 0.10944733796296297
0 0.2772352430555556 0.42505787037037035 0.08600983796296302 0.0830439814814814
0 0.9043692129629629 0.4388382523148148 0.11299189814814814 0.10546875
0 0.7715205439814814 0.22073929398148148 0.0801504629629628 0.08282696759259262
0 0.1743706597222222 0.7093460648148149 0.07747395833333337 0.07298900462962976
0 0.5571469907407407 0.9191623263888888 0.08138020833333348 0.07313368055555536
0 0.3873336226851852 0.22717737268518517 0.1338252314814815 0.12377025462962965
0 0.5381944444444444 0.17581741898148145 0.0966435185185186 0.09512442129629628
0 0.12764033564814814 0.3672960069444444 0.07385706018518517 0.07675057870370372
0 0.6077473958333333 0.6173321759259259 0.08029513888888884 0.08478009259259256
0 0.7219690393518519 0.9422743055555556 0.08817997685185186 0.05975115740740744
0 0.28974971064814814 0.9134837962962963 0.10944733796296302 0.08391203703703698
0 0.8026258680555556 0.7737268518518519 0.07863136574074092 0.08861400462962976