0 0.7873625578703703 0.1569950810185185 0.11682581018518512 0.10241608796296298
0 0.9424189814814814 0.15365306712962962 0.1034432870370372 0.10941840277777781
0 0.6762514467592593 0.6576099537037037 0.1778067129629628 0.1703414351851853
0 0.15737123842592593 0.6182002314814814 0.06112557870370372 0.07183159722222232
0 0.09215856481481483 0.5372902199074074 0.09932002314814814 0.10332754629629637
0 0.41001157407407407 0.3216218171296297 0.11306423611111116 0.10609085648148153
0 0.8999927662037037 0.7992838541666667 0.04173900462962976 0.07458043981481488
0 0.48701533564814814 0.8471426504629629 0.0776186342592593 0.0961950231481481
0 0.05772569444444444 0.7040075231481482 0.09505208333333333 0.0933304398148147
0 0.3758680555555556 0.7699291087962963 0.12536168981481488 0.12241030092592586
0 0.6017433449074074 0.9329137731481482 0.11349826388888884 0.06519097222222214
0 0.2687355324074074 0.1896773726851852 0.12753182870370372 0.1283854166666667
0 0.14756944444444445 0.06725983796296296 0.11508969907407407 0.10815972222222223
0 0.5443431712962963 0.02752459490740741 0.11834490740740744 0.05504918981481482
0 0.44831452546296297 0.15564959490740743 0.18872974537037035 0.2021701388888889
0 0.6784215856481481 0.9410373263888889 0.11451099537037046 0.039916087962962976
0 0.11338975694444445 0.021238425925925924 0.0818142361111111 0.04247685185185185
0 0.10970052083333333 0.1688946759259259 0.0765335648148148 0.06689814814814815
0 0.12547019675925924 0.29560908564814814 0.1357060185185185 0.13861400462962958
0 0.8117042824074074 0.7889250578703704 0.08376736111111116 0.10435474537037037
0 0.6716579861111112 0.3606843171296296 0.0849971064814814 0.0849392361111111
0 0.679615162037037 0.27738715277777776 0.09461805555555536 0.08161168981481481
0 0.44458912037037035 0.03467158564814815 0.1381655092592593 0.0693431712962963
0 0.7880497685185186 0.08582175925925926 0.0684317129629628 0.05862268518518518
0 0.6936125578703703 0.7939742476851852 0.07356770833333326 0.09205729166666665
0 0.14916087962962962 0.7872612847222222 0.07486979166666669 0.07459490740740748
0 0.6306785300925926 0.8620153356481481 0.06488715277777768 0.06815682870370376
0 0.8370949074074074 0.4980179398148148 0.08904803240740744 0.08907696759259265
0 0.749927662037037 0.3258391203703703 0.08897569444444464 0.08712384259259265
0 0.28208188657407407 0.5133680555555555 0.07913773148148151 0.08459201388888893
0 0.3853804976851852 0.38154658564814814 0.07870370370370372 0.07287326388888893
0 0.40541811342592593 0.6824291087962964 0.07494212962962965 0.07654803240740726
0 0.6166449652777778 0.5305700231481482 0.06503182870370372 0.07206307870370376
0 0.3012152777777778 0.8912832754629629 0.07675057870370372 0.0727575231481481
0 0.8656684027777778 0.910452835648148 0.06119791666666674 0.07378472222222232
0 0.5282118055555556 0.41888020833333334 0.06676793981481488 0.06631944444444449
0 0.9111328125 0.26171875 0.16037326388888884 0.17320601851851847
0 0.01958550347222222 0.3781467013888889 0.03917100694444444 0.08274016203703705
0 0.4541015625 0.44665798611111107 0.05475983796296302 0.057812500000000044
0 0.8862123842592593 0.0400535300925926 0.09230324074074092 0.07173032407407408