0 0.4384765625 0.2802734375 0.109375 0.109375
0 0.3466796875 0.619140625 0.09375 0.0888671875
0 0.125 0.1357421875 0.0888671875 0.080078125
0 0.6552734375 0.6259765625 0.060546875 0.0615234375
0 0.509765625 0.9296875 0.0908203125 0.076171875
0 0.4072265625 0.1669921875 0.095703125 0.08984375
0 0.427734375 0.4306640625 0.0732421875 0.068359375
0 0.458984375 0.4814453125 0.046875 0.05078125
0 0.205078125 0.2060546875 0.068359375 0.076171875
0 0.017578125 0.251953125 0.03515625 0.0625
0 0.3642578125 0.4892578125 0.0810546875 0.080078125
0 0.12890625 0.177734375 0.080078125 0.0703125
0 0.9453125 0.9833984375 0.046875 0.033203125
0 0.951171875 0.60546875 0.0556640625 0.0625
0 0.052734375 0.0810546875 0.068359375 0.07421875
0 0.8818359375 0.5224609375 0.0625 0.0634765625
0 0.9619140625 0.6611328125 0.0615234375 0.05859375
0 0.298828125 0.1376953125 0.0947265625 0.099609375
0 0.8544921875 0.4013671875 0.056640625 0.060546875
0 0.880859375 0.125 0.0625 0.05859375
0 0.3984375 0.82421875 0.0830078125 0.078125
0 0.8955078125 0.9619140625 0.0556640625 0.048828125
0 0.0302734375 0.6962890625 0.0595703125 0.0771484375
0 0.1552734375 0.6708984375 0.0517578125 0.0595703125
0 0.5576171875 0.537109375 0.0771484375 0.0810546875
0 0.6630859375 0.5595703125 0.0556640625 0.0419921875
0 0.0830078125 0.806640625 0.044921875 0.0458984375
0 0.0869140625 0.888671875 0.04296875 0.044921875
0 0.1787109375 0.330078125 0.0537109375 0.0625
0 0.61328125 0.1357421875 0.0458984375 0.0400390625
0 0.5205078125 0.3505859375 0.076171875 0.0595703125
0 0.7470703125 0.5205078125 0.0634765625 0.0537109375
0 0.8408203125 0.7431640625 0.05078125 0.0546875
0 0.90625 0.7275390625 0.0390625 0.046875
0 0.087890625 0.935546875 0.046875 0.0380859375