0 0.4568359375 0.9534071180555556 0.10652488425925932 0.09318576388888888
0 0.06428674768518518 0.16050347222222222 0.1226707175925926 0.12178819444444444
0 0.8292824074074074 0.8479600694444445 0.0746383101851853 0.08168402777777772
0 0.6259910300925926 0.7390190972222221 0.10043402777777777 0.09592013888888884
0 0.431517650462963 0.23600260416666669 0.11439525462962963 0.1059895833333333
0 0.448119212962963 0.6316189236111112 0.08469328703703705 0.09166666666666679
0 0.7081452546296296 0.7779296875 0.07831307870370363 0.07395833333333335
0 0.3588758680555556 0.08995225694444445 0.10037615740740735 0.0939670138888889
0 0.431004050925926 0.5151041666666667 0.10652488425925921 0.10386284722222205
0 0.07370515046296297 0.6759982638888888 0.07458043981481483 0.07973090277777795
0 0.2156539351851852 0.6908637152777778 0.0744646990740741 0.07582465277777772
0 0.17964409722222224 0.8588975694444444 0.09037905092592591 0.0859375
0 0.6147207754629629 0.16102430555555555 0.07245370370370363 0.07382812500000002
0 0.9084346064814814 0.9502387152777778 0.09869791666666661 0.03732638888888884
0 0.13638599537037038 0.3211805555555556 0.09486400462962963 0.10555555555555562
0 0.6468677662037037 0.5872395833333333 0.10020254629629632 0.08810763888888884
0 0.1677445023148148 0.4243489583333333 0.11025752314814818 0.09809027777777768
0 0.35303096064814815 0.8149305555555555 0.07239583333333333 0.07187499999999991
0 0.7117476851851852 0.04314236111111111 0.06412037037037033 0.056076388888888884
0 0.055910011574074076 0.6024088541666667 0.06877893518518519 0.08155381944444451
0 0.4330295138888889 0.05646701388888889 0.06435185185185188 0.06388888888888888
0 0.27643952546296297 0.9935980902777778 0.0649739583333333 0.01280381944444442
0 0.8679036458333333 0.5375 0.08871527777777777 0.09565972222222219
0 0.30347945601851856 0.6576822916666667 0.08836805555555549 0.08394097222222219
0 0.9373697916666666 0.3458116319444444 0.08216145833333321 0.07209201388888897
0 0.9817021122685186 0.43964843750000004 0.03659577546296289 0.07721354166666661
0 0.15211226851851853 0.3908203125 0.12324942129629629 0.14131944444444444
0 0.6027994791666667 0.4174262152777778 0.05820312499999991 0.05399305555555556
0 0.9158275462962964 0.21163194444444444 0.0606192129629628 0.06966145833333337
0 0.9262586805555556 0.10256076388888889 0.030975115740740744 0.05729166666666666