0 0.5829137731481482 0.5833260995370371 0.08574942129629637 0.09688946759259265
0 0.6451533564814815 0.7774377893518518 0.08206018518518521 0.06756365740740744
0 0.42918113425925924 0.29419126157407405 0.08470775462962965 0.07931134259259265
0 0.6558738425925925 0.2009548611111111 0.0894241898148147 0.09304108796296295
0 0.5215133101851852 0.8643952546296296 0.08770254629629637 0.09691840277777786
0 0.7895254629629629 0.8098234953703703 0.0805700231481481 0.07534722222222223
0 0.1892505787037037 0.06524884259259259 0.061834490740740766 0.05555555555555555
0 0.8501446759259259 0.9765914351851852 0.09641203703703694 0.046310763888888884
0 0.4724464699074074 0.05285734953703703 0.055975115740740766 0.05546875
0 0.7379195601851851 0.367064525462963 0.06252893518518521 0.06727430555555558
0 0.45874565972222225 0.3814670138888889 0.06815682870370376 0.0634548611111111
0 0.1306857638888889 0.9210503472222222 0.10781249999999998 0.10697337962962972
0 0.7212673611111111 0.9093098958333333 0.07413194444444438 0.06549479166666661
0 0.2950231481481481 0.5000289351851852 0.06401909722222232 0.05949074074074079
0 0.06065538194444444 0.6448640046296297 0.03586516203703703 0.045413773148148096
0 0.38558304398148147 0.2993995949074074 0.061834490740740655 0.05555555555555558
0 0.4480396412037037 0.5959635416666667 0.07643229166666665 0.07138310185185182
0 0.22799479166666667 0.9166377314814815 0.06241319444444443 0.06532118055555536
0 0.692310474537037 0.37126736111111114 0.06471354166666687 0.07120949074074079
0 0.37029079861111114 0.40357349537037035 0.0747106481481481 0.07526041666666661
0 0.24759114583333333 0.6710503472222222 0.053674768518518545 0.04958043981481475
0 0.03836082175925926 0.10399305555555556 0.058159722222222224 0.05940393518518519
0 0.9109375 0.8828486689814815 0.0942418981481481 0.07554976851851847
0 0.6175491898148149 0.5750578703703704 0.09826388888888893 0.07756076388888888
0 0.9990415219907407 0.3837528935185185 0.0019169560185186008 0.04518229166666665
0 0.05321903935185185 0.5852358217592593 0.03402777777777777 0.04733796296296289
0 0.4794560185185185 0.451048900462963 0.07873263888888893 0.07727141203703702
0 0.06657986111111111 0.2673538773148148 0.04804687499999999 0.053399884259259234
0 0.364453125 0.05808738425925926 0.06206597222222221 0.05946180555555555
0 0.031633391203703703 0.0892578125 0.0570167824074074 0.07304687500000001
0 0.44665798611111107 0.8525535300925926 0.08735532407407409 0.09105902777777786
0 0.0732277199074074 0.7582320601851852 0.03632812499999999 0.053226273148148096
0 0.2540075231481481 0.23598090277777778 0.05804398148148149 0.057450810185185164
0 0.805931712962963 0.8890986689814815 0.0614872685185186 0.04969618055555558
0 0.5981987847222222 0.9851924189814815 0.07055844907407405 0.02961516203703707
0 0.14147858796296298 0.6421585648148148 0.061834490740740766 0.05555555555555558
0 0.9215784143518518 0.7825086805555556 0.059765625000000044 0.05357349537037037
0 0.5758752893518518 0.11878616898148148 0.07413194444444438 0.06549479166666666
0 0.2947048611111111 0.8239583333333333 0.04460358796296293 0.06115451388888893
0 0.0863353587962963 0.3866825810185185 0.06655092592592593 0.069285300925926
0 0.08600983796296297 0.4305844907407408 0.053327546296296297 0.04372106481481475
0 0.15836950231481484 0.12040653935185186 0.060923032407407374 0.07310474537037037
0 0.9161241319444444 0.26237702546296293 0.0727575231481481 0.0752314814814814
0 0.7820963541666667 0.5033420138888889 0.057812500000000044 0.053544560185185164
0 0.6248408564814816 0.6981047453703704 0.06850405092592604 0.0693142361111112