0 0.02790798611111111 0.5356553819444445 0.05581597222222222 0.11818576388888902
0 0.7644097222222223 0.7045572916666667 0.13758680555555558 0.13294270833333321
0 0.7487847222222221 0.1320095486111111 0.08194444444444438 0.08754340277777778
0 0.11701388888888889 0.9762152777777777 0.13394097222222223 0.04756944444444455
0 0.6351128472222223 0.5844401041666667 0.0658854166666667 0.06731770833333339
0 0.6690321180555556 0.7736328125 0.08211805555555562 0.09535590277777795
0 0.7530164930555556 0.46944444444444444 0.061979166666666696 0.06714409722222214
0 0.7714626736111111 0.3871744791666667 0.06388888888888888 0.06527777777777777
0 0.9072916666666666 0.917165798611111 0.08012152777777759 0.09331597222222232
0 0.32148437500000004 0.22543402777777777 0.08389756944444438 0.08763020833333335
0 0.915842013888889 0.1804904513888889 0.07855902777777768 0.11080729166666664
0 0.7546440972222221 0.04429253472222222 0.10008680555555571 0.02591145833333333
0 0.5713324652777778 0.6832682291666666 0.06974826388888888 0.06553819444444442
0 0.5122829861111111 0.9963758680555556 0.07682291666666674 0.007248263888888884
0 0.12135416666666668 0.9174262152777778 0.08997395833333333 0.09765625
0 0.06746961805555556 0.8788628472222222 0.0779079861111111 0.0815104166666667
0 0.27065972222222223 0.9289496527777777 0.1274305555555555 0.11493055555555554
0 0.7517361111111112 0.3950954861111111 0.07968749999999991 0.07378472222222221
0 0.775217013888889 0.8340711805555556 0.07773437499999991 0.0736979166666667
0 0.25088975694444443 0.32298177083333335 0.07560763888888888 0.06579861111111107
0 0.07332899305555556 0.5272135416666667 0.06610243055555556 0.07708333333333339
0 0.9354383680555556 0.4423611111111111 0.06180555555555545 0.05933159722222214