0 0.0759765625 0.369140625 0.10632233796296295 0.115234375
0 0.6804108796296295 0.7568359375 0.12983217592592577 0.125
0 0.8564453125 0.263671875 0.07871817129629632 0.080078125
0 0.04126880787037037 0.8251953125 0.07131076388888889 0.134765625
0 0.6080512152777777 0.6123046875 0.06296296296296289 0.0625
0 0.5741825810185186 0.7861328125 0.07879050925925934 0.08984375
0 0.7482349537037036 0.552734375 0.05905671296296289 0.0625
0 0.7926793981481481 0.48828125 0.06099537037037028 0.060546875
0 0.7317997685185185 0.970703125 0.07855902777777768 0.05859375
0 0.4566044560185185 0.2060546875 0.08068576388888893 0.08203125
0 0.9718388310185185 0.3603515625 0.05632233796296293 0.107421875
0 0.9054108796296296 0.150390625 0.10827546296296298 0.115234375
0 0.5216145833333333 0.6767578125 0.06685474537037028 0.060546875
0 0.3556857638888889 0.9521484375 0.078587962962963 0.0625
0 0.8364221643518519 0.98828125 0.08415798611111125 0.0234375
0 0.05522280092592593 0.7314453125 0.08661747685185185 0.091796875
0 0.03043258101851852 0.6806640625 0.051374421296296297 0.080078125
0 0.1796802662037037 0.7900390625 0.12190393518518516 0.109375
0 0.7731481481481481 0.48828125 0.0747395833333333 0.0703125
0 0.9643301504629629 0.1650390625 0.07133969907407423 0.080078125
0 0.6451244212962963 0.87109375 0.0747395833333333 0.0703125
0 0.31015625 0.3427734375 0.07076099537037028 0.060546875
0 0.7182364004629629 0.1943359375 0.06290509259259247 0.0546875
0 0.17489149305555557 0.1435546875 0.0688802083333333 0.0703125
0 0.7628761574074074 0.8154296875 0.059042245370370505 0.060546875
0 0.9242621527777777 0.5859375 0.060995370370370505 0.060546875
0 0.3583767361111111 0.5244140625 0.06490162037037028 0.060546875
0 0.44847366898148144 0.55859375 0.057132523148148096 0.06640625
0 0.3843460648148148 0.734375 0.05313946759259258 0.0546875
0 0.48935185185185187 0.8037109375 0.05322627314814821 0.06640625
0 0.2632667824074074 0.8681640625 0.06686921296296289 0.0625
0 0.7693070023148147 0.892578125 0.06883680555555571 0.064453125
0 0.8357928240740741 0.1123046875 0.05704571759259269 0.0546875
0 0.35652488425925927 0.0107421875 0.048987268518518534 0.021484375
0 0.15319733796296298 0.37890625 0.08263888888888893 0.08203125
0 0.12528935185185186 0.4345703125 0.0669270833333333 0.0703125
0 0.20717592592592593 0.546875 0.06493055555555555 0.064453125
0 0.6954933449074074 0.2880859375 0.07675057870370372 0.078125
0 0.6501519097222223 0.4951171875 0.0630208333333333 0.0703125
0 0.927785011574074 0.666015625 0.06290509259259247 0.0546875
0 0.9498046874999999 0.474609375 0.07682291666666652 0.087890625
0 0.12876880787037037 0.904296875 0.05697337962962962 0.044921875
0 0.5295138888888888 0.9521484375 0.04923321759259247 0.0546875