0 0.5185908564814815 0.8609809027777777 0.0849971064814814 0.08129340277777786
0 0.8805338541666667 0.028877314814814814 0.07096354166666652 0.05775462962962963
0 0.6816044560185186 0.25440538194444445 0.09107349537037024 0.08723958333333337
0 0.6758174189814814 0.047200520833333336 0.1288339120370372 0.09440104166666667
0 0.47283709490740744 0.14623119212962962 0.1235532407407407 0.12090567129629631
0 0.4092158564814815 0.04935619212962963 0.17766203703703698 0.09871238425925925
0 0.3720341435185185 0.8123987268518519 0.1015625 0.1069155092592593
0 0.1847873263888889 0.6502242476851852 0.11103877314814814 0.09924768518518512
0 0.6737919560185185 0.4126374421296296 0.12311921296296302 0.10918692129629637
0 0.8093532986111112 0.09927662037037037 0.09129050925925908 0.09309895833333334
0 0.8087745949074074 0.37842881944444445 0.09092881944444442 0.08333333333333337
0 0.9534505208333333 0.6622612847222222 0.04622395833333348 0.08852719907407414
0 0.07541232638888888 0.8890190972222223 0.09599247685185186 0.1146412037037039
0 0.2130714699074074 0.9670138888888888 0.0900607638888889 0.05989583333333348
0 0.017903645833333332 0.12178096064814814 0.035807291666666664 0.06893807870370372
0 0.13961226851851852 0.28878761574074074 0.08521412037037035 0.08715277777777775
0 0.5294777199074074 0.9359736689814815 0.15256076388888884 0.11352719907407405
0 0.4881727430555556 0.33828125 0.0869502314814814 0.08132233796296295
0 0.6976273148148149 0.3224898726851852 0.11754918981481488 0.11691261574074074
0 0.9210431134259259 0.37774160879629626 0.0649594907407407 0.067332175925926
0 0.486328125 0.22996961805555557 0.12348090277777768 0.11895254629629631
0 0.061595775462962965 0.26066261574074073 0.1052517361111111 0.1011140046296296
0 0.4161241319444444 0.9659577546296296 0.09382233796296302 0.056047453703703676
0 0.23372395833333334 0.5148075810185185 0.07682291666666669 0.07141203703703702
0 0.7052228009259259 0.7762297453703704 0.07089120370370372 0.0693721064814814
0 0.7977068865740741 0.2292607060185185 0.0791377314814814 0.08120659722222223
0 0.8773148148148149 0.6097077546296297 0.06676793981481488 0.06345486111111098
0 0.2799117476851852 0.13737702546296296 0.11154513888888895 0.11291956018518517
0 0.4356553819444444 0.5703776041666666 0.14756944444444442 0.13687789351851842
0 0.9435040509259259 0.4828197337962963 0.07928240740740744 0.08511284722222223
0 0.8232060185185185 0.46312934027777775 0.0766782407407407 0.06750578703703702
0 0.28041811342592593 0.2818214699074074 0.09266493055555558 0.07750289351851847
0 0.2507595486111111 0.8717809606481481 0.06474247685185186 0.061472800925926
0 0.5327690972222222 0.1619357638888889 0.08311631944444442 0.08321759259259259
0 0.9510271990740741 0.5959273726851853 0.05526620370370372 0.06914062500000018
0 0.17212818287037038 0.06967592592592593 0.1052517361111111 0.048408564814814814
0 0.3551070601851852 0.3734375 0.17397280092592593 0.1645978009259259
0 0.9171368634259259 0.8785011574074074 0.10192418981481488 0.06397569444444451
0 0.79296875 0.04723668981481482 0.109375 0.09447337962962964
0 0.8781828703703703 0.1382740162037037 0.08289930555555558 0.07735821759259259
0 0.16333912037037038 0.1488642939814815 0.11950231481481483 0.11694155092592595
0 0.6768663194444444 0.5140986689814815 0.10091145833333348 0.0893373842592593
0 0.919921875 0.776953125 0.07899305555555558 0.07730034722222223
0 0.5823929398148149 0.11337528935185184 0.08355034722222232 0.09493634259259259
0 0.16590711805555555 0.8174045138888888 0.08528645833333331 0.08910590277777786