0 0.5597945601851853 0.27329282407407407 0.08460648148148131 0.08709490740740744
0 0.4913122106481481 0.5229673032407407 0.07089120370370372 0.08072916666666674
0 0.2509693287037037 0.9128327546296297 0.062962962962963 0.06481481481481488
0 0.12340856481481483 0.17614293981481483 0.06889467592592591 0.07479745370370372
0 0.9251012731481482 0.01958550347222222 0.06297743055555549 0.03917100694444444
0 0.0810546875 0.9201027199074074 0.06493055555555555 0.06684027777777768
0 0.6342086226851852 0.9562717013888888 0.07248263888888884 0.03197337962962976
0 0.9511646412037037 0.8096064814814814 0.0976707175925926 0.1151620370370372
0 0.14732349537037037 0.5034722222222222 0.06686921296296294 0.0649594907407407
0 0.8706597222222222 0.30475983796296297 0.0747251157407407 0.07110821759259256
0 0.8600043402777777 0.5806206597222222 0.07867476851851851 0.0771122685185186
0 0.941796875 0.6772280092592593 0.09822048611111112 0.07978877314814814
0 0.5514250578703703 0.06651475694444445 0.04920428240740726 0.05258969907407407
0 0.8566840277777777 0.7917390046296297 0.06890914351851851 0.07675057870370372
0 0.4902126736111111 0.7701461226851851 0.08457754629629632 0.08318865740740744
0 0.17312644675925926 0.9538122106481481 0.06299189814814815 0.06872106481481488
0 0.004774305555555556 0.11704282407407407 0.008188657407407408 0.05107060185185186
0 0.12230902777777777 0.027705439814814815 0.07631655092592593 0.02235243055555556
0 0.4257957175925926 0.9092881944444444 0.0708333333333333 0.07291666666666652
0 0.009259259259259259 0.4587673611111111 0.012210648148148148 0.06684027777777779
0 0.2871961805555555 0.7923177083333333 0.05905671296296289 0.06467013888888884
0 0.12319155092592593 0.6743344907407407 0.07868923611111112 0.0790653935185186
0 0.22122395833333333 0.45775462962962965 0.049189814814814825 0.05063657407407407
0 0.10679976851851852 0.5713975694444444 0.07284432870370372 0.08080150462962976
0 0.1249855324074074 0.7846498842592593 0.05707465277777779 0.06069155092592604
0 0.19566695601851852 0.8318504050925926 0.06688368055555555 0.0669126157407407
0 0.04390190972222222 0.3881293402777778 0.07669270833333335 0.07313368055555558
0 0.060980902777777776 0.18822337962962962 0.06100983796296297 0.06474247685185186
0 0.07081886574074074 0.9888599537037037 0.06458333333333333 0.01996527777777768
0 0.03683449074074074 0.7527488425925926 0.03370949074074074 0.06958912037037024