0 0.4213035300925926 0.7945746527777777 0.09712094907407409 0.09188368055555562
0 0.05119357638888889 0.6377170138888888 0.08689236111111111 0.08385416666666679
0 0.4476707175925926 0.2671223958333333 0.10723379629629637 0.09796006944444446
0 0.5711588541666667 0.9645182291666667 0.08896122685185182 0.07096354166666652
0 0.4213107638888889 0.11790364583333332 0.10918692129629626 0.09800347222222222
0 0.11628327546296297 0.3643880208333333 0.12975983796296298 0.11601562499999996
0 0.298951099537037 0.6481119791666667 0.10125868055555554 0.09587673611111125
0 0.12312644675925927 0.08389756944444444 0.11976273148148148 0.11189236111111109
0 0.7835937500000001 0.17582465277777776 0.07826967592592604 0.07000868055555554
0 0.000701678240740744 0.7837022569444445 0.001403356481481488 0.09865451388888902
0 0.12994068287037036 0.7939670138888889 0.08068576388888893 0.07786458333333335
0 0.33232060185185186 0.5305338541666667 0.09930555555555554 0.09583333333333344
0 0.8712239583333333 0.11616753472222223 0.07838541666666665 0.07196180555555556
0 0.9015480324074074 0.3965060763888889 0.08505497685185182 0.08576388888888897
0 0.23257378472222223 0.31612413194444444 0.09356192129629626 0.09765625
0 0.8731843171296296 0.8916449652777778 0.06954571759259265 0.0873697916666667
0 0.48928674768518515 0.8684461805555556 0.0868923611111111 0.08385416666666656
0 0.12339409722222222 0.26089409722222223 0.09207175925925926 0.10542534722222219
0 0.8651258680555556 0.5325954861111111 0.09447337962962976 0.08012152777777781
0 0.6242983217592593 0.04223090277777777 0.06872106481481488 0.04053819444444445
0 0.17341579861111112 0.9513888888888888 0.06539351851851849 0.050217013888888884
0 0.5917028356481482 0.4932725694444444 0.07608506944444438 0.06605902777777772
0 0.4887225115740741 0.05290798611111111 0.0659722222222221 0.059982638888888884
0 0.8637225115740741 0.9748263888888888 0.04908854166666665 0.05034722222222232
0 0.4880497685185185 0.6748046875 0.10309606481481481 0.09396701388888884
0 0.5234519675925926 0.5064236111111111 0.08149594907407409 0.09153645833333335
0 0.982472511574074 0.1694878472222222 0.02162905092592604 0.06874999999999998
0 0.8277850115740741 0.6676866319444444 0.09447337962962976 0.08012152777777781
0 0.7827907986111111 0.3048828125 0.07838541666666665 0.07196180555555554
0 0.5787254050925925 0.34924045138888893 0.06815682870370354 0.0639322916666667
0 0.8816333912037038 0.22102864583333334 0.06413483796296315 0.06189236111111113
0 0.885228587962963 0.80390625 0.07447916666666665 0.07187499999999991
0 0.7702473958333333 0.8795789930555555 0.06448206018518521 0.06775173611111107
0 0.2548828125 0.1376736111111111 0.06436631944444449 0.06579861111111107