0 0.4478298611111111 0.4111545138888889 0.10190972222222228 0.10572916666666665
0 0.18648003472222222 0.16976996527777777 0.08797743055555557 0.09370659722222224
0 0.5998046875 0.1713324652777778 0.07790798611111116 0.07981770833333335
0 0.9110026041666667 0.45753038194444445 0.06992187499999991 0.07183159722222221
0 0.32569444444444445 0.8945746527777778 0.06987847222222221 0.06987847222222232
0 0.9149739583333334 0.15260416666666668 0.07408854166666679 0.08363715277777778
0 0.1625434027777778 0.4116319444444444 0.09986979166666665 0.10177951388888884
0 0.6803168402777777 0.10115017361111112 0.08602430555555562 0.09366319444444443
0 0.4240234375 0.26317274305555555 0.08967013888888886 0.08203125
0 0.5016710069444444 0.8994574652777778 0.07786458333333335 0.07786458333333335
0 0.16868489583333335 0.6879991319444445 0.06597222222222221 0.0697916666666667
0 0.22654079861111112 0.6095269097222222 0.10585937500000003 0.10776909722222228
0 0.5225477430555556 0.7397352430555555 0.07973090277777795 0.07400173611111116
0 0.6432074652777777 0.5416449652777777 0.08585069444444438 0.08585069444444438
0 0.12369791666666666 0.5541666666666667 0.09809027777777779 0.10954861111111103
0 0.5575520833333334 0.6441840277777777 0.09952256944444438 0.08615451388888884
0 0.2900173611111111 0.4322482638888889 0.06992187499999991 0.07183159722222221
0 0.9823567708333334 0.18231336805555554 0.035286458333333215 0.06922743055555558
0 0.5926215277777778 0.37569444444444444 0.07365451388888888 0.06410590277777772
0 0.9750108506944444 0.6250217013888889 0.04997829861111125 0.07942708333333326
0 0.752126736111111 0.5187065972222222 0.08776041666666679 0.08394097222222219
0 0.08059895833333333 0.15355902777777777 0.12808159722222223 0.14144965277777777
0 0.9330729166666667 0.9230902777777777 0.07786458333333335 0.07786458333333335
0 0.024956597222222224 0.8152777777777778 0.015364583333333334 0.07647569444444446
0 0.02033420138888889 0.5193359375 0.018793402777777773 0.05507812500000009
0 0.06764322916666667 0.011371527777777777 0.07278645833333333 0.022743055555555555
0 0.05251736111111111 0.4287326388888889 0.05603298611111111 0.06176215277777786
0 0.8520182291666667 0.9688585069444444 0.051345486111111116 0.026519097222222232
0 0.8619791666666666 0.6696614583333333 0.09761284722222219 0.08806423611111125
0 0.46421440972222217 0.13721788194444445 0.07790798611111116 0.07981770833333335
0 0.08357204861111112 0.7709852430555556 0.05225694444444445 0.06753472222222223
0 0.1345703125 0.9115234375000001 0.06992187500000002 0.07183159722222232
0 0.06870659722222222 0.9374131944444444 0.06987847222222221 0.06987847222222232
0 0.8270616319444444 0.3294487847222222 0.05989583333333348 0.05989583333333337
0 0.8310112847222222 0.2433810763888889 0.06597222222222232 0.0697916666666667
0 0.8059244791666667 0.12571614583333332 0.05785590277777786 0.05594618055555556
0 0.25243055555555555 0.05985243055555556 0.050000000000000044 0.05381944444444445
0 0.3368923611111111 0.34327256944444445 0.04032118055555556 0.05750868055555558
0 0.7182942708333333 0.7109592013888889 0.06631944444444438 0.0854166666666667
0 0.7021267361111111 0.9506944444444445 0.04014756944444442 0.04969618055555536
0 0.7528211805555556 0.8137586805555554 0.05815972222222232 0.06961805555555545
0 0.18977864583333334 0.8018446180555556 0.05976562499999999 0.05403645833333348
0 0.7850694444444444 0.06657986111111111 0.05781249999999982 0.05399305555555556