0 0.5966796875 0.7568359375 0.10546875 0.11328125
0 0.09375 0.521484375 0.09375 0.0830078125
0 0.341796875 0.4169921875 0.0732421875 0.0732421875
0 0.287109375 0.3896484375 0.068359375 0.060546875
0 0.224609375 0.21875 0.060546875 0.0576171875
0 0.9052734375 0.791015625 0.0810546875 0.080078125
0 0.4462890625 0.6513671875 0.0576171875 0.064453125
0 0.2919921875 0.826171875 0.091796875 0.076171875
0 0.1259765625 0.71875 0.09375 0.08984375
0 0.181640625 0.0849609375 0.064453125 0.0576171875
0 0.138671875 0.6611328125 0.09765625 0.095703125
0 0.6201171875 0.396484375 0.0634765625 0.060546875
0 0.966796875 0.4912109375 0.0634765625 0.0693359375
0 0.064453125 0.271484375 0.099609375 0.0849609375
0 0.3369140625 0.5751953125 0.087890625 0.1015625
0 0.1328125 0.9638671875 0.1005859375 0.0712890625
0 0.7412109375 0.5771484375 0.109375 0.1455078125
0 0.3701171875 0.681640625 0.0791015625 0.09765625
0 0.744140625 0.1015625 0.0654296875 0.0625
0 0.19921875 0.0361328125 0.0751953125 0.0712890625
0 0.439453125 0.8681640625 0.0751953125 0.0830078125
0 0.3056640625 0.6796875 0.068359375 0.0859375
0 0.92578125 0.583984375 0.060546875 0.0556640625
0 0.7685546875 0.4111328125 0.0595703125 0.048828125
0 0.9345703125 0.234375 0.09765625 0.0849609375
0 0.322265625 0.1044921875 0.0771484375 0.099609375
0 0.1787109375 0.3935546875 0.0732421875 0.083984375
0 0.58984375 0.6171875 0.0859375 0.1044921875
0 0.24609375 0.9189453125 0.080078125 0.0673828125
0 0.0615234375 0.7607421875 0.083984375 0.0732421875
0 0.0791015625 0.1171875 0.109375 0.1298828125
0 0.4921875 0.1123046875 0.0771484375 0.080078125
0 0.54296875 0.3623046875 0.0654296875 0.080078125
0 0.7236328125 0.3857421875 0.0556640625 0.046875
0 0.6474609375 0.5029296875 0.0673828125 0.076171875
0 0.7529296875 0.7490234375 0.0556640625 0.0576171875
0 0.5185546875 0.923828125 0.07421875 0.11328125
0 0.36328125 0.9091796875 0.0751953125 0.0791015625
0 0.2626953125 0.505859375 0.056640625 0.0625
0 0.046875 0.3642578125 0.078125 0.08984375
0 0.33984375 0.1953125 0.068359375 0.0654296875
0 0.4091796875 0.2900390625 0.0634765625 0.0751953125
0 0.7119140625 0.1806640625 0.0693359375 0.056640625
0 0.751953125 0.2333984375 0.0576171875 0.078125