0 0.4941840277777778 0.8904007523148147 0.07786458333333335 0.08068576388888893
0 0.21102430555555557 0.6419053819444445 0.103515625 0.09390914351851842
0 0.8604600694444444 0.7779947916666666 0.08177083333333335 0.08091724537037037
0 0.07174479166666667 0.23859230324074077 0.06974826388888888 0.06655092592592593
0 0.7848524305555555 0.1865813078703704 0.07582465277777772 0.07666377314814815
0 0.12751736111111112 0.40596064814814814 0.059895833333333315 0.06206597222222221
0 0.8729383680555556 0.17258391203703705 0.07595486111111116 0.08252314814814815
0 0.03439670138888889 0.9248408564814815 0.06879340277777778 0.05357349537037037
0 0.5727647569444445 0.6897135416666667 0.08185763888888875 0.08482349537037037
0 0.21983506944444442 0.7720703125 0.06388888888888888 0.06620370370370376
0 0.8741753472222222 0.07303240740740741 0.07395833333333335 0.08045428240740743
0 0.7614149305555555 0.36351996527777775 0.07187499999999991 0.07447916666666665
0 0.6333116319444445 0.5983506944444444 0.08003472222222241 0.09056712962962954
0 0.23105468750000002 0.4427372685185185 0.06779513888888888 0.06643518518518521
0 0.09305555555555556 0.37679398148148147 0.05399305555555556 0.059765625000000044
0 0.7627604166666666 0.6979600694444444 0.07591145833333313 0.0805700231481481
0 0.9337022569444444 0.15923032407407406 0.057812500000000044 0.05609085648148149
0 0.21421440972222222 0.05947627314814815 0.0578559027777778 0.058043981481481474
0 0.6138888888888889 0.15575086805555555 0.06189236111111107 0.06413483796296293
0 0.6437717013888888 0.2154224537037037 0.07790798611111116 0.08263888888888887
0 0.03170572916666667 0.5150318287037037 0.06341145833333334 0.06620370370370376
0 0.5003689236111111 0.7437427662037037 0.05985243055555545 0.06011284722222232
0 0.5232421875 0.28498263888888886 0.05789930555555545 0.05999710648148149
0 0.219921875 0.28540219907407405 0.07595486111111116 0.0825231481481481
0 0.6973958333333333 0.5672453703703704 0.0639322916666667 0.06815682870370376
0 0.9453342013888889 0.1185546875 0.055859375000000044 0.05597511574074071
0 0.5826605902777777 0.8149377893518519 0.07777777777777795 0.07677951388888893
0 0.8815538194444444 0.3115379050925926 0.07191840277777772 0.07643229166666665
0 0.44303385416666663 0.3833622685185185 0.05381944444444442 0.051953125000000044
0 0.2938585069444445 0.7325737847222222 0.09006076388888884 0.10286458333333326
0 0.7397569444444445 0.9431423611111112 0.0630208333333333 0.027141203703703543
0 0.07011718750000001 0.7068214699074074 0.05993923611111113 0.06401909722222232
0 0.9276258680555556 0.8276548032407407 0.02890624999999991 0.07193287037037033
0 0.8705295138888889 0.8954065393518518 0.09019097222222228 0.10872395833333348
0 0.3650173611111111 0.646433738425926 0.05399305555555556 0.05976562499999982
0 0.165625 0.013353587962962963 0.04765625000000001 0.026707175925925926
0 0.7953559027777778 0.591673900462963 0.06388888888888888 0.06620370370370376
0 0.40802951388888886 0.4663845486111111 0.06380208333333326 0.062297453703703765
0 0.19711371527777777 0.8728949652777778 0.08793402777777781 0.09493634259259265
0 0.19507378472222223 0.5697048611111111 0.06983506944444445 0.07045717592592604
0 0.8253689236111111 0.38216145833333337 0.07981770833333335 0.08080150462962954
0 0.4311197916666667 0.011574074074074075 0.06354166666666661 0.02314814814814815