0 0.4990234375 0.8754991319444445 0.1220486111111112 0.11024305555555536
0 0.5330946180555556 0.5870659722222222 0.14032118055555554 0.12599826388888902
0 0.22936197916666667 0.4349681712962963 0.12374131944444444 0.10439814814814818
0 0.6458767361111111 0.46509693287037035 0.09205729166666665 0.09440104166666674
0 0.6965277777777777 0.11011284722222223 0.10377604166666665 0.0944878472222222
0 0.4457248263888889 0.33567708333333335 0.11406249999999996 0.10627893518518516
0 0.8270399305555556 0.4969690393518519 0.10394965277777768 0.09839409722222214
0 0.9395073784722222 0.696361400462963 0.12098524305555558 0.12787905092592577
0 0.7960720486111111 0.045088252314814815 0.09995659722222228 0.09017650462962963
0 0.9151692708333333 0.17199074074074075 0.09596354166666665 0.09442997685185184
0 0.5221354166666667 0.09870515046296297 0.12408854166666661 0.11221064814814813
0 0.16577690972222223 0.10329861111111112 0.09383680555555557 0.09050925925925926
0 0.6957682291666667 0.7743995949074074 0.1216145833333333 0.10047743055555558
0 0.8965277777777778 0.4339337384259259 0.08372395833333335 0.08262442129629632
0 0.22354600694444443 0.2601490162037037 0.09943576388888886 0.08469328703703705
0 0.07671440972222222 0.3853009259259259 0.11610243055555555 0.10824652777777777
0 0.25104166666666666 0.9887008101851852 0.09852430555555558 0.02025462962962954
0 0.4185329861111111 0.22939814814814816 0.09366319444444449 0.08660300925925929
0 0.0525390625 0.14907407407407408 0.087890625 0.08851273148148148
0 0.0330078125 0.2371383101851852 0.04917534722222222 0.09603587962962962
0 0.4843967013888889 0.19471932870370373 0.08320312500000004 0.07090567129629632
0 0.6454861111111111 0.5442274305555556 0.10828993055555558 0.10818865740740735
0 0.3682508680555555 0.6146629050925926 0.11584201388888893 0.10238715277777777
0 0.3603949652777778 0.3939453125 0.09578993055555562 0.09052372685185195
0 0.11486545138888889 0.6282624421296297 0.12621527777777777 0.11613136574074057
0 0.6296657986111112 0.8696469907407407 0.0815104166666667 0.07675057870370372
0 0.6075303819444444 0.32764033564814815 0.09357638888888875 0.08464988425925923
0 0.8382595486111111 0.3317925347222222 0.07981770833333335 0.08259548611111112
0 0.7366753472222223 0.005201099537037037 0.06319444444444455 0.010402199074074074
0 0.8913845486111112 0.6039496527777778 0.07335069444444464 0.0688802083333333
0 0.9457465277777778 0.5302806712962963 0.06332465277777777 0.06294849537037028
0 0.9800238715277778 0.5543692129629629 0.039952256944444375 0.06488715277777768
0 0.5671006944444444 0.40706741898148147 0.07361111111111107 0.0747395833333333
0 0.2446614583333333 0.05387008101851852 0.07256944444444446 0.05130208333333333
0 0.5916232638888889 0.7390263310185186 0.06944444444444442 0.0688512731481481
0 0.38947482638888886 0.7844835069444445 0.06128472222222214 0.06098090277777768
0 0.3925564236111111 0.9856987847222223 0.06549479166666661 0.023914930555555713
0 0.7662543402777777 0.9536241319444445 0.06397569444444429 0.03366608796296289
0 0.16662326388888887 0.32016059027777777 0.07361111111111107 0.0747395833333333