0 0.4177517361111111 0.38849826388888886 0.11776620370370372 0.11571180555555549
0 0.22323495370370372 0.11885850694444444 0.10308159722222221 0.10173611111111114
0 0.6167534722222222 0.17641059027777778 0.09020543981481488 0.08585069444444443
0 0.3929036458333333 0.9740234375 0.06286168981481477 0.03259548611111107
0 0.8484519675925926 0.49689670138888886 0.07986111111111116 0.07782118055555554
0 0.8658492476851851 0.8279947916666667 0.04470486111111116 0.07703993055555558
0 0.19028501157407407 0.8400824652777777 0.07971643518518523 0.07586805555555554
0 0.9220558449074074 0.20082465277777778 0.08658854166666652 0.08967013888888886
0 0.1447120949074074 0.3497178819444444 0.11537905092592593 0.10980902777777768
0 0.7096715856481481 0.1197482638888889 0.10112847222222232 0.10169270833333333
0 0.4276258680555556 0.24203559027777777 0.10235821759259256 0.09197048611111114
0 0.35677083333333337 0.8695312500000001 0.09020543981481488 0.08585069444444438
0 0.08673321759259259 0.6191189236111111 0.07776331018518517 0.07582465277777772
0 0.9504484953703705 0.5151041666666667 0.02358217592592604 0.05512152777777768
0 0.16106047453703703 0.5501953125 0.12167245370370372 0.11579861111111112
0 0.41290509259259256 0.7171657986111111 0.08977141203703698 0.07999131944444438
0 0.5740017361111112 0.54296875 0.0966435185185186 0.09379340277777781
0 0.0753761574074074 0.48287760416666664 0.11414930555555555 0.11953124999999998
0 0.4682436342592593 0.6281901041666667 0.11046006944444442 0.09605034722222228
0 0.26186342592592593 0.3870876736111111 0.07986111111111116 0.07782118055555554
0 0.96875 0.24171006944444445 0.02893518518518512 0.0747395833333333
0 0.5631510416666667 0.3735677083333333 0.08138020833333348 0.07200520833333335
0 0.8803530092592593 0.6716796875 0.08644386574074092 0.08771701388888875
0 0.6828342013888888 0.5347005208333333 0.1005497685185186 0.09388020833333344
0 0.12420428240740741 0.08693576388888889 0.15371817129629628 0.15355902777777777
0 0.7636357060185186 0.9443359375 0.08948206018518512 0.07608506944444438
0 0.034432870370370364 0.35119357638888893 0.06546585648148148 0.06775173611111107
0 0.6705005787037037 0.9776041666666666 0.05946180555555558 0.013020833333333481
0 0.753833912037037 0.6949652777777777 0.10850694444444464 0.09600694444444446
0 0.49580439814814814 0.12450086805555556 0.0903501157407407 0.08780381944444446
0 0.009006076388888885 0.6876519097222222 0.01801215277777777 0.07161458333333326
0 0.021864149305555552 0.8305772569444445 0.043728298611111105 0.07782118055555554
0 0.7972005208333334 0.3595920138888889 0.06922743055555558 0.0658854166666667
0 0.8207826967592593 0.27814670138888886 0.07581018518518512 0.07578125000000002
0 0.8236762152777778 0.16011284722222222 0.06698495370370372 0.061935763888888884
0 0.31040219907407407 0.025151909722222223 0.05888310185185186 0.050303819444444446
0 0.32631655092592593 0.3066840277777778 0.04940682870370372 0.061545138888888795
0 0.6070240162037037 0.7157769097222222 0.07877604166666652 0.08949652777777795
0 0.5354094328703703 0.9455078125 0.046875 0.05368923611111098
0 0.6148365162037037 0.8208984375 0.06799768518518512 0.07560763888888888
0 0.08134403935185185 0.7313585069444445 0.06684027777777776 0.059982638888888884
0 0.8183955439814814 0.09978298611111111 0.06488715277777768 0.05993923611111113