0 0.47023292824074076 0.8838975694444444 0.07434895833333333 0.07191840277777772
0 0.8742766203703703 0.1267795138888889 0.08239293981481488 0.07990451388888892
0 0.6605685763888889 0.32502170138888886 0.08038194444444446 0.07790798611111116
0 0.6677879050925926 0.10755208333333334 0.11267361111111107 0.11375868055555557
0 0.9960792824074074 0.9632378472222223 0.007841435185185208 0.03984375000000018
0 0.46519820601851847 0.18697916666666667 0.10859375000000004 0.10781249999999998
0 0.40893373842592595 0.06666666666666667 0.1674768518518519 0.11888020833333332
0 0.33154658564814815 0.814453125 0.08676215277777777 0.09561631944444438
0 0.1601490162037037 0.6291232638888888 0.09824942129629632 0.08806423611111125
0 0.6435402199074074 0.4749348958333333 0.10824652777777777 0.09609374999999998
0 0.7923466435185185 0.19424913194444443 0.08061342592592613 0.08572048611111116
0 0.7759186921296297 0.4632378472222222 0.08026620370370363 0.07400173611111105
0 0.9243634259259259 0.7632161458333333 0.08434606481481488 0.07994791666666679
0 0.06589988425925926 0.8407552083333334 0.03615451388888888 0.10034722222222214
0 0.16877893518518516 0.9533203125 0.08032407407407405 0.07595486111111116
0 0.021875 0.07953559027777778 0.041435185185185186 0.08094618055555555
0 0.1359447337962963 0.2733506944444445 0.07452256944444446 0.07777777777777772
0 0.4773726851851852 0.9544270833333333 0.1396701388888889 0.09114583333333348
0 0.4698350694444444 0.3764105902777778 0.07630208333333344 0.07196180555555554
0 0.6723017939814815 0.3916449652777778 0.1025607638888888 0.10182291666666665
0 0.9670500578703703 0.5328993055555555 0.0658998842592593 0.06788194444444451
0 0.8837456597222222 0.47929687499999996 0.05452835648148158 0.061718750000000044
0 0.4735460069444445 0.27109374999999997 0.11048900462962963 0.10590277777777779
0 0.9394169560185186 0.11846788194444444 0.06883680555555571 0.08350694444444445
0 0.9729275173611112 0.8307942708333333 0.05414496527777768 0.0678385416666667
0 0.9115668402777778 0.034895833333333334 0.09657118055555558 0.03142361111111111
0 0.9821252893518518 0.49726562500000004 0.035749421296296324 0.06944444444444442
0 0.2958188657407408 0.03682725694444444 0.07330729166666661 0.03676215277777778
0 0.06358506944444445 0.23563368055555556 0.09244791666666666 0.08988715277777781
0 0.3656467013888889 0.9730034722222223 0.08577835648148147 0.05399305555555545
0 0.21509693287037035 0.5073784722222222 0.06820023148148147 0.06202256944444451
0 0.655078125 0.8314019097222223 0.06228298611111116 0.05993923611111107
0 0.773560474537037 0.3177734375 0.06854745370370363 0.07374131944444451
0 0.8297092013888889 0.6976779513888889 0.058318865740740744 0.05789930555555545
0 0.9907009548611111 0.3880425347222222 0.018598090277777812 0.0766493055555556
0 0.2786675347222222 0.14965277777777777 0.09664351851851849 0.09973958333333333
0 0.4068938078703704 0.5906901041666667 0.1323784722222222 0.12005208333333339
0 0.9064019097222222 0.5851996527777779 0.08612557870370363 0.07413194444444438
0 0.7862196180555556 0.5473958333333333 0.06814236111111116 0.06006944444444429
0 0.9991536458333333 0.7241319444444445 0.0016927083333333481 0.06883680555555571
0 0.2730107060185185 0.2881076388888889 0.0839988425925926 0.06822916666666667
0 0.21166811342592592 0.8527777777777779 0.05625000000000002 0.05394965277777786
0 0.9882233796296296 0.5842881944444445 0.023553240740740833 0.07899305555555558
0 0.520580150462963 0.21163194444444444 0.07245370370370363 0.07382812500000002
0 0.9077473958333333 0.696484375 0.05843460648148158 0.06180555555555545
0 0.17829137731481481 0.05568576388888889 0.1032986111111111 0.060850694444444436
0 0.9796947337962962 0.8896701388888889 0.04061053240740753 0.1283854166666667
0 0.3394386574074074 0.3891276041666667 0.15455729166666665 0.14396701388888888
0 0.8542679398148147 0.9666015625 0.09743923611111116 0.06072048611111125
0 0.7807581018518519 0.13250868055555556 0.09675925925925943 0.10364583333333333
0 0.9883463541666666 0.6526258680555556 0.023307291666666785 0.06731770833333339
0 0.8572120949074074 0.24253472222222222 0.07228009259259238 0.06796875000000002
0 0.16624710648148147 0.14325086805555554 0.10457175925925927 0.10381944444444446
0 0.6415798611111111 0.5734592013888888 0.09020543981481488 0.080078125
0 0.8609664351851851 0.8633029513888888 0.0703848379629628 0.06987847222222232
0 0.9604817708333333 0.30240885416666663 0.06872106481481488 0.07960069444444451
0 0.5721571180555556 0.17374131944444443 0.07090567129629632 0.08745659722222221
0 0.1336154513888889 0.7876085069444445 0.07463831018518519 0.08168402777777795