0 0.4878110532407407 0.2635778356481482 0.13845486111111116 0.1308159722222222
0 0.36555989583333337 0.592896412037037 0.1171875 0.10708912037037033
0 0.18037471064814814 0.07260561342592592 0.10865162037037035 0.0972077546296296
0 0.6792534722222222 0.6439742476851852 0.0756655092592593 0.07330729166666661
0 0.5048466435185186 0.9290943287037037 0.1103153935185186 0.0933304398148147
0 0.4642650462962963 0.14367766203703702 0.119140625 0.10711805555555554
0 0.46379484953703703 0.4144892939814815 0.08991608796296291 0.08132233796296295
0 0.4914279513888889 0.4707826967592593 0.05902777777777779 0.059403935185185164
0 0.2568359375 0.15457175925925926 0.08658854166666663 0.08907696759259259
0 0.06861255787037038 0.17398003472222223 0.03407118055555555 0.06488715277777779
0 0.3940972222222222 0.4634259259259259 0.10069444444444442 0.09513888888888888
0 0.18062789351851852 0.1156177662037037 0.09801793981481483 0.08534432870370373
0 0.9740306712962963 0.6658564814814816 0.05193865740740744 0.07324942129629619
0 0.11223234953703703 0.024869791666666665 0.08383969907407407 0.04973958333333333
0 0.9193070023148149 0.5719835069444444 0.07776331018518512 0.07528935185185182
0 0.9757486979166667 0.724435763888889 0.04850260416666652 0.07135416666666661
0 0.35637297453703703 0.09932725694444444 0.11986400462962965 0.11688368055555554
0 0.9021629050925926 0.44612268518518516 0.07356770833333348 0.0713252314814814
0 0.9521484375 0.1706669560185185 0.07732928240740744 0.06942997685185182
0 0.3999565972222222 0.8064887152777778 0.1025028935185186 0.09321469907407409
0 0.0589916087962963 0.6248119212962964 0.03175636574074074 0.08631365740740726
0 0.16500289351851855 0.6173755787037036 0.06756365740740744 0.06928530092592577
0 0.5874565972222222 0.5397497106481481 0.09874131944444442 0.09510995370370368
0 0.6929615162037037 0.5782696759259259 0.06626157407407396 0.051707175925926
0 0.08043981481481483 0.7427879050925925 0.0546875 0.05348668981481497
0 0.08177806712962964 0.8268446180555555 0.044921875 0.05334201388888893
0 0.2189308449074074 0.2763599537037037 0.06966145833333331 0.0712673611111111
0 0.6782769097222223 0.14246238425925925 0.05620659722222232 0.04765625000000001
0 0.5653211805555556 0.34650607638888886 0.0912905092592593 0.07353877314814805
0 0.7818287037037037 0.5505570023148147 0.07703993055555558 0.06552372685185182
0 0.8582175925925926 0.7899233217592593 0.06517650462962976 0.06339699074074079
0 0.9261429398148149 0.7830512152777778 0.05078125 0.05342881944444455
0 0.0822482638888889 0.8727864583333333 0.03862847222222221 0.047395833333333304