0 0.939453125 0.474609375 0.08203125 0.09765625
0 0.271484375 0.701171875 0.1064453125 0.1005859375
0 0.216796875 0.1865234375 0.0625 0.06640625
0 0.89453125 0.9267578125 0.10546875 0.109375
0 0.3740234375 0.580078125 0.0517578125 0.05078125
0 0.3662109375 0.75390625 0.0615234375 0.07421875
0 0.2529296875 0.490234375 0.046875 0.05078125
0 0.2275390625 0.41796875 0.0498046875 0.0478515625
0 0.169921875 0.9072265625 0.060546875 0.072265625
0 0.6123046875 0.2275390625 0.0654296875 0.0673828125
0 0.0634765625 0.248046875 0.0771484375 0.08984375
0 0.197265625 0.0673828125 0.083984375 0.095703125
0 0.4423828125 0.6630859375 0.0556640625 0.0478515625
0 0.537109375 0.970703125 0.0703125 0.0546875
0 0.060546875 0.916015625 0.06640625 0.0732421875
0 0.875 0.826171875 0.0693359375 0.0751953125
0 0.92578125 0.787109375 0.0703125 0.0634765625
0 0.7431640625 0.8515625 0.1015625 0.0849609375
0 0.2451171875 0.421875 0.0625 0.0546875
0 0.9736328125 0.029296875 0.0517578125 0.05859375
0 0.1328125 0.0654296875 0.0654296875 0.064453125
0 0.2783203125 0.818359375 0.060546875 0.0556640625
0 0.7216796875 0.392578125 0.05859375 0.046875
0 0.365234375 0.15234375 0.0517578125 0.04296875
0 0.896484375 0.2353515625 0.0546875 0.0576171875
0 0.1796875 0.73828125 0.0478515625 0.048828125
0 0.0791015625 0.478515625 0.0498046875 0.05078125
0 0.6337890625 0.5546875 0.0537109375 0.0478515625
0 0.5390625 0.56640625 0.0439453125 0.0556640625
0 0.5595703125 0.7509765625 0.0419921875 0.0439453125
0 0.443359375 0.7919921875 0.0400390625 0.0576171875
0 0.6435546875 0.9072265625 0.0537109375 0.0517578125
0 0.1552734375 0.8095703125 0.0556640625 0.0517578125
0 0.0205078125 0.1298828125 0.041015625 0.0478515625
0 0.2724609375 0.0478515625 0.046875 0.04296875
0 0.755859375 0.052734375 0.041015625 0.0390625
0 0.8623046875 0.4638671875 0.0673828125 0.06640625
0 0.876953125 0.525390625 0.052734375 0.0576171875
0 0.771484375 0.6123046875 0.052734375 0.052734375
0 0.3662109375 0.248046875 0.060546875 0.064453125
0 0.361328125 0.4580078125 0.048828125 0.05859375
0 0.056640625 0.5546875 0.052734375 0.0419921875
0 0.0791015625 0.3662109375 0.0576171875 0.0751953125
0 0.765625 0.9794921875 0.05078125 0.041015625
0 0.37109375 0.9248046875 0.0390625 0.0458984375