0 0.4365234375 0.279296875 0.1083984375 0.103515625
0 0.40234375 0.810546875 0.0908203125 0.087890625
0 0.2978515625 0.181640625 0.1025390625 0.1044921875
0 0.931640625 0.0224609375 0.0546875 0.0439453125
0 0.12890625 0.1171875 0.0751953125 0.0693359375
0 0.66015625 0.6123046875 0.05859375 0.0634765625
0 0.9208984375 0.28125 0.1083984375 0.1044921875
0 0.3701171875 0.4814453125 0.0947265625 0.0927734375
0 0.0546875 0.0693359375 0.0703125 0.064453125
0 0.212890625 0.1923828125 0.0625 0.07421875
0 0.3984375 0.1572265625 0.076171875 0.080078125
0 0.5263671875 0.98046875 0.060546875 0.0390625
0 0.884765625 0.966796875 0.0556640625 0.0546875
0 0.48046875 0.5888671875 0.0859375 0.0830078125
0 0.8349609375 0.4091796875 0.060546875 0.068359375
0 0.478515625 0.3701171875 0.056640625 0.0625
0 0.8125 0.7353515625 0.0576171875 0.064453125
0 0.6611328125 0.5537109375 0.068359375 0.06640625
0 0.9267578125 0.724609375 0.083984375 0.078125
0 0.453125 0.4697265625 0.0595703125 0.056640625
0 0.7431640625 0.048828125 0.0634765625 0.060546875
0 0.7548828125 0.845703125 0.0419921875 0.0498046875
0 0.1533203125 0.6591796875 0.044921875 0.056640625
0 0.6796875 0.947265625 0.0625 0.0517578125