0 0.439453125 0.8111979166666666 0.126953125 0.14033564814814814
0 0.90625 0.5117115162037037 0.109375 0.10609085648148153
0 0.63671875 0.4351924189814815 0.087890625 0.09309895833333337
0 0.6865234375 0.4010344328703704 0.080078125 0.07896412037037037
0 0.7197265625 0.219408275462963 0.0703125 0.07447916666666665
0 0.1328125 0.8838469328703704 0.095703125 0.10137442129629637
0 0.572265625 0.686255787037037 0.0703125 0.08033854166666665
0 0.759765625 0.8477575231481482 0.10546875 0.10000000000000009
0 0.908203125 0.7178819444444444 0.111328125 0.11401909722222214
0 0.73828125 0.0779296875 0.07421875 0.07275752314814815
0 0.884765625 0.6598524305555555 0.115234375 0.12010995370370381
0 0.3515625 0.44759114583333337 0.07421875 0.0766637731481481
0 0.029296875 0.5818142361111112 0.056640625 0.08148148148148149
0 0.890625 0.25394965277777776 0.115234375 0.1103443287037037
0 0.669921875 0.5963396990740741 0.107421875 0.12550636574074092
0 0.943359375 0.9562934027777777 0.11328125 0.07702546296296298
0 0.26171875 0.6453920717592593 0.13671875 0.17411747685185186
0 0.6552734375 0.7087528935185186 0.09765625 0.1190682870370372
0 0.173828125 0.1606915509259259 0.078125 0.07884837962962965
0 0.7138671875 0.05597511574074074 0.087890625 0.032552083333333315
0 0.6181640625 0.9077256944444444 0.08984375 0.10298032407407409
0 0.7197265625 0.6979239004629629 0.083984375 0.10458622685185182
0 0.076171875 0.6744357638888889 0.072265625 0.07068865740740726
0 0.2041015625 0.47986834490740743 0.068359375 0.06459780092592593
0 0.03125 0.3182581018518519 0.0625 0.10526620370370376
0 0.599609375 0.1136574074074074 0.095703125 0.12090567129629631
0 0.796875 0.3929253472222222 0.08984375 0.10298032407407409
0 0.4208984375 0.6684968171296297 0.10546875 0.1273437500000001
0 0.8232421875 0.9355034722222222 0.09375 0.08758680555555554
0 0.9658203125 0.7515697337962963 0.068359375 0.09194155092592604
0 0.8486328125 0.11181278935185185 0.134765625 0.13103298611111114
0 0.4306640625 0.14173177083333333 0.091796875 0.09918981481481481
0 0.4228515625 0.4029875578703704 0.080078125 0.09654224537037037
0 0.2451171875 0.448119212962963 0.064453125 0.060460069444444375
0 0.3427734375 0.5583984375 0.08203125 0.09470486111111098
0 0.2802734375 0.8222728587962963 0.06640625 0.07229456018518521
0 0.548828125 0.9513382523148148 0.09765625 0.09732349537037033
0 0.7021484375 0.9400462962962963 0.08984375 0.09907407407407409
0 0.732421875 0.5160590277777778 0.068359375 0.07826967592592582
0 0.9248046875 0.3458188657407407 0.095703125 0.10918692129629637
0 0.5986328125 0.20734953703703704 0.080078125 0.08287037037037037
0 0.5458984375 0.312622974537037 0.078125 0.09252025462962965
0 0.220703125 0.23768807870370368 0.080078125 0.07505787037037037
0 0.189453125 0.29638310185185185 0.072265625 0.09412615740740737