0 0.40234375 0.29126880787037035 0.125 0.12377025462962965
0 0.4052734375 0.8646195023148149 0.103515625 0.1034432870370372
0 0.2470703125 0.19176793981481483 0.1171875 0.12348090277777779
0 0.060546875 0.12821903935185186 0.0859375 0.08326099537037035
0 0.66796875 0.6419270833333334 0.06640625 0.0747251157407407
0 0.9228515625 0.2763671875 0.123046875 0.12565104166666663
0 0.3466796875 0.5118634259259259 0.109375 0.11147280092592582
0 0.0068359375 0.07837818287037038 0.013671875 0.07081886574074076
0 0.15625 0.20598234953703703 0.072265625 0.08666087962962965
0 0.3525390625 0.16247106481481483 0.0859375 0.09497974537037035
0 0.9306640625 0.991283275462963 0.060546875 0.01743344907407396
0 0.47265625 0.6229745370370371 0.09765625 0.09932002314814814
0 0.83984375 0.41782407407407407 0.0703125 0.08072916666666674
0 0.455078125 0.38794849537037035 0.064453125 0.07465277777777768
0 0.83984375 0.7684100115740741 0.06640625 0.0766782407407407
0 0.6640625 0.5783058449074074 0.078125 0.0790653935185186
0 0.95703125 0.7522424768518519 0.0859375 0.09302662037037046
0 0.43359375 0.4965277777777778 0.068359375 0.06698495370370372
0 0.712890625 0.04691116898148149 0.0703125 0.04361979166666667
0 0.7861328125 0.8894675925925926 0.048828125 0.05844907407407396
0 0.126953125 0.7107566550925926 0.052734375 0.06640625
0 0.7119140625 0.9842122395833333 0.0703125 0.03157552083333348