0 0.744140625 0.39774305555555556 0.109375 0.12662037037037033
0 0.828125 0.5298466435185185 0.12109375 0.11116898148148158
0 0.9326171875 0.22475405092592593 0.134765625 0.1426215277777778
0 0.8095703125 0.22000144675925926 0.1171875 0.14236111111111116
0 0.3134765625 0.5368706597222223 0.205078125 0.17491319444444442
0 0.6904296875 0.6821035879629629 0.1640625 0.11180555555555571
0 0.8486328125 0.658080150462963 0.11328125 0.10324074074074074
0 0.9013671875 0.37565827546296293 0.1328125 0.1269675925925926
0 0.2861328125 0.20248119212962964 0.119140625 0.1287181712962963
0 0.099609375 0.7163194444444445 0.12890625 0.1288628472222224
0 0.3408203125 0.9669632523148148 0.109375 0.06607349537037033
0 0.849609375 0.9366500289351851 0.21484375 0.12669994212962976
0 0.19921875 0.056662326388888885 0.24609375 0.11106770833333333
0 0.0458984375 0.34150028935185184 0.091796875 0.11073495370370368
0 0.615234375 0.49641927083333337 0.107421875 0.10706018518518512
0 0.521484375 0.32510850694444443 0.1484375 0.13891782407407405
0 0.6953125 0.09721498842592592 0.17578125 0.12760416666666666
0 0.869140625 0.06268084490740741 0.1875 0.10238715277777777
0 0.66796875 0.21692708333333333 0.138671875 0.12900752314814812
0 0.5703125 0.16860532407407408 0.1015625 0.1069733796296296
0 0.4287109375 0.18115596064814815 0.13671875 0.13093171296296297
0 0.5263671875 0.12498553240740741 0.107421875 0.1031539351851852
0 0.1953125 0.3378544560185185 0.12109375 0.13655960648148158
0 0.3203125 0.34849537037037037 0.1015625 0.0893952546296296
0 0.482421875 0.48077980324074077 0.125 0.14247685185185177
0 0.0673828125 0.4531467013888889 0.0859375 0.06963252314814816
0 0.0234375 0.5013237847222223 0.046875 0.07491319444444455
0 0.068359375 0.5410517939814814 0.080078125 0.08126446759259265
0 0.9580078125 0.7358723958333333 0.083984375 0.09304108796296306
0 0.90234375 0.8659071180555555 0.08203125 0.08324652777777786
0 0.9638671875 0.8326388888888889 0.072265625 0.09872685185185182
0 0.4794921875 0.8537832754629631 0.103515625 0.0991898148148147
0 0.3720703125 0.7301215277777777 0.19921875 0.13967013888888902
0 0.3212890625 0.9786241319444444 0.0859375 0.04275173611111116
0 0.5859375 0.6659071180555556 0.07421875 0.08899016203703702
0 0.1796875 0.9913773148148148 0.05078125 0.017245370370370328
0 0.6904296875 0.8715567129629629 0.06640625 0.06934317129629619
0 0.6328125 0.3208984375 0.046875 0.04756944444444444
0 0.3642578125 0.8657479745370371 0.107421875 0.11877893518518512
0 0.267578125 0.7940031828703704 0.07421875 0.07531828703703702
0 0.2529296875 0.8680049189814815 0.08203125 0.07543402777777786
0 0.216796875 0.9162977430555556 0.056640625 0.06724537037037037
0 0.693359375 0.5737485532407407 0.0546875 0.06331018518518516
0 0.4248046875 0.9853298611111111 0.064453125 0.029340277777777812
0 0.0419921875 0.8072627314814815 0.083984375 0.07936921296296306
0 0.03515625 0.6528645833333333 0.0703125 0.09479166666666661
0 0.10546875 0.6080078124999999 0.1015625 0.0854890046296295
0 0.4814453125 0.08135127314814815 0.078125 0.07928240740740741
0 0.6728515625 0.027546296296296298 0.162109375 0.037557870370370366