0 0.871339699074074 0.3594184027777778 0.1626157407407407 0.16957465277777772
0 0.34742476851851856 0.271484375 0.08922164351851847 0.091796875
0 0.29912471064814816 0.8299913194444444 0.11297743055555554 0.1138020833333333
0 0.5701533564814816 0.26165364583333334 0.0654658564814814 0.0697916666666667
0 0.6446252893518518 0.5723958333333333 0.1348379629629628 0.1396701388888888
0 0.8569878472222222 0.8009982638888888 0.09913194444444451 0.10177951388888884
0 0.7022352430555556 0.3739149305555556 0.06153067129629619 0.06775173611111107
0 0.24649884259259258 0.09898003472222222 0.08123553240740744 0.07990451388888892
0 0.6900318287037037 0.07740885416666667 0.06339699074074079 0.061935763888888884
0 0.03292100694444444 0.8749565972222222 0.06535011574074073 0.061979166666666696
0 0.3818504050925926 0.12233072916666667 0.061501736111111094 0.0657986111111111
0 0.9686704282407408 0.4451171875 0.05015914351851869 0.09092881944444442
0 0.0527416087962963 0.4596137152777778 0.04754050925925926 0.04596354166666672
0 0.7767795138888889 0.943359375 0.11834490740740744 0.08072916666666674
0 0.04462528935185186 0.3485026041666667 0.07727141203703704 0.07591145833333335
0 0.4710865162037037 0.1613498263888889 0.12472511574074074 0.11601562500000001
0 0.03219039351851852 0.828125 0.06438078703703703 0.0678385416666667
0 0.26984230324074077 0.04255642361111111 0.11656539351851847 0.08511284722222222
0 0.39111689814814815 0.7488715277777778 0.08330439814814816 0.08776041666666679
0 0.146875 0.10217013888888889 0.09312789351851852 0.09188368055555554
0 0.40218460648148147 0.0068359375 0.10188078703703707 0.013671875
0 0.2523726851851852 0.49325086805555557 0.0693142361111111 0.06597222222222221
0 0.8198857060185185 0.07647569444444444 0.07336516203703702 0.07582465277777778
0 0.23667534722222222 0.3666883680555556 0.08502604166666672 0.07217881944444438
0 0.18276909722222223 0.31516927083333335 0.09508101851851852 0.09192708333333333
0 0.6928313078703703 0.21792534722222223 0.06537905092592577 0.0639322916666667
0 0.8974103009259259 0.049370659722222224 0.04354745370370372 0.04001736111111112
0 0.3068214699074074 0.5740451388888889 0.10490451388888888 0.09605034722222228
0 0.13527199074074076 0.6217881944444446 0.0573929398148148 0.05203993055555545
0 0.08624855324074074 0.5701605902777778 0.08735532407407409 0.09761284722222219
0 0.14634693287037037 0.8626736111111111 0.06331018518518516 0.056076388888888884
0 0.6025245949074074 0.7783420138888889 0.14046585648148158 0.12417534722222223
0 0.7776114004629631 0.5577256944444444 0.05954861111111098 0.06575520833333348
0 0.8064525462962963 0.6537326388888889 0.10881076388888888 0.09613715277777768
0 0.7208984375 0.8274522569444445 0.06138599537037037 0.05798611111111107
0 0.6404803240740741 0.9180772569444444 0.0654079861111112 0.0658854166666667