0 0.5471281828703703 0.9129484953703704 0.13097511574074083 0.11893807870370376
0 0.48250144675925927 0.6097077546296297 0.14946469907407411 0.13703703703703685
0 0.7874710648148149 0.43635706018518516 0.13067129629629637 0.11307870370370376
0 0.34989149305555556 0.48551070601851853 0.09891493055555556 0.10238715277777777
0 0.26100983796296295 0.11061197916666668 0.11053240740740744 0.10078124999999999
0 0.548705150462963 0.3397569444444445 0.12100694444444438 0.1147424768518519
0 0.16128472222222223 0.5263093171296296 0.11278935185185185 0.10669849537037024
0 0.08140190972222222 0.7399377893518518 0.09292534722222223 0.13731192129629632
0 0.14706307870370372 0.04743923611111111 0.10662615740740744 0.09487847222222222
0 0.06553819444444445 0.18878038194444446 0.0417679398148148 0.09094328703703702
0 0.4448712384259259 0.09147135416666666 0.13302951388888884 0.12094907407407407
0 0.8210503472222221 0.08423755787037038 0.09861111111111098 0.09652777777777777
0 0.3287688078703703 0.8137876157407408 0.1303674768518519 0.10721932870370376
0 0.08069299768518519 0.46218894675925926 0.09049479166666666 0.09043692129629632
0 0.7759476273148148 0.2518446180555556 0.10622106481481475 0.09285300925925921
0 0.9411928530092593 0.3788773148148148 0.11761429398148149 0.11681134259259252
0 0.5672960069444445 0.22672887731481484 0.09850983796296298 0.09457465277777777
0 0.9465277777777779 0.12746672453703703 0.09470486111111098 0.09641203703703705
0 0.9748914930555556 0.22126736111111112 0.050217013888888884 0.10335648148148147
0 0.49310619212962964 0.19176070601851852 0.0897858796296297 0.07676504629629632
0 0.35712528935185184 0.568431712962963 0.1152488425925926 0.11652199074074066
0 0.6597005208333333 0.6318431712962963 0.12285879629629637 0.11284722222222232
0 0.6446686921296296 0.3985315393518518 0.1025173611111112 0.0966435185185186
0 0.9289134837962962 0.6365813078703704 0.1352864583333333 0.12686631944444438
0 0.4082537615740741 0.9131510416666666 0.08813657407407405 0.08256655092592613
0 0.37549913194444445 0.33804253472222223 0.10036168981481486 0.09267939814814818
0 0.1326388888888889 0.35110677083333336 0.08463541666666669 0.09026331018518519
0 0.10465856481481482 0.6414424189814815 0.0779658564814815 0.07446469907407405
0 0.05070167824074075 0.5628399884259259 0.046513310185185175 0.06963252314814827
0 0.4267288773148148 0.42063802083333335 0.08022280092592582 0.08038194444444446
0 0.7332537615740742 0.03206741898148148 0.07715567129629619 0.058839699074074076
0 0.4351924189814815 0.7724898726851852 0.07405960648148147 0.07434895833333321
0 0.654419849537037 0.8129412615740741 0.06574074074074066 0.064351851851852
0 0.8427155671296296 0.3134403935185185 0.08022280092592604 0.08038194444444446