0 0.5817274305555555 0.35673466435185186 0.11679687499999991 0.11371527777777779
0 0.5227864583333334 0.048828125 0.08052662037037028 0.0896267361111111
0 0.8801938657407408 0.02493851273148148 0.08648726851851851 0.04987702546296296
0 0.5916015625 0.5602936921296295 0.10416666666666652 0.09526909722222232
0 0.7540581597222222 0.7292028356481481 0.09275173611111098 0.10026041666666674
0 0.05649594907407407 0.46762876157407407 0.07611400462962964 0.0795717592592593
0 0.22116608796296297 0.04976851851851852 0.07961516203703706 0.0720486111111111
0 0.3056495949074074 0.09020543981481483 0.0824797453703704 0.08977141203703703
0 0.4032045717592593 0.0849247685185185 0.09635416666666674 0.09469039351851852
0 0.13190827546296297 0.08264612268518519 0.10221354166666669 0.09512442129629631
0 0.365357349537037 0.7210286458333333 0.07621527777777781 0.08152488425925908
0 0.6232277199074074 0.9071903935185185 0.06317997685185173 0.05526620370370372
0 0.331691261574074 0.5260416666666666 0.08083043981481475 0.09548611111111116
0 0.485988136574074 0.12062355324074074 0.06809895833333335 0.07508680555555555
0 0.41080729166666663 0.5386646412037037 0.07981770833333335 0.07595486111111116
0 0.15031828703703703 0.2904369212962963 0.0766203703703704 0.0893373842592593
0 0.04479166666666667 0.0929904513888889 0.06348379629629629 0.06112557870370372
0 0.9402271412037038 0.7222222222222222 0.04055266203703711 0.06915509259259256
0 0.8915364583333333 0.3104383680555556 0.07005208333333335 0.0752314814814814
0 0.31235532407407407 0.3173466435185185 0.07806712962962958 0.07971643518518512