0 0.517751736111111 0.2804904513888889 0.12620081018518503 0.1235532407407407
0 0.6114076967592592 0.6323784722222223 0.1073495370370372 0.10141782407407396
0 0.8460069444444445 0.12528935185185186 0.10286458333333348 0.09150752314814814
0 0.288671875 0.6448929398148149 0.07034143518518521 0.06886574074074092
0 0.43938802083333334 0.9574652777777778 0.10458622685185182 0.08506944444444442
0 0.5522135416666667 0.16138599537037038 0.10930266203703698 0.10149016203703703
0 0.5290002893518518 0.4375 0.0844762731481481 0.07718460648148151
0 0.49542824074074077 0.49204282407407407 0.054021990740740655 0.05656828703703698
0 0.7623336226851851 0.19950810185185186 0.08103298611111098 0.08485243055555558
0 0.9564814814814815 0.24291087962962965 0.04116030092592604 0.06973379629629628
0 0.5940031828703705 0.4966724537037037 0.09309895833333348 0.09114583333333326
0 0.8414496527777777 0.1691623263888889 0.09056712962962976 0.08130787037037035
0 0.007884837962962965 0.6260127314814815 0.01576967592592593 0.07009548611111116
0 0.920652488425926 0.0712890625 0.0805700231481481 0.07703993055555558
0 0.0531322337962963 0.5402560763888888 0.07252604166666667 0.07284432870370372
0 0.003649450231481482 0.6845703125 0.007298900462962964 0.0658998842592593
0 0.6646484375 0.1303168402777778 0.10999710648148153 0.11320891203703703
0 0.08311631944444445 0.41413483796296297 0.06643518518518518 0.06872106481481477
0 0.057103587962962964 0.1264105902777778 0.07217881944444444 0.06698495370370372
0 0.5566261574074074 0.8466435185185185 0.09493634259259265 0.08926504629629628
0 0.03645109953703704 0.9845920138888888 0.0625144675925926 0.03081597222222232
0 0.9338758680555556 0.7069589120370371 0.057711226851851816 0.0859375
0 0.8110098379629629 0.6828342013888888 0.060460069444444375 0.06655092592592604
0 0.3921730324074074 0.549877025462963 0.08930844907407409 0.09295428240740744
0 0.28100405092592595 0.5760995370370371 0.06332465277777777 0.04911747685185186
0 0.8848813657407407 0.8235677083333333 0.05183738425925921 0.05258969907407396
0 0.8808232060185186 0.9085648148148149 0.0497685185185186 0.05056423611111116
0 0.788990162037037 0.3277271412037037 0.06252893518518521 0.06857638888888884
0 0.3365740740740741 0.13382523148148148 0.053327546296296324 0.044849537037037035
0 0.4320674189814815 0.35561342592592593 0.08596643518518521 0.06944444444444442
0 0.19427806712962964 0.5366753472222222 0.07183159722222221 0.06112557870370372
0 0.09525462962962963 0.7708333333333333 0.05815972222222221 0.0606192129629628
0 0.02678674768518519 0.7536168981481481 0.04597800925925926 0.05237268518518512
0 0.87890625 0.9574291087962963 0.053327546296296324 0.04484953703703698