0 0.6839192708333333 0.0687644675925926 0.10147569444444438 0.08738425925925927
0 0.40826822916666666 0.5982349537037037 0.12018229166666672 0.11303530092592595
0 0.4722222222222222 0.8083043981481481 0.09357638888888897 0.08531539351851847
0 0.259375 0.23250868055555557 0.087890625 0.08913483796296295
0 0.89140625 0.611255787037037 0.09001736111111125 0.09307002314814827
0 0.611501736111111 0.4888671875 0.13489583333333321 0.1366753472222222
0 0.12005208333333334 0.2890769675925926 0.1098958333333333 0.10117187500000002
0 0.6074001736111111 0.8669849537037038 0.08958333333333335 0.08330439814814827
0 0.3579427083333333 0.8290870949074074 0.08355034722222232 0.07931134259259265
0 0.2687717013888889 0.5267867476851852 0.12434895833333337 0.11895254629629637
0 0.6181206597222222 0.44987702546296293 0.11796875000000018 0.10714699074074074
0 0.288671875 0.8925564236111111 0.07947048611111107 0.07534722222222223
0 0.09537760416666666 0.20662615740740742 0.10750868055555557 0.09137731481481481
0 0.7147352430555556 0.2109157986111111 0.0795572916666667 0.07730034722222223
0 0.7504991319444444 0.9013527199074074 0.12026909722222223 0.11498842592592595
0 0.6054904513888889 0.514185474537037 0.10581597222222228 0.09720775462962972
0 0.18385416666666668 0.6125 0.08168402777777778 0.08123553240740744
0 0.8259331597222223 0.787160011574074 0.17161458333333335 0.1723524305555557
0 0.060221354166666664 0.8657190393518519 0.08706597222222222 0.11449652777777786