0 0.6884765625 0.748046875 0.0712890625 0.0751953125
0 0.56640625 0.8291015625 0.0625 0.0654296875
0 0.2294921875 0.4482421875 0.0654296875 0.05859375
0 0.5048828125 0.173828125 0.0927734375 0.0859375
0 0.365234375 0.4560546875 0.0888671875 0.0751953125
0 0.1259765625 0.748046875 0.078125 0.0751953125
0 0.5498046875 0.0546875 0.134765625 0.109375
0 0.830078125 0.5703125 0.0830078125 0.07421875
0 0.9658203125 0.7548828125 0.06640625 0.0830078125
0 0.8505859375 0.876953125 0.072265625 0.064453125
0 0.134765625 0.4814453125 0.056640625 0.068359375
0 0.9306640625 0.0458984375 0.0751953125 0.0703125
0 0.048828125 0.966796875 0.0888671875 0.06640625
0 0.1240234375 0.587890625 0.0615234375 0.0556640625
0 0.6865234375 0.2666015625 0.068359375 0.0634765625
0 0.6748046875 0.9287109375 0.0673828125 0.0693359375
0 0.5078125 0.255859375 0.0908203125 0.08984375
0 0.1943359375 0.2041015625 0.0654296875 0.060546875
0 0.455078125 0.7998046875 0.0634765625 0.0693359375
0 0.046875 0.1435546875 0.0703125 0.0791015625
0 0.8740234375 0.185546875 0.0654296875 0.0791015625
0 0.1689453125 0.416015625 0.037109375 0.0419921875
0 0.763671875 0.46484375 0.0498046875 0.0478515625
0 0.208984375 0.6767578125 0.0576171875 0.0537109375
0 0.0244140625 0.7138671875 0.048828125 0.0615234375
0 0.193359375 0.8388671875 0.052734375 0.0537109375
0 0.091796875 0.8115234375 0.080078125 0.060546875
0 0.623046875 0.841796875 0.0546875 0.0498046875
0 0.1923828125 0.150390625 0.076171875 0.0791015625
0 0.798828125 0.783203125 0.044921875 0.04296875
0 0.32421875 0.044921875 0.1015625 0.0810546875
0 0.1201171875 0.1484375 0.0673828125 0.06640625
0 0.197265625 0.7421875 0.0537109375 0.0498046875
0 0.5087890625 0.3564453125 0.0556640625 0.0576171875
0 0.880859375 0.1640625 0.0537109375 0.0458984375
0 0.017578125 0.3974609375 0.03515625 0.0615234375
0 0.640625 0.0166015625 0.05078125 0.033203125
0 0.05078125 0.0361328125 0.0625 0.0576171875
0 0.1376953125 0.501953125 0.076171875 0.0791015625
0 0.443359375 0.2080078125 0.0546875 0.056640625
0 0.8115234375 0.2431640625 0.060546875 0.0595703125
0 0.3076171875 0.099609375 0.09375 0.1044921875
0 0.2392578125 0.900390625 0.0810546875 0.07421875
0 0.330078125 0.3818359375 0.080078125 0.0810546875
0 0.5771484375 0.9091796875 0.115234375 0.12109375
0 0.3359375 0.9833984375 0.056640625 0.03125
0 0.384765625 0.7890625 0.0419921875 0.0390625
0 0.591796875 0.5595703125 0.0908203125 0.103515625
0 0.736328125 0.8984375 0.0712890625 0.091796875