0 0.6719401041666667 0.8902994791666666 0.13697916666666665 0.12586805555555558
0 0.5279947916666667 0.6265190972222222 0.1578124999999999 0.14612268518518512
0 0.7666666666666666 0.36516203703703703 0.13658854166666679 0.12000868055555558
0 0.36842447916666665 0.5530598958333334 0.10455729166666661 0.10713252314814814
0 0.18235677083333335 0.23093894675925924 0.11627604166666666 0.10756655092592593
0 0.5158203125 0.3539134837962963 0.12682291666666679 0.1196469907407407
0 0.20325520833333333 0.6516927083333333 0.1186197916666667 0.11349826388888884
0 0.16595052083333334 0.8882016782407407 0.14804687500000002 0.14576099537037024
0 0.05673828125 0.20276331018518517 0.1134765625 0.11725983796296302
0 0.022526041666666666 0.37427662037037035 0.04505208333333333 0.1079282407407407
0 0.35 0.15393518518518517 0.1390625000000001 0.1278935185185185
0 0.699609375 0.04940682870370371 0.10078125000000004 0.050491898148148154
0 0.43951822916666666 0.8670066550925926 0.13632812500000002 0.11610243055555558
0 0.10957031249999999 0.6178747106481481 0.09583333333333333 0.09317129629629628
0 0.7064453125000001 0.1965060763888889 0.10976562500000009 0.09758391203703703
0 0.8889973958333333 0.26298466435185186 0.11315104166666679 0.119140625
0 0.9291015625000001 0.9096137152777778 0.028255208333333393 0.0439091435185186
0 0.5018880208333334 0.23983651620370372 0.1040364583333333 0.09932002314814814
0 0.8296223958333333 0.05226417824074075 0.09466145833333339 0.04636863425925926
0 0.8843098958333333 0.09834346064814817 0.06093750000000009 0.09577546296296297
0 0.42311197916666665 0.2320240162037037 0.09309895833333326 0.08138020833333331
0 0.399609375 0.6286168981481481 0.123046875 0.12145543981481488
0 0.033984375 0.13321035879629628 0.06796875 0.07892071759259256
0 0.7007161458333333 0.5908203125 0.12864583333333335 0.11776620370370372
0 0.6220052083333334 0.37644675925925924 0.10820312500000018 0.10337094907407407
0 0.41497395833333334 0.4715711805555555 0.0990885416666667 0.08355034722222221
0 0.32805989583333334 0.0718677662037037 0.13098958333333333 0.09447337962962962