0 0.8954210069444444 0.4945963541666667 0.06796874999999991 0.0747395833333333
0 0.5995008680555556 0.47389322916666665 0.099609375 0.09440104166666674
0 0.7783420138888889 0.8865885416666667 0.10360243055555562 0.09856770833333339
0 0.9700086805555556 0.9141927083333333 0.059982638888888884 0.07265625000000009
0 0.462890625 0.11861979166666667 0.08953993055555554 0.080078125
0 0.41226128472222223 0.16595052083333334 0.109375 0.09505208333333331
0 0.31356336805555557 0.1564453125 0.08758680555555554 0.07994791666666667
0 0.31957465277777775 0.38307291666666665 0.06401909722222232 0.07252604166666665
0 0.07905815972222222 0.48600260416666663 0.08211805555555557 0.0971354166666667
0 0.15004340277777778 0.12604166666666666 0.09175347222222224 0.09192708333333333
0 0.7838541666666667 0.08151041666666667 0.06770833333333348 0.06302083333333333
0 0.8691189236111111 0.18860677083333333 0.08172743055555554 0.0795572916666667
0 0.15861545138888888 0.3362630208333333 0.08993055555555557 0.09765625
0 0.6090711805555555 0.6851562499999999 0.06987847222222232 0.07291666666666652
0 0.38795572916666665 0.7835286458333334 0.06805555555555554 0.0786458333333333
0 0.3572048611111111 0.5845052083333333 0.06987847222222221 0.07291666666666652
0 0.03717447916666666 0.2686848958333333 0.04036458333333334 0.06119791666666663
0 0.0240234375 0.4228515625 0.030859374999999994 0.072265625