0 0.1787109375 0.0986328125 0.0634765625 0.064453125
0 0.2890625 0.3994140625 0.0634765625 0.060546875
0 0.140625 0.666015625 0.0986328125 0.0947265625
0 0.4404296875 0.8876953125 0.064453125 0.072265625
0 0.3466796875 0.4287109375 0.06640625 0.0625
0 0.84765625 0.5859375 0.0673828125 0.0615234375
0 0.1005859375 0.537109375 0.0986328125 0.083984375
0 0.2255859375 0.232421875 0.0546875 0.0546875
0 0.3701171875 0.708984375 0.072265625 0.1103515625
0 0.1376953125 0.9716796875 0.0927734375 0.056640625
0 0.626953125 0.412109375 0.0498046875 0.0517578125
0 0.591796875 0.80078125 0.068359375 0.06640625
0 0.1201171875 0.748046875 0.095703125 0.0986328125
0 0.74609375 0.1123046875 0.0712890625 0.078125
0 0.9248046875 0.2578125 0.06640625 0.0732421875
0 0.1923828125 0.41796875 0.0595703125 0.0625
0 0.4453125 0.6787109375 0.0634765625 0.072265625
0 0.7724609375 0.431640625 0.05078125 0.0439453125
0 0.03125 0.6572265625 0.060546875 0.1083984375
0 0.849609375 0.0224609375 0.0478515625 0.04296875
0 0.9833984375 0.2978515625 0.033203125 0.0546875
0 0.904296875 0.8056640625 0.0751953125 0.0791015625
0 0.6015625 0.6162109375 0.048828125 0.052734375
0 0.072265625 0.140625 0.1064453125 0.111328125
0 0.4111328125 0.109375 0.05859375 0.0634765625
0 0.5048828125 0.259765625 0.181640625 0.1513671875
0 0.7626953125 0.755859375 0.0673828125 0.0732421875
0 0.6884765625 0.7109375 0.0556640625 0.0830078125
0 0.533203125 0.962890625 0.0751953125 0.0517578125
0 0.3359375 0.93359375 0.0703125 0.083984375
0 0.2880859375 0.234375 0.0654296875 0.0595703125
0 0.2060546875 0.037109375 0.060546875 0.0546875
0 0.5556640625 0.154296875 0.0595703125 0.0595703125
0 0.4150390625 0.4931640625 0.068359375 0.0576171875
0 0.7294921875 0.3994140625 0.072265625 0.0654296875
0 0.9404296875 0.1923828125 0.0595703125 0.064453125
0 0.8779296875 0.125 0.0546875 0.0556640625
0 0.5263671875 0.490234375 0.0712890625 0.0615234375
0 0.1455078125 0.3359375 0.0634765625 0.0625
0 0.201171875 0.3388671875 0.0615234375 0.078125
0 0.6376953125 0.5263671875 0.064453125 0.0732421875
0 0.7509765625 0.248046875 0.0751953125 0.06640625
0 0.8486328125 0.25390625 0.080078125 0.1240234375
0 0.494140625 0.041015625 0.0859375 0.08203125