0 0.5620081018518519 0.5458984375 0.09390914351851842 0.10807291666666674
0 0.5853587962962963 0.7413194444444444 0.08631365740740748 0.07834201388888884
0 0.4658275462962963 0.24699797453703703 0.09091435185185182 0.0903501157407407
0 0.705982349537037 0.17820457175925924 0.0956307870370372 0.10431134259259256
0 0.44843750000000004 0.8142361111111112 0.09574652777777781 0.10626446759259256
0 0.7234809027777778 0.7879774305555556 0.08677662037037037 0.08615451388888884
0 0.2718967013888889 0.014539930555555554 0.06332465277777777 0.02907986111111111
0 0.7501446759259259 0.9399956597222222 0.09869791666666661 0.02481192129629628
0 0.5540219907407407 0.022641782407407406 0.06011284722222232 0.04528356481481481
0 0.755345775462963 0.3491391782407407 0.06666666666666665 0.07494212962962954
0 0.4779296875 0.3353587962962963 0.07229456018518521 0.07146990740740744
0 0.07745225694444444 0.8270037615740741 0.06323784722222223 0.11552372685185186
0 0.6366608796296296 0.8787615740740741 0.07631655092592604 0.0737123842592593
0 0.29442997685185185 0.43330439814814814 0.06804108796296293 0.06532118055555558
0 0.04349681712962963 0.5519386574074074 0.024262152777777782 0.04846643518518512
0 0.4216507523148148 0.24634693287037035 0.06401909722222221 0.06307870370370372
0 0.42746672453703705 0.5431134259259259 0.0805700231481481 0.07986111111111116
0 0.14851707175925927 0.8344907407407407 0.06655092592592593 0.07298900462962976
0 0.7102502893518519 0.34953703703703703 0.07092013888888893 0.08109085648148151
0 0.3873408564814815 0.34599247685185186 0.07884837962962965 0.08362268518518512
0 0.2148220486111111 0.5961371527777778 0.05574363425925921 0.0546875
0 0.1150173611111111 0.02618634259259259 0.06206597222222221 0.05237268518518518
0 0.8285300925925926 0.8723958333333334 0.09849537037037037 0.08702256944444442
0 0.5979673032407408 0.5402922453703703 0.10458622685185182 0.09136284722222232
0 0.042896412037037035 0.4921513310185185 0.030237268518518517 0.05085358796296302
0 0.4850260416666667 0.40545428240740744 0.0829861111111111 0.08781828703703698
0 0.11278935185185185 0.18192997685185186 0.052068865740740766 0.05830439814814814
0 0.4467664930555556 0.02086950231481481 0.06815682870370376 0.04173900462962962
0 0.10697337962962963 0.022786458333333332 0.07332175925925927 0.045572916666666664
0 0.9765046296296296 0.7491319444444444 0.04699074074074083 0.06278935185185186
0 0.37765480324074074 0.7949580439814814 0.09356192129629637 0.10221354166666652
0 0.3043113425925926 0.1697048611111111 0.06218171296296293 0.06488715277777779
0 0.7232277199074073 0.8664641203703705 0.06574074074074066 0.05931712962962976
0 0.4993344907407407 0.9448423032407407 0.07297453703703705 0.05013020833333348
0 0.1163990162037037 0.5573278356481481 0.06401909722222224 0.06307870370370372
0 0.8580729166666666 0.7750651041666666 0.06390335648148149 0.06112557870370372
0 0.6438440393518519 0.0896267361111111 0.07826967592592604 0.07385706018518517
0 0.23287037037037037 0.7517361111111112 0.04667245370370371 0.06568287037037024
0 0.11014178240740741 0.3027705439814815 0.07068865740740743 0.0771846064814814
0 0.10188802083333334 0.34555844907407407 0.05551215277777777 0.05078125
0 0.23141637731481482 0.04857494212962963 0.06701388888888887 0.08080150462962964
0 0.9514322916666667 0.2649739583333333 0.07884837962962976 0.08362268518518523
0 0.7733289930555556 0.4870876736111111 0.06195023148148149 0.06098090277777779
0 0.5816478587962963 0.6621455439814815 0.07264178240740726 0.07732928240740744