0 0.5113498263888889 0.7905960648148148 0.09986979166666665 0.09658564814814818
0 0.1291015625 0.6386212384259259 0.08771701388888886 0.08647280092592591
0 0.5024305555555556 0.259888599537037 0.1079427083333333 0.10267650462962963
0 0.674001736111111 0.9520109953703704 0.08854166666666652 0.061140046296296324
0 0.4654730902777778 0.11039496527777778 0.11176215277777779 0.10083912037037035
0 0.17549913194444444 0.36247106481481484 0.13020833333333337 0.12089120370370376
0 0.3797526041666667 0.6458622685185185 0.10190972222222228 0.0985966435185186
0 0.16397569444444443 0.08119212962962963 0.12222222222222223 0.11675347222222221
0 0.8335286458333333 0.16304976851851855 0.07929687500000004 0.07256944444444446
0 0.0345703125 0.5798177083333333 0.020876736111111113 0.0747395833333333
0 0.06130642361111112 0.7853515625 0.05716145833333333 0.10117187499999991
0 0.2201605902777778 0.7953125000000001 0.08159722222222221 0.08043981481481488
0 0.4047743055555556 0.5268012152777778 0.10190972222222228 0.0985966435185186
0 0.9178385416666666 0.10188078703703704 0.07938368055555545 0.07452256944444446
0 0.9617730034722223 0.38203125 0.07645399305555545 0.08842592592592591
0 0.2886501736111111 0.31218171296296293 0.09613715277777779 0.10037615740740735
0 0.9602430555555556 0.8799696180555556 0.04661458333333335 0.08330439814814827
0 0.5850043402777778 0.8637080439814815 0.08967013888888875 0.08653067129629632
0 0.17680121527777778 0.2597583912037037 0.09257812500000001 0.10807291666666663
0 0.9403211805555556 0.5197337962962963 0.09544270833333335 0.08475115740740735
0 0.6650390625 0.026341869212962964 0.07274305555555549 0.05268373842592593
0 0.27656250000000004 0.9422743055555556 0.06397569444444451 0.03505497685185199
0 0.6620442708333334 0.4849537037037037 0.07521701388888902 0.06854745370370363
0 0.5300347222222223 0.044921875 0.06909722222222214 0.0625144675925926
0 0.9558159722222221 0.9563729745370371 0.024913194444444287 0.03389756944444455
0 0.5714409722222222 0.6685402199074074 0.10386284722222228 0.0986545138888888
0 0.5951822916666667 0.4986689814814815 0.08415798611111125 0.09416956018518519
0 0.9121744791666667 0.6564887152777777 0.09739583333333335 0.08480902777777777
0 0.8421875000000001 0.291869212962963 0.07938368055555545 0.07452256944444446
0 0.6399956597222223 0.34088541666666666 0.06927083333333339 0.0664207175925926
0 0.9361979166666666 0.20694444444444443 0.06527777777777777 0.06435185185185188
0 0.9689019097222222 0.7887731481481481 0.05177951388888902 0.0678530092592593
0 0.8689019097222223 0.8709418402777778 0.06553819444444442 0.07021122685185177
0 0.3002387152777778 0.13289207175925927 0.0674045138888889 0.06831597222222219