0 0.6184895833333333 0.4966796875 0.1264756944444443 0.12916666666666665
0 0.6339192708333333 0.8326822916666667 0.10555555555555562 0.09661458333333339
0 0.3427951388888889 0.6614583333333333 0.07938368055555556 0.07734374999999982
0 0.6443793402777778 0.20065104166666667 0.1371093750000001 0.14934895833333334
0 0.04945746527777778 0.346484375 0.09891493055555556 0.13437500000000002
0 0.9557074652777777 0.64453125 0.03997395833333339 0.0669270833333333
0 0.5174045138888889 0.3028645833333333 0.12452256944444451 0.12903645833333333
0 0.7351345486111112 0.1861328125 0.0903645833333333 0.10533854166666667
0 0.3579861111111111 0.8926432291666666 0.08745659722222221 0.08372395833333313
0 0.18821614583333335 0.8117838541666667 0.08355034722222221 0.0834635416666667
0 0.05978732638888889 0.6161458333333334 0.07395833333333333 0.08671875000000018
0 0.5174045138888889 0.17063802083333335 0.09917534722222232 0.0845052083333333
0 0.9319878472222223 0.23059895833333333 0.029600694444444464 0.052604166666666674
0 0.8792317708333333 0.07330729166666666 0.06575520833333348 0.033593750000000006
0 0.8630425347222221 0.6579427083333333 0.07938368055555545 0.07734375000000004
0 0.9413845486111112 0.9227213541666667 0.04396701388888902 0.06914062499999996
0 0.5119140625 0.6247395833333333 0.10607638888888893 0.10833333333333339
0 0.20147569444444446 0.18287760416666665 0.07183159722222221 0.08268229166666663