0 0.5070529513888888 0.7725260416666666 0.13684895833333321 0.14162326388888902
0 0.044111689814814815 0.4244574652777778 0.08822337962962963 0.10421006944444444
0 0.3139105902777778 0.3638454861111111 0.09315682870370368 0.09247685185185184
0 0.26274594907407406 0.3241898148148148 0.08514178240740744 0.07874710648148153
0 0.2353370949074074 0.13105468750000002 0.07531828703703702 0.07476851851851851
0 0.825875289351852 0.8707392939814815 0.1030671296296295 0.10231481481481497
0 0.3724175347222223 0.6329137731481481 0.07540509259259265 0.08062789351851851
0 0.17191840277777778 0.7867259837962963 0.11475694444444445 0.10044849537037037
0 0.040596064814814814 0.6402922453703703 0.08119212962962963 0.11394675925925934
0 0.21958188657407407 0.00910011574074074 0.08036747685185186 0.01820023148148148
0 0.05473090277777778 0.5815972222222222 0.10946180555555556 0.12196180555555558
0 0.6122178819444445 0.39678819444444446 0.07925347222222223 0.07675057870370372
0 0.9534649884259259 0.5631872106481481 0.07744502314814827 0.08650173611111112
0 0.0806640625 0.15758825231481483 0.06788194444444445 0.10010127314814815
0 0.27434172453703703 0.5301359953703704 0.11513310185185188 0.12583912037037037
0 0.017144097222222224 0.8836154513888889 0.03428819444444445 0.06870659722222228
0 0.6988642939814815 0.6119429976851851 0.14911747685185173 0.17881944444444464
0 0.2862485532407407 0.6491753472222221 0.10528067129629637 0.11990740740740735
0 0.807863136574074 0.10923755787037037 0.08321759259259265 0.08068576388888887
0 0.31730324074074073 0.8598596643518519 0.09723668981481481 0.10422453703703694
0 0.21813512731481483 0.633080150462963 0.09137731481481481 0.10418113425925934
0 0.8925202546296296 0.6564019097222222 0.07721354166666661 0.07087673611111112
0 0.7648582175925926 0.44155092592592593 0.07517361111111098 0.06500289351851851
0 0.9565682870370371 0.28780381944444444 0.07974537037037033 0.10995370370370372
0 0.36260127314814816 0.044741030092592594 0.10292245370370368 0.08948206018518519
0 0.14874855324074074 0.30745804398148147 0.09723668981481481 0.10422453703703705
0 0.5317274305555556 0.6229456018518519 0.11519097222222219 0.12974537037037037
0 0.10225694444444444 0.875122974537037 0.09895833333333331 0.08861400462962976
0 0.12446469907407406 0.03585069444444444 0.09872685185185187 0.07170138888888888
0 0.5408781828703704 0.07118055555555555 0.09913194444444451 0.10033275462962965
0 0.5387659143518518 0.345580150462963 0.0873842592592593 0.09829282407407414
0 0.7234013310185186 0.4057291666666667 0.06925636574074057 0.0610532407407407
0 0.6173032407407407 0.5149016203703703 0.08732638888888888 0.09438657407407414
0 0.6746744791666667 0.7947193287037038 0.07138310185185182 0.0727864583333333
0 0.3885416666666667 0.928660300925926 0.10347222222222219 0.12965856481481497
0 0.22801649305555557 0.8888382523148148 0.09717881944444445 0.10031828703703694
0 0.21120515046296295 0.4417462384259259 0.07537615740740744 0.07867476851851851
0 0.04605758101851852 0.2525607638888889 0.04053819444444445 0.09989872685185186
0 0.3603660300925926 0.12817563657407408 0.08715277777777775 0.08266782407407408
0 0.41336082175925926 0.24202835648148147 0.08339120370370368 0.09240451388888893
0 0.7559389467592592 0.18676215277777777 0.08508391203703702 0.07484085648148148
0 0.7872251157407407 0.25 0.07756076388888888 0.09431423611111112