0 0.5146484375 0.5634765625 0.0712890625 0.0869140625
0 0.5517578125 0.7470703125 0.0703125 0.0595703125
0 0.400390625 0.287109375 0.0732421875 0.0693359375
0 0.623046875 0.20703125 0.07421875 0.08203125
0 0.427734375 0.82421875 0.0732421875 0.0859375
0 0.685546875 0.7822265625 0.068359375 0.0673828125
0 0.19921875 0.064453125 0.0517578125 0.048828125
0 0.7265625 0.9609375 0.0869140625 0.0771484375
0 0.4658203125 0.0625 0.0478515625 0.048828125
0 0.6826171875 0.3662109375 0.052734375 0.060546875
0 0.4189453125 0.3701171875 0.05859375 0.0546875
0 0.0537109375 0.86328125 0.08984375 0.0947265625
0 0.6103515625 0.873046875 0.0625 0.0576171875
0 0.2529296875 0.474609375 0.0537109375 0.0517578125
0 0.0166015625 0.6025390625 0.033203125 0.041015625
0 0.3583984375 0.2890625 0.0517578125 0.048828125
0 0.38671875 0.5693359375 0.064453125 0.0634765625
0 0.1455078125 0.8623046875 0.0517578125 0.05859375
0 0.6396484375 0.3681640625 0.0546875 0.064453125
0 0.333984375 0.38671875 0.0625 0.06640625
0 0.189453125 0.6328125 0.0458984375 0.04296875
0 0.052734375 0.0947265625 0.0498046875 0.0537109375
0 0.9697265625 0.1220703125 0.0576171875 0.0732421875
0 0.7919921875 0.85546875 0.0810546875 0.0654296875
0 0.5478515625 0.556640625 0.0849609375 0.068359375
0 0.9521484375 0.392578125 0.0478515625 0.0439453125
0 0.0166015625 0.546875 0.03125 0.04296875
0 0.4306640625 0.435546875 0.06640625 0.068359375
0 0.0625 0.248046875 0.0400390625 0.046875
0 0.3642578125 0.0634765625 0.0537109375 0.052734375
0 0.04296875 0.0810546875 0.05859375 0.0654296875
0 0.9296875 0.7314453125 0.048828125 0.0498046875
0 0.359375 0.810546875 0.0732421875 0.0810546875
0 0.0166015625 0.708984375 0.0322265625 0.0478515625
0 0.2421875 0.2255859375 0.048828125 0.05078125
0 0.69140625 0.857421875 0.0537109375 0.0439453125
0 0.4873046875 0.9619140625 0.0634765625 0.0654296875
0 0.09375 0.6025390625 0.0517578125 0.048828125
0 0.8125 0.76171875 0.0517578125 0.0478515625
0 0.5576171875 0.126953125 0.0625 0.0576171875
0 0.2177734375 0.7783203125 0.0341796875 0.0546875
0 0.068359375 0.3623046875 0.0546875 0.0615234375
0 0.0634765625 0.4033203125 0.044921875 0.0390625
0 0.1640625 0.1142578125 0.05078125 0.06640625
0 0.861328125 0.2744140625 0.0615234375 0.06640625
0 0.7109375 0.4951171875 0.0498046875 0.0478515625
0 0.5419921875 0.671875 0.056640625 0.0615234375