0 0.6787109375 0.4696903935185185 0.134765625 0.14175347222222223
0 0.5732421875 0.8247685185185185 0.111328125 0.10733506944444438
0 0.3359375 0.5636357060185184 0.083984375 0.0844328703703705
0 0.8125 0.17076099537037037 0.146484375 0.16189236111111116
0 0.13671875 0.15013744212962962 0.130859375 0.14741030092592594
0 0.6435546875 0.2420211226851852 0.130859375 0.13959780092592594
0 0.9111328125 0.18224826388888887 0.095703125 0.11629050925925927
0 0.267578125 0.8074146412037038 0.091796875 0.09069733796296298
0 0.1240234375 0.6752097800925926 0.08984375 0.09254918981481475
0 0.0615234375 0.43626302083333335 0.078125 0.09389467592592593
0 0.69140625 0.10477430555555556 0.10546875 0.09335937500000002
0 0.87109375 0.708738425925926 0.083984375 0.0844328703703705
0 0.5224609375 0.5725188078703703 0.11328125 0.1191550925925926
0 0.3623046875 0.035051359953703703 0.076171875 0.07010271990740741