0 0.57421875 0.4013671875 0.087890625 0.09375
0 0.828125 0.1796875 0.0771484375 0.0830078125
0 0.4375 0.169921875 0.068359375 0.0703125
0 0.44921875 0.970703125 0.0556640625 0.0556640625
0 0.1357421875 0.431640625 0.060546875 0.0634765625
0 0.0244140625 0.7412109375 0.048828125 0.0693359375
0 0.67578125 0.8603515625 0.060546875 0.0615234375
0 0.140625 0.1435546875 0.064453125 0.07421875
0 0.84375 0.4091796875 0.0869140625 0.0888671875
0 0.3642578125 0.1015625 0.0751953125 0.0830078125
0 0.6005859375 0.26171875 0.0791015625 0.072265625
0 0.509765625 0.8603515625 0.0693359375 0.0693359375
0 0.830078125 0.669921875 0.05859375 0.0615234375
0 0.01953125 0.4326171875 0.0380859375 0.0498046875
0 0.2607421875 0.9765625 0.064453125 0.046875
0 0.77734375 0.59375 0.0927734375 0.0947265625
0 0.4951171875 0.708984375 0.0703125 0.064453125
0 0.3857421875 0.51953125 0.0751953125 0.0751953125
0 0.8759765625 0.544921875 0.0849609375 0.09765625
0 0.4638671875 0.6171875 0.0869140625 0.0751953125
0 0.72265625 0.42578125 0.060546875 0.0634765625
0 0.0634765625 0.169921875 0.0576171875 0.0615234375
0 0.439453125 0.36328125 0.0654296875 0.0556640625
0 0.0615234375 0.58984375 0.064453125 0.0732421875
0 0.283203125 0.494140625 0.0771484375 0.07421875
0 0.9345703125 0.1689453125 0.1240234375 0.1240234375
0 0.1015625 0.8701171875 0.068359375 0.0693359375
0 0.9794921875 0.7958984375 0.0400390625 0.072265625
0 0.0849609375 0.9638671875 0.083984375 0.0703125
0 0.9833984375 0.517578125 0.0283203125 0.0546875
0 0.9453125 0.021484375 0.06640625 0.0419921875
0 0.947265625 0.4287109375 0.048828125 0.0556640625
0 0.177734375 0.9306640625 0.0478515625 0.044921875
0 0.986328125 0.9150390625 0.02734375 0.0556640625
0 0.17578125 0.6328125 0.0859375 0.076171875
0 0.56640625 0.1416015625 0.068359375 0.0712890625
0 0.908203125 0.7509765625 0.0458984375 0.0595703125
0 0.85546875 0.8828125 0.060546875 0.0634765625
0 0.91796875 0.9091796875 0.0615234375 0.060546875
0 0.9296875 0.9755859375 0.046875 0.048828125
0 0.21875 0.3125 0.0537109375 0.052734375
0 0.2177734375 0.2314453125 0.056640625 0.0615234375
0 0.2451171875 0.12109375 0.0517578125 0.0498046875
0 0.7685546875 0.0751953125 0.0439453125 0.0478515625
0 0.6806640625 0.33984375 0.03515625 0.0517578125
0 0.310546875 0.6767578125 0.056640625 0.0751953125
0 0.3193359375 0.9033203125 0.0341796875 0.044921875
0 0.275390625 0.7724609375 0.05078125 0.0634765625
0 0.806640625 0.77734375 0.052734375 0.046875
0 0.265625 0.0654296875 0.05078125 0.0478515625