0 0.693359375 0.2216796875 0.064453125 0.064453125
0 0.1787109375 0.75 0.0615234375 0.0693359375
0 0.041015625 0.2529296875 0.0458984375 0.0439453125
0 0.4755859375 0.373046875 0.05859375 0.056640625
0 0.318359375 0.083984375 0.07421875 0.0654296875
0 0.1787109375 0.0830078125 0.05078125 0.0478515625
0 0.888671875 0.1142578125 0.06640625 0.0615234375
0 0.599609375 0.8662109375 0.083984375 0.080078125
0 0.568359375 0.4970703125 0.056640625 0.05859375
0 0.8251953125 0.7060546875 0.068359375 0.07421875
0 0.125 0.6943359375 0.0517578125 0.0537109375
0 0.73828125 0.6337890625 0.0693359375 0.0654296875
0 0.431640625 0.45703125 0.064453125 0.0732421875
0 0.6728515625 0.37109375 0.068359375 0.064453125
0 0.9755859375 0.5517578125 0.048828125 0.0517578125
0 0.7275390625 0.79296875 0.05859375 0.0546875
0 0.6298828125 0.64453125 0.056640625 0.0546875
0 0.01953125 0.4765625 0.0390625 0.0625
0 0.0146484375 0.3984375 0.029296875 0.0478515625
0 0.509765625 0.4501953125 0.0703125 0.0712890625
0 0.0185546875 0.044921875 0.037109375 0.0458984375
0 0.8193359375 0.2236328125 0.0625 0.064453125
0 0.677734375 0.7451171875 0.060546875 0.05859375
0 0.6396484375 0.46875 0.0517578125 0.052734375
0 0.5078125 0.5126953125 0.0703125 0.0458984375
0 0.3427734375 0.755859375 0.0498046875 0.0419921875
0 0.6796875 0.0849609375 0.0546875 0.0576171875
0 0.623046875 0.228515625 0.0546875 0.0625
0 0.2412109375 0.28515625 0.046875 0.0458984375
0 0.0712890625 0.2880859375 0.0478515625 0.044921875
0 0.017578125 0.697265625 0.03515625 0.0546875
0 0.1953125 0.265625 0.064453125 0.0693359375
0 0.44140625 0.7734375 0.05078125 0.0478515625
0 0.4384765625 0.9423828125 0.0517578125 0.052734375
0 0.259765625 0.353515625 0.052734375 0.0556640625
0 0.8916015625 0.23046875 0.0732421875 0.08203125
0 0.953125 0.662109375 0.048828125 0.0498046875
0 0.537109375 0.048828125 0.0439453125 0.0419921875