0 0.48074363425925926 0.30078125 0.09050925925925934 0.08984375
0 0.08802806712962963 0.8095703125 0.10235821759259262 0.107421875
0 0.18601707175925924 0.3271484375 0.07476851851851851 0.07421875
0 0.5897641782407408 0.912109375 0.08464988425925934 0.08984375
0 0.38799913194444446 0.9638671875 0.06879340277777779 0.05859375
0 0.48998119212962965 0.09765625 0.05902777777777768 0.05859375
0 0.13019386574074074 0.0419921875 0.06692708333333336 0.0703125
0 0.18799189814814815 0.59375 0.09244791666666669 0.087890625
0 0.5352213541666666 0.5361328125 0.07873263888888893 0.08203125
0 0.8851707175925926 0.0546875 0.09406828703703707 0.04296875
0 0.7568142361111111 0.919921875 0.06491608796296289 0.0625
0 0.8930989583333333 0.2021484375 0.07867476851851851 0.07421875
0 0.10860098379629629 0.6865234375 0.09438657407407408 0.0859375
0 0.5253038194444445 0.779296875 0.08259548611111112 0.076171875
0 0.881763599537037 0.78125 0.06296296296296289 0.0625
0 0.7353804976851852 0.794921875 0.0727719907407407 0.068359375
0 0.18069299768518518 0.794921875 0.06694155092592591 0.072265625
0 0.8118055555555556 0.8291015625 0.07280092592592591 0.072265625
0 0.9266999421296296 0.9150390625 0.06883680555555571 0.064453125
0 0.9623263888888889 0.4208984375 0.07534722222222223 0.091796875
0 0.9066695601851852 0.583984375 0.08462094907407414 0.0859375
0 0.9311487268518519 0.98828125 0.05486111111111125 0.0234375
0 0.4776475694444444 0.0146484375 0.05295138888888884 0.029296875
0 0.8681206597222222 0.521484375 0.06100983796296289 0.0625
0 0.9948133680555555 0.4775390625 0.010373263888888928 0.064453125
0 0.8888237847222222 0.6796875 0.08256655092592591 0.072265625
0 0.22961516203703702 0.2802734375 0.05707465277777779 0.05859375
0 0.06941550925925927 0.2744140625 0.04139178240740743 0.05078125
0 0.08768084490740741 0.103515625 0.06695601851851851 0.07421875
0 0.7915726273148148 0.470703125 0.05309606481481488 0.048828125
0 0.30290075231481484 0.8134765625 0.04524016203703707 0.04296875
0 0.9674045138888889 0.7412109375 0.03758680555555571 0.064453125
0 0.9505208333333333 0.8349609375 0.055353009259259345 0.08984375
0 0.9498553240740741 0.2177734375 0.04929108796296289 0.0625