0 0.5977864583333333 0.2806568287037037 0.13949652777777777 0.1328414351851852
0 0.4746889467592592 0.8118127893518519 0.11699942129629637 0.11267361111111107
0 0.7611328125000001 0.21438802083333333 0.13158275462962976 0.1306568287037037
0 0.9429615162037037 0.18657407407407406 0.09429976851851851 0.08859953703703705
0 0.28292824074074074 0.5610532407407407 0.07816840277777781 0.07837094907407405
0 0.12925347222222222 0.1775318287037037 0.13754340277777777 0.1327835648148148
0 0.6032986111111112 0.4940321180555556 0.12110821759259238 0.1166956018518519
0 0.8396412037037038 0.24228877314814817 0.08463541666666652 0.09026331018518519
0 0.6719184027777778 0.16730324074074074 0.09871238425925943 0.09848090277777777
0 0.30656828703703703 0.9513527199074074 0.06893807870370372 0.050795717592592604
0 0.4644314236111111 0.5771267361111111 0.10878182870370368 0.10462962962962963
0 0.17439236111111112 0.3224537037037037 0.08042534722222222 0.08428819444444446
0 0.5302083333333333 0.36163917824074077 0.07426215277777781 0.07825520833333344
0 0.10088975694444444 0.6493272569444444 0.07631655092592593 0.08026620370370363
0 0.29963831018518516 0.5020543981481481 0.08823784722222228 0.08451967592592591
0 0.022424768518518517 0.614134837962963 0.044849537037037035 0.09985532407407405
0 0.5258174189814815 0.46512586805555556 0.07591145833333335 0.07245370370370363
0 0.36822916666666666 0.012688078703703705 0.07994791666666667 0.02537615740740741
0 0.12385706018518519 0.7705295138888889 0.05782696759259259 0.06216724537037033
0 0.7604456018518518 0.7165653935185186 0.06203703703703711 0.06814236111111116
0 0.1655815972222222 0.8872757523148148 0.07560763888888888 0.06659432870370363