0 0.39453125 0.865234375 0.099609375 0.08984375
0 0.482421875 0.59765625 0.115234375 0.10546875
0 0.2236328125 0.4052734375 0.1025390625 0.0849609375
0 0.61328125 0.5 0.072265625 0.080078125
0 0.73046875 0.1708984375 0.0849609375 0.0771484375
0 0.44921875 0.3466796875 0.0927734375 0.087890625
0 0.7802734375 0.55859375 0.0849609375 0.08203125
0 0.8525390625 0.7666015625 0.10546875 0.107421875
0 0.83984375 0.12109375 0.080078125 0.087890625
0 0.92578125 0.2646484375 0.0771484375 0.080078125
0 0.56640625 0.1337890625 0.1025390625 0.0927734375
0 0.2275390625 0.08203125 0.0751953125 0.0751953125
0 0.6015625 0.7998046875 0.1025390625 0.080078125
0 0.8583984375 0.509765625 0.0673828125 0.0703125
0 0.2509765625 0.240234375 0.08203125 0.0703125
0 0.087890625 0.3349609375 0.0947265625 0.08984375
0 0.1337890625 0.9560546875 0.087890625 0.052734375
0 0.4423828125 0.2412109375 0.0751953125 0.072265625
0 0.1103515625 0.107421875 0.0703125 0.0751953125
0 0.0478515625 0.1845703125 0.0849609375 0.080078125
0 0.5126953125 0.21875 0.0703125 0.0576171875
0 0.5986328125 0.5751953125 0.087890625 0.08984375
0 0.8623046875 0.0439453125 0.080078125 0.0673828125
0 0.3203125 0.59765625 0.0947265625 0.0849609375
0 0.3564453125 0.3876953125 0.0771484375 0.0751953125
0 0.55859375 0.435546875 0.07421875 0.0576171875
0 0.5732421875 0.0458984375 0.1044921875 0.083984375
0 0.0234375 0.1162109375 0.0458984375 0.0595703125