0 0.111328125 0.4599609375 0.0576171875 0.0595703125
0 0.3896484375 0.4296875 0.0849609375 0.0751953125
0 0.2685546875 0.82421875 0.087890625 0.0771484375
0 0.087890625 0.857421875 0.0546875 0.0595703125
0 0.4765625 0.0908203125 0.0771484375 0.0625
0 0.5302734375 0.1337890625 0.0947265625 0.072265625
0 0.6220703125 0.12109375 0.0751953125 0.0625
0 0.6435546875 0.3349609375 0.052734375 0.0595703125
0 0.8837890625 0.4228515625 0.0673828125 0.080078125
0 0.7734375 0.0859375 0.0771484375 0.072265625
0 0.166015625 0.0615234375 0.0576171875 0.0625
0 0.099609375 0.1708984375 0.0703125 0.0625
0 0.7900390625 0.28515625 0.0751953125 0.080078125
0 0.4052734375 0.6279296875 0.0576171875 0.05859375
0 0.626953125 0.7138671875 0.056640625 0.064453125
0 0.6328125 0.525390625 0.05859375 0.0576171875
0 0.8974609375 0.216796875 0.0322265625 0.0517578125
0 0.94921875 0.3623046875 0.0615234375 0.0634765625
0 0.4150390625 0.970703125 0.0576171875 0.05859375