0 0.3896484375 0.447265625 0.08984375 0.0849609375
0 0.412109375 0.150390625 0.0595703125 0.0703125
0 0.162109375 0.083984375 0.080078125 0.0625
0 0.0849609375 0.1845703125 0.0654296875 0.0703125
0 0.4013671875 0.6376953125 0.08203125 0.0703125
0 0.26953125 0.8291015625 0.0703125 0.0771484375
0 0.8759765625 0.4375 0.0576171875 0.0595703125
0 0.6865234375 0.08203125 0.0625 0.0595703125
0 0.61328125 0.142578125 0.0625 0.0703125
0 0.525390625 0.1572265625 0.0751953125 0.0703125
0 0.76953125 0.09765625 0.080078125 0.0703125
0 0.62109375 0.73828125 0.0576171875 0.0625
0 0.4052734375 0.96875 0.0498046875 0.0478515625
0 0.6328125 0.55078125 0.05859375 0.07421875
0 0.453125 0.2080078125 0.05078125 0.05859375
0 0.5625 0.5791015625 0.0625 0.056640625
0 0.7744140625 0.2939453125 0.0556640625 0.0703125
0 0.8505859375 0.0888671875 0.0498046875 0.0458984375
0 0.0888671875 0.86328125 0.0458984375 0.0546875
0 0.1044921875 0.4697265625 0.0517578125 0.0576171875
0 0.630859375 0.353515625 0.0595703125 0.060546875