0 0.6776692708333334 0.9355685763888889 0.07916666666666661 0.07586805555555554
0 0.3196614583333333 0.6994357638888888 0.10338541666666667 0.08810763888888884
0 0.9930338541666667 0.7881293402777778 0.013932291666666652 0.07756076388888888
0 0.07213541666666667 0.29218750000000004 0.07044270833333333 0.06202256944444451
0 0.8018880208333333 0.1806640625 0.07695312499999996 0.07191840277777778
0 0.17317708333333331 0.4621527777777778 0.060416666666666674 0.05789930555555556
0 0.8891927083333333 0.15920138888888888 0.07734375000000004 0.07777777777777778
0 0.20084635416666666 0.9922743055555556 0.07929687499999999 0.01545138888888875
0 0.7081380208333333 0.7197699652777778 0.08320312500000004 0.07790798611111116
0 0.36380208333333336 0.8349826388888889 0.06653645833333333 0.061935763888888884
0 0.8657552083333333 0.05629340277777778 0.07526041666666661 0.07578125
0 0.8220703125 0.36638454861111114 0.07291666666666652 0.06987847222222232
0 0.7494140625 0.6222005208333333 0.07981770833333335 0.08563368055555554
0 0.290234375 0.4920572916666667 0.068359375 0.060026041666666696
0 0.12838541666666667 0.43385416666666665 0.05442708333333335 0.05581597222222223
0 0.9095703125 0.7135199652777777 0.07721354166666661 0.07582465277777795
0 0.9503255208333333 0.1400824652777778 0.05820312499999991 0.053949652777777746
0 0.1740234375 0.09455295138888889 0.05820312500000002 0.05394965277777777
0 0.61640625 0.162890625 0.0625 0.05989583333333337
0 0.6623046875 0.22241753472222223 0.07929687499999982 0.07782118055555559
0 0.10130208333333333 0.5834201388888889 0.06471354166666668 0.06384548611111107
0 0.648046875 0.7837673611111111 0.06028645833333335 0.05594618055555545
0 0.5546875 0.30486111111111114 0.06015624999999991 0.05399305555555545
0 0.23938802083333333 0.3290581597222222 0.07734375000000004 0.07777777777777772
0 0.8082682291666666 0.5835286458333333 0.06666666666666665 0.06388888888888888
0 0.9513671875 0.09720052083333333 0.05624999999999991 0.05390624999999999
0 0.751953125 0.8504340277777778 0.07890624999999996 0.07196180555555554
0 0.9338541666666667 0.30256076388888886 0.07304687499999996 0.07183159722222232
0 0.4945963541666667 0.4127387152777778 0.053906250000000044 0.04800347222222223
0 0.43092447916666665 0.7886935763888889 0.09218750000000009 0.09565972222222241
0 0.9529947916666667 0.9807291666666667 0.06354166666666661 0.038541666666666696
0 0.19134114583333334 0.778493923611111 0.060546875 0.05985243055555545
0 0.48203125 0.6923177083333334 0.05442708333333335 0.05581597222222223
0 0.10787760416666667 0.0384765625 0.04609374999999999 0.04782986111111111
0 0.9157552083333333 0.6015190972222222 0.06458333333333321 0.06189236111111107
0 0.480078125 0.5021267361111111 0.064453125 0.05993923611111107
0 0.36399739583333335 0.9402994791666666 0.087890625 0.08971354166666679
0 0.2845703125 0.6264973958333333 0.07070312500000009 0.06592881944444429
0 0.8932942708333333 0.3816189236111111 0.08111979166666661 0.07591145833333335
0 0.38470052083333334 0.022200520833333334 0.060026041666666696 0.02278645833333333