0 0.4795283564814815 0.052401620370370376 0.10734953703703698 0.09840856481481482
0 0.4881799768518519 0.6318214699074074 0.12608506944444442 0.11807002314814818
0 0.33771701388888886 0.7967954282407408 0.09895833333333326 0.08858506944444455
0 0.7827618634259259 0.3594690393518518 0.0933304398148147 0.09244791666666674
0 0.05454282407407408 0.4644748263888889 0.09539930555555555 0.09441550925925923
0 0.35676359953703707 0.45889756944444443 0.1429832175925927 0.1396701388888889
0 0.8811776620370371 0.4627821180555556 0.11550925925925926 0.10432581018518516
0 0.19197771990740742 0.7996238425925926 0.09286747685185182 0.08463541666666652
0 0.4308666087962963 0.8570818865740741 0.0868923611111111 0.08263888888888893
0 0.8506148726851852 0.8631221064814815 0.07505787037037037 0.0805989583333333
0 0.15894097222222223 0.9449508101851851 0.06377314814814816 0.021947337962962887
0 0.643287037037037 0.6192925347222222 0.1303385416666667 0.12395833333333339
0 0.3687282986111111 0.4218605324074074 0.12378472222222225 0.11219618055555558
0 0.46305700231481484 0.9403645833333334 0.08470775462962954 0.0787181712962961
0 0.9309534143518519 0.3976924189814815 0.09735243055555554 0.09442997685185184
0 0.0075303819444444454 0.40444155092592593 0.015060763888888891 0.06471354166666665
0 0.38940248842592595 0.1719039351851852 0.08482349537037037 0.08067129629629632
0 0.056398292824074076 0.776099537037037 0.11279658564814815 0.11807002314814818
0 0.9619140625 0.5347005208333333 0.01876446759259265 0.08603877314814823
0 0.3503761574074074 0.484252025462963 0.11137152777777781 0.10039062499999996
0 0.6808087384259259 0.7280164930555555 0.0849392361111112 0.0826244212962961
0 0.06163194444444445 0.6451099537037037 0.1232638888888889 0.17693865740740744
0 0.6798972800925926 0.9713179976851851 0.09159432870370354 0.05736400462962976