0 0.29984809027777776 0.7670428240740741 0.09053819444444444 0.09907407407407409
0 0.4448423032407407 0.8277560763888889 0.07873263888888893 0.08666087962962976
0 0.7578776041666667 0.34163773148148147 0.08062789351851851 0.07896412037037037
0 0.4160445601851852 0.10321903935185185 0.11407696759259256 0.11413483796296295
0 0.6101996527777778 0.3796730324074074 0.10813078703703694 0.1020688657407407
0 0.9137731481481481 0.6437861689814814 0.09835069444444455 0.0995370370370372
0 0.35517216435185184 0.028891782407407408 0.1567563657407407 0.057783564814814815
0 0.11753472222222222 0.6050708912037037 0.10225694444444444 0.09976851851851842
0 0.1404152199074074 0.9424334490740741 0.09045138888888887 0.08735532407407409
0 0.8670934606481482 0.35664062500000004 0.07288773148148131 0.08826678240740748
0 0.8935908564814815 0.4692780671296296 0.0766927083333333 0.07482638888888893
0 0.23148148148148145 0.2449580439814815 0.08653067129629632 0.08517071759259259
0 0.3395037615740741 0.9482060185185185 0.084447337962963 0.06747685185185182
0 0.4251374421296296 0.19346064814814812 0.11412037037037037 0.11999421296296298
0 0.7608723958333333 0.0691189236111111 0.08064236111111112 0.08091724537037037
0 0.5623914930555556 0.7719835069444444 0.08071469907407414 0.09068287037037037
0 0.906958912037037 0.010322627314814817 0.07280092592592591 0.020645254629629635
0 0.02777054398148148 0.19461082175925926 0.05554108796296296 0.09905960648148149
0 0.8197337962962963 0.2930700231481481 0.04725115740740726 0.05355902777777777
0 0.17510850694444446 0.47573784722222223 0.060995370370370394 0.06413483796296293
0 0.813671875 0.5843171296296297 0.07081886574074092 0.07252604166666665
0 0.853392650462963 0.7566912615740741 0.0668981481481481 0.07034143518518521
0 0.9533420138888888 0.7048900462962964 0.08260995370370372 0.08298611111111098
0 0.3851056134259259 0.8537471064814814 0.066869212962963 0.06643518518518521
0 0.7554615162037037 0.03077980324074074 0.09644097222222214 0.06155960648148148
0 0.18224826388888887 0.8296513310185185 0.05704571759259258 0.05804398148148149
0 0.8336805555555555 0.017549189814814816 0.08459201388888893 0.03509837962962963
0 0.8356192129629629 0.6523220486111111 0.06686921296296289 0.06643518518518521
0 0.43896846064814815 0.3029441550925926 0.07084780092592591 0.07643229166666665
0 0.018012152777777776 0.17468171296296298 0.03602430555555555 0.06079282407407405
0 0.9704427083333333 0.24118923611111112 0.018098958333333304 0.07135416666666666
0 0.8669270833333333 0.37910156250000004 0.09644097222222214 0.10528067129629637
0 0.48907696759259256 0.12719907407407408 0.0688802083333333 0.07436342592592593
0 0.09090711805555557 0.2464554398148148 0.07672164351851851 0.07873263888888887
0 0.6237340856481481 0.022280092592592594 0.11581307870370372 0.04456018518518519
0 0.8128038194444445 0.8332826967592593 0.10030381944444455 0.09965277777777781
0 0.6372178819444445 0.29021990740740744 0.10034722222222214 0.10551215277777781
0 0.44816984953703703 0.9056495949074075 0.1455295138888889 0.14333043981481497
0 0.6377531828703704 0.745066550925926 0.05115740740740726 0.053790509259259434
0 0.37766927083333335 0.5398726851851852 0.1161747685185186 0.1337818287037038
0 0.2673755787037037 0.9339337384259259 0.09253472222222225 0.1050491898148147