0 0.9513346354166667 0.44756944444444446 0.09733072916666652 0.11362847222222228
0 0.3491825810185185 0.7479600694444444 0.1279224537037037 0.12061631944444429
0 0.1847873263888889 0.2419704861111111 0.07677951388888893 0.07938368055555556
0 0.9708767361111111 0.9014756944444444 0.058246527777777724 0.12968749999999996
0 0.423169849537037 0.6158637152777777 0.06206597222222221 0.06119791666666652
0 0.45294415509259256 0.7895833333333333 0.0771267361111112 0.08524305555555545
0 0.2862485532407407 0.540625 0.05804398148148149 0.05907118055555549
0 0.24514612268518518 0.4715928819444445 0.05988136574074071 0.057204861111111116
0 0.2938440393518518 0.9615234375 0.07505787037037037 0.07695312499999996
0 0.5809751157407408 0.23815104166666667 0.07873263888888893 0.07947048611111107
0 0.055975115740740745 0.32000868055555554 0.08023726851851852 0.10486111111111107
0 0.14090711805555556 0.12606336805555554 0.10402199074074076 0.11176215277777779
0 0.508449074074074 0.6907552083333334 0.06585648148148149 0.05941840277777777
0 0.6671802662037036 0.97607421875 0.08194444444444438 0.0478515625
0 0.1872902199074074 0.9707899305555556 0.07987557870370371 0.05842013888888875
0 0.9622721354166667 0.8046440972222222 0.07545572916666665 0.08949652777777795
0 0.9830295138888889 0.7595920138888889 0.03394097222222214 0.07751736111111107
0 0.842896412037037 0.8449001736111111 0.11918402777777781 0.10464409722222223
0 0.2637586805555555 0.47339409722222225 0.07413194444444438 0.06757812500000004
0 0.07691695601851851 0.13101128472222223 0.07861689814814815 0.07751736111111107
0 0.38134403935185185 0.8633463541666666 0.07217881944444449 0.06749131944444464
0 0.7234447337962964 0.3905815972222222 0.06769386574074066 0.05755208333333339
0 0.3230324074074074 0.1916232638888889 0.06160300925925921 0.05338541666666663
0 0.861060474537037 0.21456163194444444 0.06643518518518521 0.06918402777777777
0 0.2672309027777778 0.7949652777777778 0.05804398148148149 0.05907118055555571
0 0.11334635416666666 0.5485243055555555 0.06011284722222221 0.061111111111111116
0 0.6722222222222223 0.5616753472222222 0.06390335648148149 0.05933159722222214
0 0.5819878472222222 0.5839626736111112 0.05643807870370354 0.06484375000000009
0 0.64140625 0.76484375 0.051837384259259434 0.05295138888888884
0 0.5364800347222223 0.8186197916666667 0.05253182870370354 0.06467013888888884
0 0.7572193287037037 0.9112196180555556 0.06401909722222232 0.06128472222222214
0 0.25893373842592593 0.8686197916666667 0.06608796296296293 0.06332465277777777
0 0.2093677662037037 0.09793836805555556 0.055627893518518545 0.051171875000000006
0 0.6828559027777779 0.05080295138888889 0.04930555555555571 0.043098958333333326
0 0.8766710069444444 0.44511718749999996 0.08068576388888893 0.0795572916666667
0 0.9035807291666667 0.5047526041666667 0.06436631944444438 0.06714409722222214
0 0.8198133680555555 0.6032986111111112 0.06413483796296315 0.06323784722222214
0 0.3442708333333333 0.28704427083333334 0.07459490740740748 0.07539062500000004
0 0.38491753472222223 0.49631076388888884 0.06057581018518521 0.06892361111111112
0 0.1072337962962963 0.626171875 0.06148726851851852 0.05143229166666652
0 0.08917100694444444 0.4364149305555556 0.07333622685185187 0.08702256944444442
0 0.8921223958333333 0.9688368055555555 0.0595341435185186 0.051345486111111116
0 0.4951244212962963 0.958984375 0.04793113425925921 0.05277777777777781