0 0.9580078125 0.0634765625 0.0732421875 0.0673828125
0 0.6064453125 0.09765625 0.0791015625 0.0810546875
0 0.4453125 0.6181640625 0.09375 0.08984375
0 0.5380859375 0.7998046875 0.07421875 0.0673828125
0 0.2490234375 0.3095703125 0.068359375 0.072265625
0 0.8837890625 0.5625 0.0693359375 0.07421875
0 0.6103515625 0.4921875 0.103515625 0.109375
0 0.1318359375 0.3818359375 0.0859375 0.080078125
0 0.6708984375 0.8330078125 0.0703125 0.0654296875
0 0.4375 0.833984375 0.0654296875 0.0634765625
0 0.0498046875 0.7490234375 0.0625 0.0654296875
0 0.6630859375 0.984375 0.056640625 0.03125
0 0.306640625 0.57421875 0.0966796875 0.0947265625
0 0.609375 0.4560546875 0.0927734375 0.0849609375
0 0.3857421875 0.900390625 0.0625 0.0595703125
0 0.0966796875 0.310546875 0.0849609375 0.0703125
0 0.9716796875 0.521484375 0.056640625 0.05859375
0 0.65625 0.2265625 0.0625 0.0615234375
0 0.8046875 0.84375 0.09375 0.0908203125
0 0.01953125 0.4287109375 0.0361328125 0.08203125
0 0.609375 0.515625 0.0830078125 0.076171875
0 0.244140625 0.6630859375 0.0625 0.064453125
0 0.8544921875 0.73046875 0.1318359375 0.1376953125
0 0.1748046875 0.9091796875 0.0615234375 0.0966796875