0 0.5042317708333333 0.2314597800925926 0.10750868055555562 0.09726562500000002
0 0.203515625 0.03695023148148149 0.09296874999999999 0.05749421296296296
0 0.49390190972222225 0.08036024305555556 0.09375 0.09265046296296298
0 0.9282552083333333 0.1566550925925926 0.06918402777777777 0.040653935185185175
0 0.8422960069444445 0.19717158564814813 0.09561631944444438 0.0888454861111111
0 0.8960286458333333 0.5509476273148148 0.09561631944444438 0.08884548611111098
0 0.5666015625 0.9444950810185185 0.08776041666666679 0.08648726851851851
0 0.4369357638888889 0.7520109953703704 0.09973958333333333 0.09881365740740744
0 0.18580729166666665 0.8778211805555556 0.09383680555555551 0.09655671296296298
0 0.15575086805555555 0.690502025462963 0.083984375 0.09214409722222205
0 0.373828125 0.46814236111111107 0.09375 0.09265046296296298
0 0.16707899305555557 0.26872829861111114 0.09769965277777781 0.09480613425925921
0 0.09084201388888888 0.5316840277777778 0.0779079861111111 0.08207465277777781
0 0.008658854166666667 0.6658492476851852 0.017317708333333334 0.07779224537037033
0 0.003993055555555555 0.4652994791666667 0.00798611111111111 0.06731770833333339
0 0.9379557291666667 0.42406684027777775 0.07000868055555554 0.07776331018518512
0 0.5547743055555556 0.4648148148148148 0.07382812499999991 0.07405960648148158
0 0.8068576388888888 0.8239872685185186 0.08207465277777759 0.09399594907407405
0 0.48910590277777777 0.8241319444444444 0.07586805555555554 0.07806712962962958
0 0.32927517361111114 0.5811993634259259 0.060026041666666696 0.06749131944444442