0 0.5036675347222223 0.2540364583333333 0.0942418981481481 0.07621527777777781
0 0.1859375 0.10946180555555556 0.08091724537037037 0.08177083333333332
0 0.46144386574074076 0.11753472222222222 0.0825231481481482 0.0759548611111111
0 0.8679108796296297 0.09730902777777778 0.06999421296296293 0.06202256944444445
0 0.799754050925926 0.1650390625 0.08412905092592604 0.07013888888888886
0 0.9256944444444444 0.4799262152777778 0.08412905092592604 0.07013888888888897
0 0.7163773148148148 0.8975694444444444 0.07620081018518521 0.06801215277777772
0 0.5570746527777778 0.7438368055555555 0.08654513888888893 0.07799479166666679
0 0.35959201388888884 0.9003689236111111 0.0786168981481481 0.07586805555555554
0 0.29225260416666665 0.7350260416666667 0.0708043981481481 0.07569444444444429
0 0.4379412615740741 0.49444444444444446 0.0825231481481481 0.07595486111111116
0 0.2087890625 0.34696180555555556 0.0844762731481481 0.07599826388888886
0 0.1984447337962963 0.6003038194444444 0.06643518518518521 0.06779513888888888
0 0.1279079861111111 0.7430772569444444 0.06436631944444449 0.06579861111111107
0 0.0708984375 0.5545572916666667 0.07034143518518521 0.06788194444444451
0 0.9348885995370371 0.3552951388888889 0.060460069444444375 0.06571180555555556
0 0.5996889467592592 0.45902777777777776 0.06597222222222232 0.059982638888888884
0 0.9053023726851852 0.7447482638888889 0.06896701388888893 0.0776041666666667
0 0.6209201388888889 0.8008463541666667 0.06620370370370376 0.06388888888888888
0 0.4230541087962963 0.6052951388888889 0.052068865740740766 0.05577256944444442