0 0.13355034722222223 0.3415943287037037 0.15865162037037034 0.16673900462962965
0 0.6722873263888889 0.2817057291666667 0.08721064814814805 0.08848379629629632
0 0.6453703703703704 0.8467086226851852 0.10901331018518512 0.11060474537037024
0 0.45005063657407407 0.2599826388888889 0.0634837962962963 0.06825810185185188
0 0.3332175925925926 0.5689742476851852 0.1328559027777778 0.1386429398148148
0 0.087890625 0.7880642361111111 0.09714988425925924 0.10049189814814818
0 0.301099537037037 0.36493778935185184 0.0615306712962963 0.06820023148148147
0 0.797779224537037 0.11302083333333333 0.07925347222222223 0.0784866898148148
0 0.35431134259259256 0.06759259259259259 0.06339699074074079 0.062398726851851855
0 0.9080584490740741 0.9053023726851852 0.06535011574074079 0.06245659722222219
0 0.6589192708333333 0.12982494212962964 0.05954861111111098 0.0661892361111111
0 0.023546006944444444 0.4240234375 0.04709201388888889 0.08945312500000002
0 0.944509548611111 0.4874131944444444 0.04751157407407414 0.044357638888888884
0 0.14906684027777778 0.941456886574074 0.11653645833333331 0.0913049768518519
0 0.9617838541666667 0.3756221064814815 0.06555266203703702 0.07612847222222219
0 0.5627531828703703 0.16391059027777777 0.12274305555555554 0.11491608796296293
0 0.9145833333333333 0.8602068865740741 0.06540798611111098 0.06636284722222219
0 0.7842158564814815 0.04877748842592593 0.11493055555555554 0.09755497685185185
0 0.5636935763888888 0.7593243634259259 0.07936921296296306 0.08629918981481488
0 0.897214988425926 0.12178819444444444 0.09114583333333348 0.09055266203703705
0 0.6549985532407407 0.008134403935185186 0.10202546296296289 0.016268807870370373
0 0.738208912037037 0.5101200810185185 0.06736111111111098 0.0664207175925926
0 0.2236255787037037 0.05975115740740741 0.07141203703703702 0.07630208333333333
0 0.770334201388889 0.3842230902777778 0.0830439814814814 0.07078993055555549
0 0.8315899884259259 0.3345775462962963 0.09309895833333348 0.09061053240740735
0 0.33268229166666663 0.2097728587962963 0.06339699074074079 0.06239872685185188
0 0.14989872685185185 0.02874710648148148 0.04159432870370372 0.04027777777777777
0 0.6726128472222223 0.5891782407407408 0.10292245370370368 0.09480613425925921
0 0.838693576388889 0.645753761574074 0.05541087962962976 0.05044849537037033
0 0.8960286458333333 0.5972005208333333 0.08537326388888888 0.09623842592592591
0 0.7941189236111111 0.8872034143518519 0.061328124999999956 0.05452835648148158
0 0.3476851851851852 0.7784143518518518 0.13650173611111116 0.12118055555555562
0 0.2017578125 0.5474898726851852 0.05756655092592594 0.06417824074074074
0 0.1603443287037037 0.6414496527777778 0.10878182870370368 0.09497974537037024
0 0.22111545138888888 0.8221860532407408 0.059403935185185164 0.05642361111111116
0 0.2899956597222222 0.9167824074074074 0.063425925925926 0.064351851851852