0 0.5703125 0.34765625 0.06640625 0.0712890625
0 0.2041015625 0.4072265625 0.0703125 0.0654296875
0 0.7490234375 0.34375 0.078125 0.09375
0 0.4130859375 0.5595703125 0.076171875 0.076171875
0 0.0341796875 0.0693359375 0.068359375 0.08984375
0 0.9130859375 0.1865234375 0.056640625 0.0625
0 0.1875 0.931640625 0.068359375 0.0693359375
0 0.4033203125 0.44140625 0.0751953125 0.0830078125
0 0.3271484375 0.53515625 0.06640625 0.0703125
0 0.048828125 0.859375 0.0732421875 0.083984375
0 0.033203125 0.2568359375 0.0625 0.0751953125
0 0.9521484375 0.787109375 0.0859375 0.0849609375
0 0.1005859375 0.2685546875 0.0595703125 0.0576171875
0 0.53515625 0.4619140625 0.08203125 0.0810546875
0 0.0654296875 0.37890625 0.072265625 0.078125
0 0.2568359375 0.076171875 0.06640625 0.0673828125
0 0.5390625 0.740234375 0.052734375 0.0439453125
0 0.455078125 0.072265625 0.076171875 0.0712890625
0 0.455078125 0.80078125 0.076171875 0.078125
0 0.142578125 0.6748046875 0.0859375 0.09375
0 0.2529296875 0.82421875 0.1015625 0.1015625
0 0.9287109375 0.583984375 0.072265625 0.072265625
0 0.8583984375 0.02734375 0.0673828125 0.0537109375
0 0.0166015625 0.8193359375 0.033203125 0.0556640625
0 0.5302734375 0.6396484375 0.0625 0.076171875
0 0.810546875 0.185546875 0.0703125 0.07421875
0 0.12890625 0.01953125 0.0625 0.0390625
0 0.2236328125 0.6435546875 0.048828125 0.0517578125
0 0.66015625 0.1552734375 0.0576171875 0.052734375
0 0.4130859375 0.498046875 0.0810546875 0.1484375
0 0.6669921875 0.052734375 0.064453125 0.0634765625
0 0.7509765625 0.0478515625 0.0869140625 0.087890625
0 0.2958984375 0.4541015625 0.064453125 0.0625
0 0.0166015625 0.603515625 0.0322265625 0.0615234375
0 0.8798828125 0.365234375 0.083984375 0.0791015625
0 0.69921875 0.1904296875 0.0576171875 0.064453125
0 0.2744140625 0.7275390625 0.056640625 0.0556640625
0 0.6845703125 0.85546875 0.060546875 0.0546875
0 0.345703125 0.2578125 0.099609375 0.0927734375
0 0.4716796875 0.1875 0.0712890625 0.0732421875
0 0.142578125 0.42578125 0.052734375 0.0595703125
0 0.65234375 0.57421875 0.056640625 0.06640625
0 0.845703125 0.86328125 0.0654296875 0.068359375
0 0.4365234375 0.8935546875 0.0849609375 0.05859375
0 0.873046875 0.68359375 0.0546875 0.0703125