0 0.5863208912037037 0.4384765625 0.1176938657407407 0.107421875
0 0.6421802662037037 0.1220703125 0.08126446759259265 0.0859375
0 0.9175781249999999 0.10546875 0.10033275462962976 0.078125
0 0.9583695023148149 0.224609375 0.06173321759259265 0.0859375
0 0.5248842592592593 0.634765625 0.10493344907407409 0.08984375
0 0.6091724537037038 0.8603515625 0.09344618055555554 0.09375
0 0.08694299768518518 0.3291015625 0.07666377314814815 0.07421875
0 0.3749927662037037 0.0166015625 0.0781394675925926 0.033203125
0 0.4360894097222222 0.0732421875 0.08517071759259265 0.0859375
0 0.5238498263888889 0.1083984375 0.09700520833333326 0.087890625
0 0.28595196759259256 0.01953125 0.09997106481481488 0.0390625
0 0.27031973379629626 0.6953125 0.07677951388888893 0.076171875
0 0.4315610532407408 0.9736328125 0.06367187500000004 0.052734375
0 0.3084924768518519 0.49609375 0.08138020833333326 0.087890625
0 0.5833912037037037 0.1748046875 0.06873553240740726 0.072265625
0 0.3732711226851852 0.5400390625 0.08033854166666665 0.0703125
0 0.23135850694444446 0.19921875 0.07735821759259259 0.0859375
0 0.7874493634259259 0.93359375 0.06448206018518521 0.06640625
0 0.875462962962963 0.51953125 0.07057291666666665 0.0703125
0 0.36257957175925926 0.2919921875 0.07873263888888893 0.076171875