0 0.53125 0.25 0.08203125 0.0654296875
0 0.8486328125 0.146484375 0.0673828125 0.072265625
0 0.580078125 0.1201171875 0.0703125 0.0654296875
0 0.1826171875 0.048828125 0.0595703125 0.052734375
0 0.24609375 0.125 0.072265625 0.0595703125
0 0.1083984375 0.419921875 0.072265625 0.0595703125
0 0.294921875 0.857421875 0.0654296875 0.0595703125
0 0.45703125 0.7265625 0.0751953125 0.0673828125
0 0.6435546875 0.90625 0.0673828125 0.0673828125
0 0.7177734375 0.7509765625 0.0595703125 0.0673828125
0 0.5849609375 0.4951171875 0.0703125 0.0654296875
0 0.81640625 0.3779296875 0.072265625 0.0654296875
0 0.8154296875 0.6298828125 0.0546875 0.0595703125
0 0.8779296875 0.7783203125 0.0546875 0.0576171875
0 0.9423828125 0.599609375 0.0595703125 0.0595703125
0 0.10546875 0.2958984375 0.0498046875 0.0576171875
0 0.427734375 0.439453125 0.0556640625 0.0517578125
0 0.1171875 0.68359375 0.056640625 0.0703125
0 0.3935546875 0.7744140625 0.0556640625 0.056640625
0 0.5947265625 0.6064453125 0.0419921875 0.0498046875