0 0.36328125 0.478515625 0.1025390625 0.1025390625
0 0.3916015625 0.8076171875 0.087890625 0.0751953125
0 0.65234375 0.6103515625 0.0654296875 0.0595703125
0 0.2998046875 0.1953125 0.1103515625 0.1201171875
0 0.9091796875 0.2724609375 0.09765625 0.1103515625
0 0.0400390625 0.662109375 0.0546875 0.0546875
0 0.4375 0.28125 0.099609375 0.1025390625
0 0.2099609375 0.19140625 0.0703125 0.087890625
0 0.66796875 0.8359375 0.0712890625 0.0634765625
0 0.8212890625 0.7392578125 0.0693359375 0.06640625
0 0.921875 0.537109375 0.0576171875 0.0712890625
0 0.4208984375 0.15234375 0.0849609375 0.0634765625
0 0.017578125 0.25390625 0.03515625 0.046875
0 0.05078125 0.0791015625 0.0546875 0.056640625
0 0.146484375 0.662109375 0.064453125 0.0615234375
0 0.0927734375 0.9296875 0.05078125 0.056640625
0 0.4833984375 0.591796875 0.0849609375 0.0859375
0 0.73046875 0.1298828125 0.056640625 0.068359375