0 0.9339626736111111 0.4388165509259259 0.09218750000000009 0.10813078703703705
0 0.21534288194444443 0.7177517361111111 0.11766493055555555 0.1127893518518519
0 0.15926649305555554 0.1670428240740741 0.06996527777777778 0.07429108796296297
0 0.8823567708333333 0.9165943287037037 0.11749131944444446 0.1049768518518519
0 0.3257161458333333 0.5817563657407407 0.05785590277777786 0.056365740740740744
0 0.31666666666666665 0.7694010416666667 0.07018229166666667 0.08405671296296302
0 0.19696180555555554 0.49090711805555554 0.051996527777777746 0.05619212962962972
0 0.1693793402777778 0.4146267361111111 0.055859375000000044 0.05435474537037033
0 0.10492621527777778 0.9435329861111111 0.06818576388888889 0.0820457175925926
0 0.5842447916666667 0.19055989583333333 0.07391493055555554 0.07635995370370374
0 0.01740451388888889 0.23965567129629628 0.03480902777777778 0.09881365740740744
0 0.13758680555555555 0.04499782986111111 0.091796875 0.08999565972222222
0 0.3989583333333333 0.6674189814814815 0.061718750000000044 0.05452835648148158
0 0.4985460069444445 0.9728587962962962 0.0727864583333333 0.02557870370370363
0 0.011783854166666666 0.9572554976851851 0.023567708333333333 0.08313078703703702
0 0.8639973958333333 0.8205222800925926 0.07799479166666679 0.08428819444444446
0 0.9186631944444444 0.7759620949074074 0.07773437499999991 0.07256944444444446
0 0.7217230902777778 0.8549913194444445 0.11341145833333321 0.09704861111111107
0 0.18882378472222222 0.4179542824074074 0.06970486111111113 0.06257233796296302
0 0.06935763888888889 0.04088541666666667 0.073828125 0.0724537037037037
0 0.22233072916666669 0.8424623842592592 0.06775173611111107 0.0625144675925926
0 0.6643880208333333 0.2730902777777778 0.06757812499999982 0.054701967592592604
0 0.8607421875 0.4400101273148148 0.05616319444444451 0.06802662037037033
0 0.022135416666666664 0.49232494212962963 0.04427083333333333 0.05039062499999991