0 0.4850260416666667 0.2944661458333333 0.10474537037037035 0.10221354166666674
0 0.09186921296296297 0.7897786458333333 0.07494212962962965 0.1196614583333333
0 0.18778935185185186 0.309375 0.0881076388888889 0.08750000000000002
0 0.5721209490740741 0.9138020833333333 0.09888599537037046 0.10182291666666665
0 0.36895978009259256 0.9401041666666667 0.06662326388888884 0.03359375000000009
0 0.5032552083333334 0.09010416666666667 0.06908275462962954 0.066796875
0 0.14210792824074076 0.02975260416666667 0.07718460648148151 0.05950520833333334
0 0.1791449652777778 0.5768880208333333 0.10460069444444442 0.10026041666666674
0 0.5321180555555556 0.5327473958333333 0.09063946759259256 0.09544270833333335
0 0.9044415509259259 0.04765625 0.10763888888888884 0.08880208333333334
0 0.7397280092592593 0.92421875 0.07494212962962976 0.06718749999999996
0 0.9057798032407407 0.21145833333333336 0.09201388888888884 0.08776041666666667
0 0.09754774305555557 0.6677083333333333 0.10279224537037038 0.1020833333333333
0 0.5119719328703703 0.7774739583333333 0.09411168981481488 0.08984375
0 0.8713107638888888 0.7927734375 0.07342303240740744 0.07291666666666652
0 0.7228009259259259 0.8016927083333334 0.08376736111111116 0.08138020833333348
0 0.16377314814814817 0.780078125 0.0779079861111111 0.08098958333333339
0 0.7981770833333334 0.8388671875 0.08391203703703698 0.08333333333333326
0 0.91015625 0.9197265625 0.07783564814814814 0.05377604166666661
0 0.959888599537037 0.4352213541666667 0.08022280092592604 0.11093750000000002
0 0.9037905092592593 0.5953125 0.09874131944444442 0.09986979166666665
0 0.49435763888888884 0.013378906250000001 0.06278935185185186 0.026757812500000002
0 0.8667173032407407 0.53203125 0.0713252314814814 0.0708333333333333
0 0.993091724537037 0.49661458333333336 0.013816550925926041 0.07578125000000002
0 0.8824869791666667 0.6919270833333333 0.0936776620370372 0.083984375
0 0.23350694444444442 0.2641276041666667 0.06727430555555558 0.06861979166666665
0 0.07552083333333334 0.2511067708333333 0.044921875 0.05546875000000007
0 0.10604745370370372 0.0802734375 0.0642361111111111 0.080078125
0 0.7919921875 0.4771484375 0.06264467592592604 0.05859375
0 0.28725405092592593 0.8042317708333333 0.05230034722222221 0.05013020833333348
0 0.9665075231481481 0.759765625 0.06698495370370372 0.0786458333333333
0 0.9512984664351851 0.8521484375 0.09740306712962976 0.10768229166666665
0 0.9610821759259259 0.22936197916666667 0.0596064814814814 0.07005208333333335