0 0.30459346064814813 0.17255497685185184 0.08245081018518519 0.08126446759259254
0 0.7351996527777778 0.840357349537037 0.08067129629629632 0.08709490740740744
0 0.9767505787037037 0.3378544560185185 0.029021990740740744 0.05704571759259269
0 0.5036530671296297 0.3787181712962963 0.07635995370370363 0.07336516203703702
0 0.7336371527777777 0.10172887731481482 0.09428530092592591 0.0853443287037037
0 0.8832754629629629 0.12934751157407406 0.06429398148148158 0.06147280092592594
0 0.11833043981481481 0.029108796296296296 0.08365162037037038 0.05590277777777778
0 0.2621600115740741 0.8792679398148149 0.10847800925925921 0.10312499999999991
0 0.37722077546296295 0.49115306712962964 0.07446469907407405 0.07528935185185193
0 0.05661168981481482 0.6612847222222222 0.09061053240740741 0.09309895833333326
0 0.8050057870370371 0.7925419560185185 0.0664207175925926 0.0673611111111112
0 0.1648220486111111 0.6032913773148147 0.09037905092592591 0.08528645833333348
0 0.5310329861111112 0.47682291666666665 0.08475115740740735 0.09301215277777786
0 0.2939019097222222 0.3355541087962963 0.08836805555555549 0.08330439814814805
0 0.14114583333333333 0.7758680555555556 0.07630208333333333 0.07141203703703702
0 0.2791304976851852 0.6362485532407407 0.07239583333333333 0.07135416666666661
0 0.9607566550925926 0.5808883101851852 0.04712094907407405 0.07488425925925934
0 0.9778935185185185 0.4971209490740741 0.017245370370370328 0.054918981481481444
0 0.4496383101851852 0.4541232638888889 0.09055266203703705 0.09114583333333326
0 0.17049334490740742 0.14809751157407408 0.0825086805555556 0.08321759259259259
0 0.2058666087962963 0.7348162615740741 0.07837094907407405 0.07534722222222223
0 0.3082103587962963 0.446166087962963 0.0664207175925926 0.0673611111111111
0 0.4379050925925926 0.520384837962963 0.08583622685185177 0.06374421296296284
0 0.5600839120370371 0.8152922453703704 0.06216724537037033 0.05558449074074079
0 0.3467881944444444 0.03444733796296297 0.07204861111111116 0.05963541666666666
0 0.37820457175925926 0.1941623263888889 0.07262731481481477 0.07916666666666666
0 0.7717592592592593 0.33188657407407407 0.06032986111111116 0.05946180555555558
0 0.9523292824074074 0.3707103587962963 0.060271990740740744 0.05750868055555558
0 0.9156684027777777 0.816652199074074 0.04097222222222241 0.06503182870370372
0 0.8248408564814815 0.3209490740740741 0.0845775462962961 0.08715277777777775
0 0.4507378472222222 0.8126953125 0.06624710648148147 0.06150173611111098
0 0.4202835648148148 0.9796585648148148 0.06388888888888888 0.04068287037037033
0 0.736501736111111 0.4007306134259259 0.06848958333333321 0.0712962962962963
0 0.09357638888888889 0.13914207175925924 0.09877025462962963 0.10493344907407409
0 0.5111979166666667 0.025159143518518518 0.05572916666666661 0.035966435185185185