0 0.5381293402777778 0.32024739583333334 0.091796875 0.08984375
0 0.5136067708333333 0.5587239583333333 0.07786458333333335 0.08368055555555554
0 0.35327690972222225 0.9463758680555556 0.06927083333333339 0.06592881944444429
0 0.11213107638888889 0.26200086805555556 0.07751736111111113 0.07586805555555554
0 0.8351996527777779 0.04587673611111111 0.06883680555555571 0.05616319444444445
0 0.1960720486111111 0.9653211805555555 0.0713107638888889 0.06792534722222232
0 0.7229817708333333 0.9672743055555555 0.07664930555555571 0.056336805555555536
0 0.9689670138888888 0.7926649305555555 0.06206597222222232 0.11927083333333321
0 0.18715277777777778 0.5670789930555555 0.0732638888888889 0.06796874999999991
0 0.8349609375 0.32586805555555554 0.07938368055555545 0.07395833333333335
0 0.8699001736111112 0.5851779513888888 0.08559027777777795 0.08190104166666679
0 0.9563910590277778 0.6711805555555556 0.08721788194444446 0.08619791666666665
0 0.49437934027777775 0.12610677083333333 0.05312500000000009 0.05386284722222223
0 0.903125 0.7839626736111112 0.07573784722222232 0.07973090277777795
0 0.5542534722222222 0.7927951388888889 0.09162326388888897 0.0859375
0 0.2855034722222222 0.9769314236111111 0.06866319444444446 0.04613715277777786
0 0.08072916666666667 0.10423177083333333 0.08276909722222223 0.06232638888888889
0 0.5173177083333333 0.9275824652777778 0.07751736111111107 0.07586805555555554
0 0.04246961805555556 0.5384982638888889 0.04014756944444445 0.06918402777777777
0 0.8716145833333333 0.9530164930555556 0.04978298611111098 0.02256944444444442
0 0.3675998263888889 0.8296223958333333 0.06536458333333339 0.06584201388888888
0 0.19440104166666666 0.7301649305555555 0.08559027777777778 0.08190104166666679
0 0.24943576388888888 0.5196831597222222 0.053038194444444464 0.05190972222222223
0 0.16187065972222223 0.6348090277777778 0.07981770833333335 0.08372395833333335
0 0.2136501736111111 0.8340060763888889 0.06332465277777777 0.06384548611111107
0 0.2895182291666667 0.8727647569444444 0.07335069444444442 0.06992187499999991
0 0.062022569444444446 0.6491753472222223 0.03749999999999999 0.053515624999999956
0 0.07046440972222223 0.4659505208333333 0.08337673611111113 0.07599826388888897
0 0.05423177083333334 0.2763237847222222 0.06740451388888889 0.0678385416666667
0 0.11614583333333334 0.8133029513888889 0.06367187499999999 0.07165798611111107