0 0.4609375 0.724609375 0.0732421875 0.072265625
0 0.8193359375 0.6376953125 0.06640625 0.0654296875
0 0.53125 0.251953125 0.08203125 0.076171875
0 0.294921875 0.8603515625 0.06640625 0.0693359375
0 0.58203125 0.123046875 0.083984375 0.0751953125
0 0.8095703125 0.38671875 0.0986328125 0.08984375
0 0.595703125 0.611328125 0.0771484375 0.07421875
0 0.853515625 0.13671875 0.0908203125 0.087890625
0 0.248046875 0.1220703125 0.0595703125 0.0537109375
0 0.94140625 0.603515625 0.0654296875 0.0615234375
0 0.880859375 0.7822265625 0.0732421875 0.078125
0 0.720703125 0.765625 0.0615234375 0.060546875
0 0.5859375 0.5029296875 0.076171875 0.07421875
0 0.1796875 0.0556640625 0.0595703125 0.0556640625
0 0.103515625 0.30078125 0.0634765625 0.068359375
0 0.71484375 0.326171875 0.0703125 0.078125
0 0.033203125 0.744140625 0.06640625 0.0703125
0 0.38671875 0.779296875 0.06640625 0.0654296875
0 0.8212890625 0.2939453125 0.06640625 0.0849609375
0 0.111328125 0.42578125 0.0732421875 0.0615234375
0 0.4150390625 0.0205078125 0.056640625 0.0400390625
0 0.248046875 0.9765625 0.091796875 0.046875
0 0.654296875 0.9072265625 0.052734375 0.0498046875
0 0.3623046875 0.431640625 0.05859375 0.0498046875
0 0.822265625 0.0185546875 0.099609375 0.037109375
0 0.5322265625 0.0556640625 0.0517578125 0.046875
0 0.0244140625 0.8349609375 0.048828125 0.0654296875
0 0.4228515625 0.607421875 0.078125 0.0732421875
0 0.4208984375 0.453125 0.060546875 0.0732421875
0 0.052734375 0.083984375 0.046875 0.056640625
0 0.12109375 0.5517578125 0.07421875 0.0615234375
0 0.2255859375 0.236328125 0.060546875 0.0556640625
0 0.3994140625 0.3056640625 0.0517578125 0.0498046875
0 0.1513671875 0.1484375 0.048828125 0.048828125
0 0.044921875 0.6640625 0.0556640625 0.056640625
0 0.134765625 0.748046875 0.0478515625 0.0546875
0 0.7265625 0.1650390625 0.048828125 0.0517578125