0 0.861328125 0.3544921875 0.1484375 0.1533203125
0 0.3359375 0.29296875 0.08203125 0.0830078125
0 0.3349609375 0.845703125 0.1025390625 0.1015625
0 0.5546875 0.2724609375 0.0595703125 0.0625
0 0.6552734375 0.5751953125 0.123046875 0.126953125
0 0.884765625 0.791015625 0.08984375 0.091796875
0 0.6953125 0.3759765625 0.056640625 0.0625
0 0.220703125 0.126953125 0.0751953125 0.072265625
0 0.658203125 0.083984375 0.05859375 0.0556640625
0 0.0751953125 0.90234375 0.060546875 0.0556640625
0 0.357421875 0.1435546875 0.0556640625 0.060546875
0 0.97265625 0.4365234375 0.0546875 0.0869140625
0 0.0595703125 0.4921875 0.0439453125 0.0400390625
0 0.8193359375 0.94921875 0.1103515625 0.095703125
0 0.0419921875 0.3828125 0.0712890625 0.0703125
0 0.44921875 0.177734375 0.115234375 0.1044921875
0 0.0693359375 0.857421875 0.0595703125 0.0615234375
0 0.240234375 0.0556640625 0.1083984375 0.1064453125
0 0.4189453125 0.7607421875 0.0751953125 0.080078125
0 0.123046875 0.1337890625 0.0849609375 0.0830078125
0 0.3681640625 0.0166015625 0.1005859375 0.0322265625
0 0.259765625 0.515625 0.0634765625 0.060546875
0 0.787109375 0.0771484375 0.06640625 0.0693359375
0 0.2353515625 0.3916015625 0.078125 0.064453125
0 0.1767578125 0.3427734375 0.0869140625 0.08203125
0 0.6728515625 0.2236328125 0.05859375 0.0576171875
0 0.8603515625 0.0478515625 0.0390625 0.0361328125
0 0.3203125 0.5927734375 0.0966796875 0.0859375
0 0.1552734375 0.6474609375 0.0517578125 0.0458984375
0 0.1015625 0.599609375 0.078125 0.08984375
0 0.1865234375 0.884765625 0.05859375 0.0498046875
0 0.630859375 0.7802734375 0.1298828125 0.111328125
0 0.78515625 0.5546875 0.0537109375 0.0595703125
0 0.8212890625 0.6474609375 0.1005859375 0.0859375
0 0.751953125 0.8232421875 0.056640625 0.0517578125
0 0.6806640625 0.916015625 0.0595703125 0.05859375