0 0.5886140046296297 0.8243489583333333 0.0903501157407407 0.09153645833333335
0 0.4483145254629629 0.8768229166666667 0.07790798611111116 0.08098958333333339
0 0.20323350694444442 0.4227864583333333 0.07928240740740744 0.07330729166666661
0 0.5415943287037037 0.21373697916666667 0.1128472222222221 0.10664062500000004
0 0.3358289930555556 0.4610677083333333 0.10821759259259256 0.09661458333333339
0 0.040436921296296294 0.6979166666666666 0.08087384259259259 0.09401041666666665
0 0.6122685185185186 0.10755208333333334 0.16174768518518512 0.137109375
0 0.7710865162037037 0.6794921875 0.10221354166666652 0.0942708333333333
0 0.8604600694444444 0.8905598958333334 0.08311631944444442 0.09882812499999982
0 0.7187861689814814 0.9736002604166667 0.08962673611111116 0.05279947916666661
0 0.10224971064814814 0.4347005208333333 0.07414641203703703 0.08268229166666663
0 0.9701244212962963 0.17851562499999998 0.04904513888888884 0.08489583333333334
0 0.0661892361111111 0.5373046875 0.07523148148148148 0.07109375000000018
0 0.6986400462962963 0.34589843750000004 0.08557581018518512 0.0795572916666667
0 0.5334563078703703 0.9783203125 0.08405671296296302 0.04335937500000009
0 0.5247757523148149 0.2950520833333333 0.11313657407407396 0.11054687500000004
0 0.22663483796296297 0.17311197916666665 0.08138020833333337 0.07539062500000004
0 0.34443721064814814 0.8218098958333333 0.08015046296296302 0.08502604166666661
0 0.09327980324074074 0.07884114583333333 0.08868634259259259 0.0953125
0 0.9036458333333333 0.30755208333333334 0.08478009259259256 0.09505208333333337
0 0.15263310185185186 0.37721354166666665 0.04839409722222221 0.04986979166666661
0 0.7298900462962963 0.5599609375000001 0.06083622685185186 0.060416666666666785
0 0.130859375 0.6446614583333333 0.07103587962962965 0.0669270833333333
0 0.07700376157407407 0.8020182291666667 0.06712962962962962 0.06666666666666665
0 0.014612268518518514 0.752734375 0.029224537037037028 0.07968749999999991
0 0.5014105902777778 0.901953125 0.06684027777777768 0.06276041666666665
0 0.2355685763888889 0.11875 0.09469039351851849 0.09765625
0 0.6901765046296295 0.8841145833333333 0.05649594907407396 0.05429687499999991
0 0.38914207175925924 0.059309895833333334 0.12015335648148151 0.07408854166666667
0 0.16626880787037038 0.100390625 0.08391203703703703 0.08333333333333334
0 0.1036964699074074 0.706640625 0.06684027777777776 0.06276041666666665
0 0.5016999421296297 0.39459635416666666 0.0693721064814814 0.07070312499999998
0 0.9148582175925926 0.288671875 0.06459780092592604 0.05872395833333344
0 0.01419632523148148 0.3245442708333333 0.02839265046296296 0.06848958333333333
0 0.7098524305555556 0.08854166666666666 0.05729166666666652 0.03880208333333335
0 0.10065827546296295 0.4561848958333333 0.09469039351851852 0.09765625
0 0.4724754050925926 0.23268229166666668 0.06937210648148151 0.07070312500000003
0 0.8287398726851851 0.3516276041666667 0.07552083333333348 0.07499999999999996
0 0.36197916666666663 0.09479166666666666 0.1201533564814814 0.12656250000000002
0 0.10897714120370369 0.873828125 0.10026041666666669 0.09414062500000009
0 0.3192997685185185 0.3794921875 0.10069444444444442 0.10000000000000009
0 0.44028501157407407 0.9419596354166666 0.14518229166666674 0.11608072916666679
0 0.18504050925925924 0.9731119791666667 0.06090856481481477 0.03515625
0 0.2776692708333333 0.7957682291666667 0.05034722222222221 0.050000000000000044
0 0.5373987268518519 0.6148437499999999 0.11610243055555558 0.12434895833333348
0 0.6013093171296295 0.9647786458333334 0.09360532407407396 0.07044270833333321