0 0.7791015625 0.031177662037037035 0.07336516203703702 0.06235532407407407
0 0.7145399305555555 0.3487413194444444 0.07526041666666661 0.07306134259259256
0 0.9076822916666667 0.590747974537037 0.11490162037037033 0.11357060185185164
0 0.6372323495370371 0.8684895833333334 0.07738715277777786 0.08485243055555558
0 0.660402199074074 0.38787615740740744 0.07727141203703702 0.07703993055555558
0 0.1775028935185185 0.6373336226851851 0.07919560185185182 0.0751591435185186
0 0.9261501736111111 0.45229311342592593 0.11475694444444429 0.10380497685185186
0 0.7519169560185186 0.16757089120370372 0.06540798611111098 0.06684027777777779
0 0.6802951388888889 0.6753833912037037 0.09166666666666679 0.12637442129629628
0 0.9539134837962964 0.8878761574074074 0.09217303240740726 0.05447048611111116
0 0.3736255787037037 0.4209707754629629 0.05949074074074079 0.06271701388888884
0 0.4702329282407407 0.8082320601851851 0.07925347222222223 0.0790653935185186
0 0.9401331018518518 0.6706452546296297 0.11300636574074074 0.11740451388888884
0 0.20530960648148147 0.13993778935185186 0.08531539351851852 0.09295428240740744
0 0.04772858796296296 0.3196976273148148 0.07936921296296295 0.08687789351851849
0 0.8151982060185186 0.34989872685185186 0.06942997685185182 0.07479745370370372
0 0.5999276620370371 0.6588179976851851 0.07543402777777786 0.08478009259259256
0 0.22873987268518517 0.4683521412037037 0.0573929398148148 0.05287905092592593
0 0.9883680555555556 0.5611979166666666 0.02326388888888875 0.11834490740740744
0 0.08799913194444445 0.07002314814814815 0.05339988425925926 0.046875
0 0.011313657407407408 0.3679470486111111 0.01261574074074074 0.06098090277777779
0 0.15456452546296295 0.8697554976851851 0.08925057870370368 0.09505208333333348
0 0.43135127314814814 0.6240234375 0.05753761574074079 0.06264467592592604
0 0.8927589699074074 0.05591724537037037 0.12495659722222219 0.11183449074074074
0 0.5444010416666667 0.0765697337962963 0.06942997685185182 0.07479745370370369
0 0.4736328125 0.24627459490740738 0.20969328703703694 0.18735532407407407
0 0.2902416087962963 0.7943793402777778 0.07936921296296295 0.0868778935185186
0 0.3587384259259259 0.7351707175925926 0.06971932870370368 0.09432870370370372
0 0.5554398148148147 0.9535951967592593 0.08281250000000018 0.05577256944444464
0 0.7509910300925926 0.8965205439814815 0.08540219907407409 0.09881365740740744
0 0.6886140046296296 0.181640625 0.0752314814814814 0.07110821759259256
0 0.7414134837962962 0.0005787037037037028 0.06876446759259247 0.0011574074074074056
0 0.40477430555555555 0.14916087962962962 0.06937210648148151 0.07089120370370372
0 0.6009693287037037 0.4653139467592592 0.0771846064814814 0.07118055555555558
0 0.2682002314814815 0.42780671296296297 0.08315972222222223 0.07921006944444442
0 0.029181134259259257 0.2549189814814815 0.05188078703703704 0.07609953703703698
0 0.07395109953703703 0.17704716435185186 0.06345486111111112 0.06676793981481483
0 0.487890625 0.48318142361111116 0.08310185185185182 0.07530381944444442
0 0.8490234375 0.2587528935185185 0.07528935185185182 0.07501446759259256
0 0.7925274884259259 0.2706163194444444 0.07356770833333326 0.09056712962962965
0 0.3802589699074074 0.5389539930555556 0.07738715277777786 0.08485243055555558
0 0.22201244212962962 0.27806712962962965 0.08709490740740744 0.08130787037037035
0 0.12466001157407408 0.3021918402777778 0.10163483796296297 0.14040798611111116
0 0.4518084490740741 0.03551793981481481 0.09892939814814816 0.07103587962962962