0 0.6799479166666667 0.13445457175925926 0.1166811342592593 0.10107060185185185
0 0.838990162037037 0.08250144675925924 0.12854456018518512 0.11118344907407407
0 0.7722511574074074 0.6305700231481481 0.1782118055555557 0.16927083333333326
0 0.260546875 0.7463252314814814 0.06158854166666661 0.07210648148148158
0 0.1656394675925926 0.6897786458333333 0.09913194444444445 0.1025028935185186
0 0.38491030092592593 0.39731626157407407 0.11286168981481481 0.10681423611111107
0 0.6662254050925926 0.8628833912037037 0.0775607638888891 0.09600694444444446
0 0.20031828703703702 0.8549406828703704 0.09510995370370368 0.09457465277777777
0 0.5290653935185186 0.8226707175925926 0.12676504629629637 0.12284432870370376
0 0.8158347800925926 0.9200737847222222 0.11458333333333326 0.09124710648148149
0 0.1966001157407407 0.3145543981481481 0.12682291666666667 0.12675057870370376
0 0.045500578703703706 0.23869357638888888 0.09100115740740741 0.10629340277777777
0 0.3869285300925926 0.06324508101851851 0.11860532407407409 0.09917534722222224
0 0.3551142939814815 0.23229890046296298 0.1903935185185185 0.20086805555555554
0 0.8959852430555555 0.9175636574074074 0.11650752314814827 0.0893518518518519
0 0.037257667824074074 0.34304108796296295 0.07451533564814815 0.06665219907407405
0 0.10168547453703704 0.45633680555555556 0.13478009259259258 0.1367476851851852
0 0.9508101851851851 0.7120659722222222 0.0796296296296295 0.10387731481481488
0 0.649291087962963 0.35727719907407407 0.08519965277777786 0.08451967592592591
0 0.626048900462963 0.2774522569444444 0.09295428240740744 0.08084490740740735
0 0.2965060763888889 0.09964554398148148 0.13836805555555554 0.11537905092592593
0 0.6525969328703703 0.06818576388888889 0.06724537037037037 0.058608217592592604
0 0.8427517361111111 0.7518518518518519 0.07552083333333326 0.09008969907407405
0 0.09856047453703703 0.9310619212962963 0.07534722222222223 0.07837094907407405
0 0.3187644675925926 0.905345775462963 0.07526041666666661 0.07251157407407405
0 0.8092954282407407 0.8339048032407408 0.06543692129629619 0.06831597222222241
0 0.8630642361111112 0.43590856481481477 0.08916377314814827 0.08854166666666674
0 0.7116825810185186 0.30050636574074074 0.08913483796296306 0.08658854166666663
0 0.337767650462963 0.6118344907407407 0.07934027777777786 0.08434606481481488
0 0.38593750000000004 0.4598741319444445 0.07916666666666661 0.07262731481481488
0 0.5225694444444444 0.733572048611111 0.07336516203703702 0.07635995370370363
0 0.6652994791666667 0.5297019675925926 0.0654658564814814 0.07026909722222219
0 0.5075376157407407 0.9568576388888889 0.07721354166666661 0.07256944444444446
0 0.5374782986111111 0.45264033564814815 0.06537905092592577 0.06440972222222219
0 0.8540002893518519 0.1904152199074074 0.18998842592592613 0.17352430555555554
0 0.026396122685185187 0.5663266782407408 0.052792245370370375 0.08577835648148158
0 0.47718460648148153 0.49970341435185184 0.05552662037037037 0.05826099537037033