0 0.5525896990740741 0.33187934027777777 0.07790798611111116 0.07777777777777772
0 0.16966869212962962 0.38133680555555555 0.08138020833333331 0.07200520833333335
0 0.7358217592592593 0.33268229166666663 0.09346064814814814 0.10347222222222219
0 0.3642578125 0.5447048611111112 0.09020543981481488 0.08585069444444438
0 0.046079282407407406 0.03687065972222222 0.06018518518518519 0.07374131944444444
0 0.9258174189814815 0.1763671875 0.06756365740740744 0.06974826388888888
0 0.08481626157407407 0.9213975694444445 0.07971643518518517 0.07586805555555554
0 0.36932146990740744 0.4236979166666667 0.08868634259259256 0.09166666666666667
0 0.27853732638888884 0.5173611111111112 0.07790798611111116 0.07777777777777772
0 0.024558738425925923 0.21987847222222223 0.049117476851851846 0.08120659722222223
0 0.882884837962963 0.7954427083333333 0.09259259259259256 0.09175347222222219
0 0.08203125 0.23509114583333332 0.06908275462962962 0.06393229166666664
0 0.5020616319444444 0.448046875 0.09440104166666674 0.08984375
0 0.03600622106481481 0.34739583333333335 0.07201244212962962 0.08572048611111116
0 0.26696325231481477 0.04184027777777778 0.07776331018518512 0.07582465277777778
0 0.47005208333333337 0.7353949652777778 0.06025752314814814 0.05008680555555545
0 0.47055844907407407 0.044140624999999996 0.08781828703703698 0.07994791666666666
0 0.3759403935185185 0.7950086805555556 0.08825231481481488 0.08580729166666679
0 0.07136140046296297 0.6555338541666667 0.10127314814814814 0.10364583333333321
0 0.16594328703703703 0.8133246527777778 0.11747685185185186 0.11180555555555549
0 0.8896484375 0.5856770833333333 0.08391203703703698 0.07986111111111116
0 0.8849464699074074 0.018858506944444443 0.0751591435185186 0.03771701388888889
0 0.47388599537037035 0.6309895833333334 0.07443576388888884 0.08355034722222232
0 0.8199508101851851 0.1709201388888889 0.0821035879629628 0.08177083333333335
0 0.1404079861111111 0.001736111111111111 0.06684027777777779 0.003472222222222222
0 0.1593967013888889 0.6253038194444445 0.05678530092592593 0.055859375000000044
0 0.6694516782407407 0.13624131944444445 0.06669560185185186 0.058029513888888884
0 0.3718894675925926 0.48116319444444444 0.10337094907407407 0.15828993055555562
0 0.6909360532407407 0.03271484375 0.07537615740740744 0.0654296875
0 0.7745587384259259 0.036783854166666664 0.09758391203703698 0.07356770833333333
0 0.25748697916666663 0.4330078125 0.07537615740740744 0.06992187499999991
0 0.8674406828703703 0.35900607638888893 0.0981626157407407 0.08797743055555562
0 0.7047164351851851 0.17348090277777778 0.06770833333333348 0.07170138888888888
0 0.20066550925925924 0.7131076388888888 0.06503182870370372 0.06189236111111107
0 0.6032986111111112 0.858203125 0.06893807870370372 0.061979166666666696
0 0.3337673611111111 0.232421875 0.11494502314814814 0.10394965277777779
0 0.47142650462962965 0.1640407986111111 0.08195891203703698 0.07981770833333335
0 0.10405815972222222 0.3983940972222222 0.06336805555555555 0.06575520833333326
0 0.6072771990740741 0.567578125 0.0678530092592593 0.07365451388888888
0 0.7690610532407407 0.87109375 0.07581018518518512 0.07578124999999991
0 0.34458188657407407 0.8893012152777777 0.09657118055555558 0.06649305555555562
0 0.8187210648148149 0.687673611111111 0.06409143518518512 0.07552083333333348