0 0.6819589120370371 0.30160590277777777 0.34444444444444455 0.3599537037037037
0 0.23354311342592593 0.5451750578703703 0.15149016203703702 0.14955150462962963
0 0.40206163194444444 0.3544632523148148 0.45390624999999996 0.3724826388888889
0 0.15973668981481481 0.07497106481481482 0.19837962962962963 0.14994212962962963
0 0.906322337962963 0.3946614583333333 0.18735532407407396 0.2377314814814815
0 0.9363425925925926 0.7597077546296296 0.09534143518518512 0.21553819444444455
0 0.8251953125 0.7849464699074074 0.19149305555555562 0.2767939814814815
0 0.7451533564814815 0.922265625 0.2549768518518518 0.14641203703703698
0 0.5608796296296297 0.6999855324074074 0.25801504629629624 0.2929108796296296
0 0.8823278356481481 0.19171730324074074 0.22245370370370354 0.237962962962963
0 0.5701822916666667 0.11258680555555556 0.23802083333333335 0.22517361111111112
0 0.09001736111111111 0.6819878472222223 0.17297453703703702 0.41336805555555545
0 0.35125868055555554 0.08992332175925925 0.21814236111111107 0.1798466435185185
0 0.33933015046296294 0.8510489004629629 0.24571759259259263 0.21469907407407396
0 0.09779369212962963 0.41336082175925926 0.19092881944444445 0.2006221064814815
0 0.736255787037037 0.5121527777777778 0.245992476851852 0.25180844907407396
0 0.8614655671296296 0.5395471643518519 0.1239872685185186 0.1278645833333334
0 0.22290219907407408 0.16339699074074074 0.2419560185185185 0.23420138888888892
0 0.15925202546296297 0.2722728587962963 0.15533854166666666 0.14176793981481484
0 0.4595558449074074 0.07569444444444444 0.13395543981481484 0.15138888888888888
0 0.7361328125 0.1000217013888889 0.25131655092592586 0.17958622685185185