0 0.3516710069444444 0.5199797453703703 0.1239872685185186 0.13791956018518503
0 0.2505787037037037 0.5276909722222223 0.07783564814814814 0.1020543981481481
0 0.5760271990740741 0.22302517361111113 0.20203993055555558 0.19321469907407407
0 0.7640335648148149 0.775390625 0.15892650462962976 0.18676215277777786
0 0.23781105324074073 0.23821614583333334 0.30910011574074076 0.4002893518518519
0 0.0849609375 0.5308883101851851 0.169921875 0.21802662037037024
0 0.035590277777777776 0.8564091435185186 0.07118055555555555 0.2831307870370372
0 0.6515118634259259 0.5103443287037037 0.21028645833333326 0.20539641203703707
0 0.5480685763888888 0.6608072916666666 0.3421585648148149 0.3457320601851852
0 0.3731553819444444 0.7326533564814814 0.13259548611111116 0.15986689814814814
0 0.37626591435185186 0.8686125578703704 0.4008246527777777 0.2627748842592592
0 0.060112847222222224 0.16489438657407407 0.12022569444444445 0.22960069444444442
0 0.049895109953703706 0.33142361111111107 0.09979021990740741 0.1450376157407407
0 0.44205729166666663 0.08785445601851852 0.18229166666666674 0.1335792824074074