0 0.6201171875 0.2958984375 0.2802734375 0.2978515625
0 0.2353515625 0.5966796875 0.125 0.1220703125
0 0.36328125 0.3896484375 0.3876953125 0.2900390625
0 0.0859375 0.1259765625 0.1572265625 0.197265625
0 0.861328125 0.3466796875 0.177734375 0.197265625
0 0.951171875 0.6865234375 0.0927734375 0.197265625
0 0.8310546875 0.728515625 0.140625 0.2412109375
0 0.78515625 0.91015625 0.2177734375 0.1796875
0 0.568359375 0.6904296875 0.2041015625 0.2451171875
0 0.791015625 0.1611328125 0.1796875 0.1962890625
0 0.4833984375 0.1279296875 0.1953125 0.2021484375
0 0.08984375 0.7548828125 0.16796875 0.369140625
0 0.2724609375 0.11328125 0.1767578125 0.2158203125
0 0.3837890625 0.8671875 0.2060546875 0.169921875
0 0.0830078125 0.4951171875 0.166015625 0.1650390625
0 0.703125 0.4853515625 0.2001953125 0.20703125
0 0.826171875 0.4912109375 0.1005859375 0.10546875
0 0.166015625 0.2392578125 0.19921875 0.1904296875
0 0.123046875 0.3505859375 0.12890625 0.11328125
0 0.373046875 0.0908203125 0.1015625 0.181640625
0 0.6396484375 0.0830078125 0.2177734375 0.166015625