0 0.7254774305555556 0.4039207175925926 0.3448350694444444 0.2954427083333333
0 0.43959780092592593 0.5532118055555555 0.3585069444444444 0.34826388888888893
0 0.7435619212962963 0.6013744212962963 0.23668981481481488 0.22239583333333335
0 0.9005714699074074 0.6347728587962963 0.16051793981481488 0.22183159722222223
0 0.5951967592592593 0.7038194444444444 0.24848090277777768 0.22443576388888897
0 0.8292462384259258 0.869068287037037 0.18959780092592604 0.26186342592592604
0 0.8300419560185186 0.19174623842592592 0.33716724537037024 0.299291087962963
0 0.2759693287037037 0.03916377314814815 0.35431134259259256 0.07682291666666667
0 0.4297236689814815 0.8438874421296296 0.331958912037037 0.31222511574074074
0 0.0679615162037037 0.6949146412037037 0.1359230324074074 0.29217303240740744
0 0.21694155092592593 0.18232060185185187 0.30627893518518523 0.3088252314814815
0 0.1355613425925926 0.43854166666666666 0.2711226851851852 0.3302083333333333
0 0.9352575231481481 0.4367332175925926 0.10619212962962954 0.23119212962962965
0 0.5298032407407407 0.28036747685185187 0.23003472222222232 0.25358796296296293
0 0.1681495949074074 0.8403428819444444 0.27249710648148145 0.240234375
0 0.744140625 0.7967447916666667 0.15241608796296302 0.16124131944444442
0 0.6808087384259258 0.9212528935185185 0.18959780092592604 0.15749421296296306
0 0.6185619212962963 0.9666666666666667 0.32682291666666674 0.06666666666666665