0 0.10126953125 0.5824652777777778 0.2025390625 0.313454861111111
0 0.6149305555555555 0.8712022569444444 0.28350694444444446 0.23263888888888884
0 0.28378906249999997 0.17985026041666666 0.36540798611111114 0.3597005208333333
0 0.19767795138888888 0.8424262152777777 0.3201822916666667 0.311501736111111
0 0.7370008680555555 0.605078125 0.28585069444444455 0.28537326388888884
0 0.6284722222222222 0.1274956597222222 0.21410590277777786 0.20768229166666663
0 0.07810329861111111 0.27358940972222223 0.15620659722222222 0.28875868055555554
0 0.4486328125 0.42026909722222217 0.493967013888889 0.3582899305555556
0 0.700021701388889 0.2517578125 0.16805555555555562 0.18129340277777772
0 0.6791449652777778 0.028125 0.2745225694444444 0.05625
0 0.41566840277777783 0.700998263888889 0.3183159722222222 0.3134114583333334
0 0.8819444444444444 0.70234375 0.1815972222222222 0.22256944444444438
0 0.8206597222222223 0.3251736111111111 0.20425347222222223 0.2055121527777778
0 0.8483723958333333 0.11870659722222222 0.2226128472222222 0.2234809027777778
0 0.41519097222222223 0.93125 0.14583333333333326 0.12031250000000004