0 0.4833984375 0.3212890625 0.2021484375 0.177734375
0 0.7216796875 0.4501953125 0.2529296875 0.2451171875
0 0.9228515625 0.423828125 0.150390625 0.1875
0 0.7236328125 0.81640625 0.2626953125 0.2021484375
0 0.5595703125 0.9248046875 0.2802734375 0.14453125
0 0.1865234375 0.880859375 0.337890625 0.232421875
0 0.2529296875 0.19140625 0.314453125 0.337890625
0 0.345703125 0.45703125 0.169921875 0.2080078125
0 0.19140625 0.6259765625 0.2412109375 0.2421875
0 0.9365234375 0.6416015625 0.126953125 0.1884765625
0 0.5146484375 0.7412109375 0.2021484375 0.1982421875
0 0.837890625 0.9326171875 0.17578125 0.134765625
0 0.5546875 0.525390625 0.1279296875 0.134765625
0 0.7451171875 0.1064453125 0.19921875 0.1982421875
0 0.9306640625 0.0419921875 0.138671875 0.083984375
0 0.892578125 0.2431640625 0.2138671875 0.171875
0 0.0859375 0.33203125 0.1708984375 0.16796875
0 0.033203125 0.0693359375 0.0654296875 0.12890625
0 0.0478515625 0.48828125 0.095703125 0.1416015625
0 0.0595703125 0.7373046875 0.1181640625 0.2138671875
0 0.740234375 0.625 0.158203125 0.10546875
0 0.798828125 0.6962890625 0.1064453125 0.087890625
0 0.5146484375 0.1533203125 0.16796875 0.1484375
0 0.515625 0.04296875 0.119140625 0.0859375
0 0.90625 0.8154296875 0.130859375 0.1337890625
0 0.40234375 0.8466796875 0.12890625 0.134765625