0 0.8278501157407407 0.037109375 0.1841435185185185 0.07421875
0 0.7273292824074074 0.8193359375 0.29130497685185164 0.302734375
0 0.6806206597222222 0.1376953125 0.3106336805555556 0.275390625
0 0.09448784722222223 0.4599609375 0.18897569444444445 0.263671875
0 0.018236400462962963 0.1630859375 0.036472800925925926 0.154296875
0 0.8088831018518519 0.48828125 0.3779513888888888 0.3984375
0 0.4109447337962963 0.552734375 0.30594618055555556 0.43359375
0 0.9324146412037038 0.818359375 0.12466724537037033 0.21875
0 0.07027994791666667 0.662109375 0.14055989583333334 0.251953125
0 0.14462528935185184 0.119140625 0.2687789351851852 0.162109375
0 0.9189091435185185 0.13671875 0.0879050925925926 0.265625
0 0.4494357638888889 0.1025390625 0.2769097222222222 0.205078125
0 0.9215567129629629 0.306640625 0.11423611111111098 0.12890625
0 0.4124710648148148 0.8740234375 0.3124131944444445 0.251953125
0 0.2175998263888889 0.9462890625 0.18048321759259262 0.107421875
0 0.27261284722222223 0.2431640625 0.22864583333333333 0.28125
0 0.12400173611111111 0.2666015625 0.22047164351851853 0.232421875
0 0.21302806712962963 0.5087890625 0.20869502314814814 0.224609375