0 0.07794415509259259 0.5755714699074074 0.15588831018518517 0.20041956018518525
0 0.29108796296296297 0.9303530092592592 0.18684895833333337 0.09741030092592595
0 0.5057508680555556 0.6346137152777778 0.14185474537037024 0.14576099537037046
0 0.5301649305555556 0.1111328125 0.23466435185185186 0.222265625
0 0.0707103587962963 0.38775318287037036 0.1414207175925926 0.4119936342592593
0 0.7223307291666666 0.36606626157407407 0.13194444444444442 0.14134837962962965
0 0.6838469328703703 0.5629991319444445 0.28399884259259256 0.2993344907407409
0 0.8712384259259259 0.4509403935185185 0.22497106481481488 0.2319444444444444
0 0.25904224537037035 0.45344328703703707 0.35872395833333337 0.3168547453703703
0 0.5514684606481481 0.8476490162037037 0.32544849537037046 0.26054687499999996
0 0.1618923611111111 0.23430266203703703 0.24103009259259256 0.29710648148148144
0 0.6864149305555556 0.08637152777777778 0.21600115740740744 0.17274305555555555
0 0.8440031828703703 0.16438802083333334 0.30881076388888884 0.3287760416666667
0 0.31495949074074076 0.7068865740740741 0.3617621527777778 0.3988859953703703
0 0.2573784722222222 0.061516203703703705 0.2977430555555556 0.12303240740740741
0 0.7839626736111112 0.8599609375 0.21231192129629628 0.20594618055555558
0 0.11512586805555555 0.7863859953703703 0.2302517361111111 0.3217592592592593