0 0.857421875 0.3896484375 0.2646484375 0.2900390625
0 0.2490234375 0.58984375 0.20703125 0.2451171875
0 0.6103515625 0.693359375 0.5302734375 0.447265625
0 0.0537109375 0.2138671875 0.107421875 0.09765625
0 0.56640625 0.302734375 0.3251953125 0.1875
0 0.9404296875 0.197265625 0.119140625 0.2412109375
0 0.796875 0.0634765625 0.40625 0.126953125
0 0.1826171875 0.8271484375 0.35546875 0.32421875
0 0.10546875 0.552734375 0.2109375 0.212890625
0 0.9248046875 0.826171875 0.150390625 0.15234375
0 0.8916015625 0.931640625 0.216796875 0.13671875