0 0.15380497685185185 0.33470775462962965 0.30334201388888893 0.3568431712962963
0 0.7615089699074074 0.6588903356481481 0.25998263888888884 0.30251736111111116
0 0.3625217013888889 0.7017144097222222 0.634982638888889 0.580005787037037
0 0.9782769097222221 0.29206452546296297 0.04344618055555571 0.11494502314814814
0 0.4639684606481482 0.29445167824074076 0.3768373842592593 0.26193576388888884
0 0.09855324074074075 0.12471064814814815 0.1307002314814815 0.24696180555555555
0 0.26789641203703707 0.05287905092592592 0.41469907407407414 0.10127314814814815
0 0.7826388888888889 0.8574580439814815 0.39094328703703707 0.285083912037037
0 0.8953414351851852 0.6414930555555556 0.20931712962962967 0.259837962962963
0 0.05169270833333333 0.7839265046296297 0.09311342592592593 0.1811342592592593
0 0.08075810185185185 0.8855613425925926 0.1494791666666667 0.14612268518518512