0 0.4814453125 0.48046875 0.09765625 0.0751953125
0 0.92578125 0.64453125 0.142578125 0.1904296875
0 0.2529296875 0.2470703125 0.169921875 0.1748046875
0 0.732421875 0.09765625 0.2099609375 0.16015625
0 0.89453125 0.4560546875 0.205078125 0.1875
0 0.4306640625 0.896484375 0.2294921875 0.169921875
0 0.66015625 0.28125 0.18359375 0.2255859375
0 0.91796875 0.1416015625 0.1640625 0.201171875
0 0.9560546875 0.2919921875 0.087890625 0.107421875
0 0.0546875 0.123046875 0.109375 0.24609375
0 0.2890625 0.5341796875 0.2666015625 0.2607421875
0 0.1005859375 0.822265625 0.169921875 0.1728515625
0 0.2470703125 0.9306640625 0.22265625 0.138671875