0 0.395435474537037 0.36869212962962966 0.32928240740740744 0.29758391203703705
0 0.031177662037037035 0.8361400462962962 0.06235532407407407 0.2417679398148147
0 0.33503327546296297 0.9575014467592593 0.19321469907407407 0.0849971064814814
0 0.023039641203703703 0.29085648148148147 0.046079282407407406 0.19108796296296293
0 0.07465277777777778 0.13049045138888887 0.14930555555555555 0.17894965277777775
0 0.6976634837962963 0.2875361689814815 0.19212962962962976 0.23111979166666663
0 0.57421875 0.6961009837962963 0.544921875 0.45231481481481484
0 0.517650462962963 0.10914351851851851 0.17954282407407396 0.16620370370370371
0 0.8343822337962963 0.16322337962962963 0.26482928240740744 0.24126157407407411
0 0.14811197916666666 0.7679542824074075 0.2649016203703704 0.3209924768518517
0 0.12698929398148148 0.964113136574074 0.2536892361111111 0.0717737268518519
0 0.06720196759259259 0.6154441550925926 0.13440393518518517 0.2191695601851853
0 0.2023292824074074 0.20815972222222223 0.20196759259259262 0.25892650462962963
0 0.38523582175925924 0.2150752314814815 0.140625 0.16584201388888886
0 0.8908420138888888 0.7119212962962963 0.13932291666666652 0.25326967592592586
0 0.874095775462963 0.501027199074074 0.20001446759259256 0.20630787037037024
0 0.08228443287037036 0.4346715856481481 0.16456886574074073 0.2485821759259259
0 0.33525028935185186 0.09539207175925926 0.17404513888888884 0.14448784722222224
0 0.6048538773148148 0.9384006076388889 0.20840567129629628 0.12319878472222223
0 0.9088541666666667 0.3363425925925926 0.1172598379629628 0.1391782407407407