0 0.09096498842592592 0.13255931712962962 0.17860243055555555 0.18800636574074076
0 0.46260127314814814 0.8463541666666667 0.2777777777777779 0.28530092592592604
0 0.2698929398148148 0.21100983796296297 0.29521122685185186 0.28204571759259256
0 0.908275462962963 0.3025173611111111 0.18344907407407396 0.24913194444444442
0 0.9003544560185186 0.03602430555555555 0.1014901620370372 0.0720486111111111
0 0.27195457175925924 0.5835141782407407 0.37109375 0.3823784722222223
0 0.6550925925925926 0.4989149305555556 0.2865306712962963 0.41630497685185186
0 0.21274594907407407 0.9123263888888888 0.25405092592592593 0.17129629629629628
0 0.9644097222222222 0.48017939814814814 0.07118055555555558 0.23755787037037046
0 0.7453342013888888 0.04720052083333333 0.2601996527777777 0.09440104166666666
0 0.05334924768518519 0.3050853587962963 0.09382233796296297 0.26873553240740744
0 0.46205873842592593 0.1032986111111111 0.26786747685185186 0.2065972222222222
0 0.09534143518518519 0.46195023148148145 0.1511863425925926 0.1323784722222222
0 0.771484375 0.816333912037037 0.29962384259259256 0.2958622685185186
0 0.9429615162037037 0.8161892361111112 0.11407696759259256 0.16739004629629628
0 0.6743706597222222 0.17451533564814814 0.21477141203703698 0.26931423611111116
0 0.8150318287037037 0.14388020833333334 0.20920138888888884 0.22424768518518517
0 0.8173828125 0.3921802662037037 0.19712094907407396 0.21404803240740744