0 0.48828125 0.6893446180555556 0.275390625 0.28736979166666665
0 0.25 0.6585069444444445 0.33984375 0.31223958333333335
0 0.6337890625 0.7105251736111111 0.166015625 0.20290798611111116
0 0.375 0.0074435763888888885 0.15625 0.014887152777777777
0 0.5625 0.8849609375 0.22265625 0.2100260416666666
0 0.5810546875 0.3269314236111111 0.2890625 0.2681423611111111
0 0.369140625 0.4712890625 0.220703125 0.2744357638888888
0 0.1748046875 0.1631076388888889 0.20703125 0.29561631944444444
0 0.5849609375 0.10942925347222222 0.212890625 0.21885850694444445
0 0.8466796875 0.7263020833333333 0.2421875 0.2124131944444445
0 0.73828125 0.5099609375 0.1796875 0.23055555555555562
0 0.7275390625 0.1928168402777778 0.224609375 0.23155381944444442
0 0.3291015625 0.27588975694444445 0.216796875 0.22552083333333328
0 0.1318359375 0.416015625 0.263671875 0.26171875
0 0.33203125 0.8842230902777777 0.24609375 0.2105468749999999
0 0.0712890625 0.8060329861111111 0.142578125 0.21996527777777786
0 0.734375 0.8752821180555556 0.203125 0.22131076388888893
0 0.8623046875 0.45837673611111107 0.275390625 0.42213541666666665
0 0.916015625 0.13687065972222223 0.16796875 0.16974826388888886
0 0.7626953125 0.08363715277777778 0.203125 0.14318576388888887