0 0.119140625 0.52734375 0.16796875 0.26953125
0 0.58203125 0.8984375 0.2353515625 0.197265625
0 0.34765625 0.166015625 0.2900390625 0.322265625
0 0.1904296875 0.8310546875 0.2451171875 0.33203125
0 0.724609375 0.6591796875 0.224609375 0.232421875
0 0.6748046875 0.1884765625 0.169921875 0.16796875
0 0.09765625 0.2294921875 0.1953125 0.248046875
0 0.474609375 0.435546875 0.41796875 0.267578125
0 0.728515625 0.3193359375 0.1298828125 0.150390625
0 0.740234375 0.0556640625 0.24609375 0.1103515625
0 0.4140625 0.6953125 0.25390625 0.25390625
0 0.8837890625 0.78125 0.2001953125 0.1796875
0 0.833984375 0.408203125 0.16015625 0.1689453125
0 0.89453125 0.220703125 0.197265625 0.18359375
0 0.390625 0.9345703125 0.1162109375 0.130859375