0 0.5076750578703704 0.5750868055555556 0.38204571759259265 0.35228587962962954
0 0.48836805555555557 0.8514756944444445 0.3530671296296296 0.2915509259259259
0 0.8878544560185184 0.9461299189814815 0.11456886574074066 0.05551215277777777
0 0.05188802083333333 0.5708043981481481 0.10377604166666667 0.2294849537037038
0 0.19915364583333334 0.5432074652777779 0.21987847222222223 0.2183304398148147
0 0.4936631944444444 0.3008969907407407 0.21401909722222223 0.2182870370370371
0 0.1330295138888889 0.9507450810185185 0.2048900462962963 0.09717881944444451
0 0.8221209490740741 0.06587094907407408 0.31669560185185186 0.13174189814814816
0 0.8256582754629629 0.24963107638888887 0.3237702546296295 0.29133391203703707
0 0.05748697916666667 0.8392144097222223 0.11497395833333333 0.22178819444444464
0 0.29696903935185187 0.9680772569444445 0.1577690972222222 0.059736689814814836
0 0.024088541666666668 0.9829210069444445 0.048177083333333336 0.03381076388888893
0 0.8517216435185185 0.5510633680555556 0.24864004629629632 0.30834780092592595
0 0.8562644675925926 0.8038483796296296 0.20575810185185173 0.2436053240740741
0 0.06371527777777777 0.3539713541666667 0.12743055555555555 0.2647135416666666
0 0.08742766203703704 0.11653645833333333 0.1748553240740741 0.20442708333333334
0 0.3332175925925926 0.04341001157407407 0.11021412037037037 0.080859375
0 0.49680266203703705 0.0831958912037037 0.15758101851851847 0.15539641203703705
0 0.19751880787037038 0.8672960069444444 0.1515914351851852 0.12021122685185182
0 0.26765769675925927 0.7379267939814815 0.1796440972222222 0.16532118055555545
0 0.12019675925925927 0.7390190972222221 0.15221354166666667 0.22954282407407423
0 0.257421875 0.3670717592592593 0.2613570601851851 0.22644675925925917