0 0.8701171875 0.396484375 0.2548828125 0.2626953125
0 0.4638671875 0.7099609375 0.29296875 0.205078125
0 0.1259765625 0.74609375 0.22265625 0.1826171875
0 0.10546875 0.49609375 0.2099609375 0.1923828125
0 0.138671875 0.9208984375 0.27734375 0.15234375
0 0.388671875 0.9052734375 0.2177734375 0.1845703125
0 0.740234375 0.1416015625 0.35546875 0.2626953125
0 0.3125 0.142578125 0.125 0.1396484375
0 0.85546875 0.6474609375 0.23046875 0.224609375
0 0.4296875 0.248046875 0.26171875 0.193359375
0 0.955078125 0.953125 0.0888671875 0.09375
0 0.615234375 0.5107421875 0.2373046875 0.169921875
0 0.32421875 0.4384765625 0.1875 0.21875