0 0.5899884259259259 0.5434678819444444 0.3642939814814814 0.33763020833333335
0 0.5901692708333334 0.8232204861111112 0.341869212962963 0.29813368055555545
0 0.9639033564814815 0.9413411458333334 0.07219328703703698 0.07912326388888902
0 0.11241319444444445 0.5139756944444445 0.16464120370370372 0.22204861111111107
0 0.28725405092592593 0.49737413194444446 0.2105034722222222 0.20941840277777768
0 0.5594256365740741 0.2761284722222222 0.20464409722222232 0.20928819444444446
0 0.248046875 0.9188585069444445 0.20030381944444442 0.15069444444444446
0 0.856517650462963 0.06239149305555555 0.28696469907407396 0.1247829861111111
0 0.8631004050925926 0.24361979166666664 0.2737991898148149 0.2777777777777778
0 0.13360821759259262 0.7736979166666667 0.16796875 0.2143229166666667
0 0.41106047453703703 0.9406684027777777 0.1558159722222222 0.10290798611111107
0 0.11899594907407408 0.9461805555555556 0.10431134259259259 0.09201388888888884
0 0.9030309606481481 0.5398437500000001 0.19393807870370372 0.2960069444444444
0 0.9236291956018519 0.7876953125 0.15274160879629628 0.23298611111111112
0 0.10753038194444445 0.30279947916666666 0.18648726851851855 0.25373263888888886
0 0.11964699074074074 0.08587239583333334 0.22757523148148148 0.17174479166666667
0 0.38700810185185186 0.0265625 0.10604745370370372 0.053125
0 0.5495876736111112 0.06895616319444445 0.1513310185185186 0.1379123263888889
0 0.30475983796296297 0.8129340277777778 0.1449652777777778 0.11436631944444442
0 0.3651258680555556 0.6902994791666667 0.16963252314814814 0.1578124999999999
0 0.22280092592592593 0.6836805555555555 0.14315682870370372 0.22157118055555558
0 0.3324291087962963 0.328125 0.25 0.21614583333333337