0 0.21786024305555557 0.25658998842592595 0.24283854166666663 0.21743344907407414
0 0.2563585069444444 0.8891131365740741 0.2621961805555555 0.21063368055555554
0 0.7065972222222222 0.7357349537037037 0.2817274305555555 0.29943576388888893
0 0.3983289930555556 0.07586805555555555 0.24587673611111116 0.1517361111111111
0 0.15878906250000002 0.062160011574074074 0.19557291666666665 0.10963541666666667
0 0.8036241319444444 0.06752748842592593 0.33771701388888875 0.13505497685185186
0 0.15091145833333333 0.41160300925925924 0.28949652777777773 0.2978877314814815
0 0.07840711805555556 0.8885633680555556 0.07513020833333334 0.22044270833333335
0 0.9343967013888889 0.6950593171296297 0.13120659722222228 0.29460358796296293
0 0.9500651041666667 0.32978877314814814 0.09986979166666665 0.259375
0 0.4570963541666666 0.37519531250000004 0.44114583333333335 0.5379050925925926
0 0.7453993055555556 0.4140190972222222 0.2606336805555556 0.3158998842592593
0 0.05609809027777778 0.5885923032407407 0.09066840277777778 0.2173466435185185
0 0.03200954861111111 0.0765552662037037 0.06236979166666666 0.08517071759259259
0 0.8652994791666666 0.22204137731481483 0.19735243055555562 0.18971354166666665
0 0.459765625 0.8912760416666666 0.1600694444444445 0.17997685185185186
0 0.36239149305555557 0.7330512152777777 0.23789062500000002 0.2581452546296297