0 0.603515625 0.4185329861111111 0.267578125 0.2500289351851852
0 0.6787109375 0.27260561342592593 0.1796875 0.16929976851851847
0 0.7978515625 0.2188006365740741 0.1640625 0.1691840277777778
0 0.0830078125 0.5074508101851852 0.140625 0.1631510416666666
0 0.8349609375 0.07747395833333333 0.166015625 0.14380787037037038
0 0.7734375 0.6170572916666667 0.271484375 0.24419849537037042
0 0.0146484375 0.24327256944444445 0.029296875 0.2521701388888889
0 0.1513671875 0.8037905092592592 0.259765625 0.3924189814814816
0 0.7265625 0.8415219907407407 0.546875 0.3169560185185185
0 0.9169921875 0.3114800347222222 0.154296875 0.27262731481481484
0 0.2568359375 0.1815899884259259 0.427734375 0.3469184027777778
0 0.5908203125 0.11570457175925926 0.361328125 0.22533275462962962
0 0.45703125 0.3061197916666667 0.255859375 0.20502025462962958
0 0.4130859375 0.4757161458333333 0.173828125 0.21027199074074066
0 0.228515625 0.37766927083333335 0.203125 0.1909577546296296