0 0.8048828125 0.24759114583333333 0.3433593749999999 0.4084635416666667
0 0.12395833333333334 0.30338541666666663 0.24791666666666667 0.33723958333333326
0 0.18313802083333333 0.9593098958333333 0.20125868055555557 0.08138020833333348
0 0.32109375 0.09192708333333333 0.18107638888888888 0.130859375
0 0.2962890625 0.49576822916666663 0.31714409722222225 0.34440104166666674
0 0.3570529513888889 0.2745442708333333 0.402734375 0.3423177083333333
0 0.6147786458333333 0.1173828125 0.2899739583333334 0.17122395833333334
0 0.11321614583333334 0.1384765625 0.22643229166666667 0.18320312500000002
0 0.8800998263888888 0.6267578125 0.17322048611111107 0.2608072916666666
0 0.6296223958333333 0.78564453125 0.46601562500000004 0.4287109375
0 0.08001302083333332 0.9485677083333333 0.11219618055555555 0.10286458333333348
0 0.058029513888888884 0.8540364583333333 0.10143229166666667 0.1352864583333333