0 0.47282986111111114 0.41338975694444446 0.2740017361111111 0.244140625
0 0.09730902777777778 0.7416232638888889 0.19461805555555556 0.22013888888888888
0 0.7495008680555555 0.6389973958333333 0.25499131944444464 0.3427083333333334
0 0.7465277777777777 0.8870876736111111 0.405295138888889 0.22582465277777786
0 0.45332031250000004 0.9489800347222221 0.22599826388888888 0.10203993055555571
0 0.9114583333333333 0.4514756944444444 0.15277777777777768 0.2796875
0 0.9212673611111111 0.67109375 0.11006944444444455 0.19592013888888893
0 0.06668836805555556 0.40542534722222223 0.13337673611111112 0.5725694444444445
0 0.6971571180555556 0.40770399305555555 0.2182725694444443 0.2182725694444444
0 0.25442708333333336 0.3077907986111111 0.3101128472222222 0.2671875
0 0.21124131944444444 0.5309244791666666 0.29535590277777773 0.2860243055555556
0 0.5613064236111112 0.6462890625 0.27573784722222205 0.283203125
0 0.33721788194444446 0.7566840277777778 0.3276475694444445 0.31085069444444446
0 0.3895182291666667 0.10831163194444444 0.22877604166666665 0.19144965277777778
0 0.10082465277777777 0.09728732638888889 0.20164930555555555 0.12816840277777777
0 0.1629123263888889 0.9002387152777778 0.3258246527777778 0.19952256944444446
0 0.8253472222222222 0.27543402777777776 0.23663194444444446 0.23663194444444446
0 0.5939236111111111 0.110546875 0.21840277777777772 0.17734375