0 0.5385633680555555 0.3298972800925926 0.24736689814814827 0.2216435185185185
0 0.30678530092592593 0.48408564814814814 0.3119646990740741 0.30201099537037046
0 0.10145399305555557 0.47160734953703703 0.1654369212962963 0.22055844907407407
0 0.3652271412037037 0.8747106481481481 0.3154947916666666 0.2505787037037037
0 0.5553457754629629 0.9420572916666667 0.31723090277777777 0.11588541666666652
0 0.8735315393518519 0.8803168402777778 0.2529369212962962 0.23936631944444442
0 0.762818287037037 0.1997974537037037 0.39282407407407405 0.3576388888888889
0 0.7083333333333334 0.46484375 0.21763599537037037 0.24978298611111116
0 0.8742042824074074 0.6344762731481481 0.2515914351851851 0.2973090277777779
0 0.11746238425925926 0.705150462962963 0.15557002314814816 0.21824363425925908
0 0.5757306134259259 0.7835286458333333 0.2504340277777777 0.2432002314814814
0 0.2597366898148148 0.9620225694444444 0.20141782407407405 0.07595486111111116
0 0.49654947916666664 0.5534939236111112 0.16054687499999998 0.16384548611111116
0 0.22698206018518519 0.12926793981481483 0.24325810185185182 0.21759259259259256
0 0.04984809027777778 0.07787181712962962 0.09544270833333333 0.07371238425925924
0 0.11456163194444445 0.27325665509259256 0.21190682870370373 0.21448206018518512
0 0.929564525462963 0.31333188657407407 0.14087094907407405 0.19654224537037035
0 0.9830005787037037 0.4755135995370371 0.03399884259259256 0.158203125
0 0.9888744212962963 0.7421151620370371 0.02225115740740735 0.23828125
0 0.3166087962962963 0.6735387731481481 0.18842592592592589 0.13758680555555558
0 0.2662760416666667 0.7554976851851851 0.12851562500000002 0.11002604166666652
0 0.4766637731481481 0.1511863425925926 0.2064814814814815 0.18504050925925924
0 0.4597294560185185 0.05016637731481481 0.138208912037037 0.07139756944444445
0 0.1709273726851852 0.8903718171296295 0.16249999999999998 0.16391782407407396
0 0.7126808449074074 0.8870442708333333 0.1606481481481481 0.16579861111111116