0 0.7912977430555556 0.6480541087962963 0.24535590277777786 0.2153790509259259
0 0.5319661458333333 0.40700954861111105 0.24275173611111112 0.24447337962962967
0 0.3681857638888889 0.267701099537037 0.31775173611111107 0.353587962962963
0 0.08901909722222223 0.6374855324074074 0.1318576388888889 0.2484664351851853
0 0.5387152777777777 0.8892144097222222 0.28880208333333335 0.1845052083333334
0 0.1314019097222222 0.864330150462963 0.19179687499999998 0.15024594907407396
0 0.06901041666666667 0.40752314814814816 0.11041666666666666 0.20448495370370368
0 0.8034939236111112 0.8784215856481481 0.3334635416666667 0.18097511574074066
0 0.9353298611111112 0.3453486689814815 0.12934027777777768 0.2865885416666667
0 0.19995659722222223 0.4907841435185185 0.2755642361111111 0.28125
0 0.7024522569444445 0.23470775462962962 0.2895833333333333 0.28977141203703705