0 0.4579137731481482 0.36900318287037037 0.25363136574074074 0.23505497685185184
0 0.22131076388888887 0.5303240740740741 0.3221354166666667 0.3169994212962963
0 0.05284288194444445 0.5213396990740741 0.1056857638888889 0.22236689814814814
0 0.2597366898148148 0.8901982060185185 0.3223958333333333 0.21960358796296298
0 0.44126880787037037 0.9542896412037036 0.3143663194444444 0.09142071759259274
0 0.7977430555555556 0.8845124421296297 0.32896412037037037 0.2309751157407407
0 0.6302806712962963 0.4830512152777777 0.27795138888888893 0.291015625
0 0.808347800925926 0.6571903935185185 0.27219328703703694 0.2926215277777777
0 0.46846788194444444 0.7888816550925926 0.2816695601851851 0.40027488425925917
0 0.169263599537037 0.15500578703703705 0.26494502314814816 0.22793692129629628
0 0.022706886574074076 0.18607494212962963 0.04541377314814815 0.16511863425925927
0 0.029600694444444443 0.34393807870370374 0.05920138888888889 0.18396990740740748
0 0.17166883680555556 0.3372829861111111 0.3433376736111111 0.27944155092592593
0 0.677662037037037 0.21158130787037038 0.42983217592592604 0.3662181712962963
0 0.8747106481481481 0.3408058449074074 0.21022858796296306 0.2616898148148148
0 0.9254918981481481 0.7405381944444445 0.09088541666666661 0.25072337962962976
0 0.19027777777777777 0.8076605902777778 0.14956597222222223 0.14321469907407414
0 0.16548755787037037 0.9742910879629629 0.19249131944444448 0.05141782407407414