0 0.8787760416666667 0.3003544560185185 0.23697916666666674 0.3842447916666667
0 0.5155598958333334 0.04402488425925926 0.2657552083333332 0.08804976851851852
0 0.20067274305555555 0.15379050925925927 0.2783420138888889 0.30758101851851855
0 0.06061197916666666 0.854441550925926 0.12122395833333333 0.142679398148148
0 0.42356770833333335 0.18116319444444445 0.33819444444444446 0.2822627314814815
0 0.7647135416666666 0.11753472222222222 0.28602430555555536 0.21901041666666665
0 0.26885850694444446 0.029029224537037036 0.20447048611111107 0.05805844907407407
0 0.3370442708333333 0.4284577546296296 0.3533854166666668 0.35082465277777775
0 0.8209852430555555 0.7043981481481482 0.19861111111111107 0.2391927083333334
0 0.010807291666666666 0.6764973958333333 0.021614583333333333 0.1352864583333333
0 0.6203125 0.33347077546296294 0.41089409722222214 0.3907262731481481