0 0.8643663194444444 0.3032552083333333 0.27126736111111116 0.32236689814814823
0 0.19388020833333333 0.7160445601851853 0.18155381944444443 0.17511574074074066
0 0.49450954861111107 0.38537326388888893 0.2631510416666667 0.2538194444444444
0 0.8389539930555555 0.8393229166666667 0.31723090277777777 0.3213541666666666
0 0.21004774305555557 0.04743923611111111 0.20525173611111114 0.09328703703703704
0 0.8168836805555556 0.6318214699074074 0.19947916666666665 0.1830584490740741
0 0.19424913194444443 0.3070023148148148 0.24943576388888888 0.20881076388888886
0 0.5415147569444444 0.781300636574074 0.478515625 0.437398726851852
0 0.6835286458333334 0.15735677083333333 0.34735243055555554 0.3032552083333333
0 0.11375868055555556 0.5826822916666667 0.18272569444444445 0.15755208333333348
0 0.92578125 0.4452907986111111 0.1484375 0.35079571759259265
0 0.43973524305555556 0.07549913194444444 0.2622829861111111 0.14642650462962964
0 0.11575520833333333 0.8033275462962963 0.16796875 0.17696759259259265