0 0.23900462962962962 0.3125 0.23146701388888885 0.19921875
0 0.303392650462963 0.9013671875 0.2548755787037037 0.197265625
0 0.7133608217592593 0.7568359375 0.26970486111111125 0.275390625
0 0.3961226851851852 0.107421875 0.24146412037037035 0.21484375
0 0.17247540509259257 0.1064453125 0.19171006944444446 0.15234375
0 0.7343098958333334 0.45703125 0.26154513888888875 0.251953125
0 0.0814525462962963 0.6201171875 0.1433738425925926 0.185546875
0 0.05164207175925926 0.1240234375 0.10172164351851852 0.142578125
0 0.7653501157407407 0.11328125 0.3939814814814815 0.2265625
0 0.938404224537037 0.3779296875 0.12319155092592604 0.248046875
0 0.9231843171296297 0.7099609375 0.15363136574074066 0.275390625
0 0.8341290509259259 0.2734375 0.17418981481481488 0.15625
0 0.11293402777777778 0.8994140625 0.12407407407407406 0.201171875
0 0.4517433449074074 0.5 0.31902488425925934 0.30859375
0 0.5007450810185186 0.9072265625 0.16095196759259256 0.185546875
0 0.8483579282407407 0.904296875 0.2050636574074074 0.130859375
0 0.969140625 0.8935546875 0.061718750000000044 0.099609375
0 0.6523871527777778 0.92578125 0.1699942129629628 0.13671875