0 0.3335431134259259 0.4746166087962963 0.15423900462962958 0.13519965277777768
0 0.8185402199074074 0.6142722800925926 0.18379629629629646 0.20626446759259265
0 0.5186053240740741 0.1318359375 0.22677951388888884 0.2406828703703704
0 0.40020254629629626 0.6822337962962963 0.16608796296296302 0.17064525462962976
0 0.16132450810185187 0.24777922453703705 0.32264901620370373 0.42889178240740744
0 0.33916377314814816 0.23171296296296298 0.22232349537037033 0.2970920138888889
0 0.5951099537037037 0.5516782407407408 0.40261863425925926 0.3784722222222223
0 0.26383101851851853 0.9436342592592593 0.21258680555555554 0.09988425925925926
0 0.914308449074074 0.7254918981481482 0.09383680555555562 0.2016493055555557
0 0.5795428240740741 0.8143735532407408 0.5080729166666667 0.34845196759259256
0 0.06945167824074075 0.8900824652777777 0.1389033564814815 0.21694155092592604
0 0.08681278935185185 0.5956524884259259 0.1736255787037037 0.27353877314814823
0 0.05591724537037037 0.32730758101851853 0.11183449074074074 0.34929108796296293
0 0.38020109953703707 0.056235532407407404 0.19272280092592586 0.11247106481481481
0 0.6932002314814815 0.34405381944444446 0.21251446759259252 0.19736689814814812