0 0.4228515625 0.6591796875 0.30078125 0.3427734375
0 0.6689453125 0.4462890625 0.2236328125 0.28125
0 0.072265625 0.6162109375 0.138671875 0.2646484375
0 0.943359375 0.0654296875 0.1123046875 0.130859375
0 0.888671875 0.34765625 0.19140625 0.1669921875
0 0.244140625 0.0263671875 0.1591796875 0.0517578125
0 0.482421875 0.103515625 0.2080078125 0.1865234375
0 0.345703125 0.41796875 0.140625 0.16796875
0 0.7900390625 0.1455078125 0.203125 0.18359375
0 0.19140625 0.91796875 0.2275390625 0.1640625
0 0.94921875 0.2119140625 0.0947265625 0.1435546875
0 0.8994140625 0.9306640625 0.2001953125 0.138671875
0 0.6689453125 0.0234375 0.181640625 0.046875
0 0.9306640625 0.6435546875 0.138671875 0.337890625