0 0.1444661458333333 0.42210648148148144 0.255078125 0.3432870370370371
0 0.6296875 0.662232349537037 0.3929687500000001 0.3043547453703703
0 0.9261067708333333 0.6173900462962962 0.14778645833333348 0.24878472222222214
0 0.8997395833333333 0.340306712962963 0.20052083333333348 0.25122974537037046
0 0.9349609375 0.808767361111111 0.13007812500000004 0.21747685185185173
0 0.772265625 0.8507378472222222 0.2998697916666666 0.25419560185185186
0 0.19368489583333334 0.1633101851851852 0.38372395833333334 0.2827546296296296
0 0.6138020833333333 0.0478515625 0.1729166666666666 0.095703125
0 0.198828125 0.6950086805555555 0.30507812500000003 0.30305266203703707
0 0.5152994791666666 0.14877025462962964 0.3544270833333334 0.28232060185185187
0 0.4018880208333333 0.4857421875 0.31914062499999996 0.2505787037037037
0 0.6904947916666666 0.3279947916666667 0.2808593749999999 0.2909866898148148