0 0.8970630787037037 0.7294994212962963 0.1611689814814814 0.23940972222222223
0 0.9381510416666667 0.8333478009259259 0.0674189814814814 0.1332754629629629
0 0.7795500578703703 0.07805989583333334 0.2573061342592593 0.14639756944444443
0 0.36248553240740744 0.07692418981481482 0.3023726851851851 0.15063657407407408
0 0.13765914351851852 0.5596643518518518 0.27531828703703703 0.37714120370370363
0 0.665943287037037 0.9299913194444445 0.2392216435185186 0.13259548611111116
0 0.03219039351851852 0.19751880787037038 0.06438078703703703 0.18019386574074076
0 0.2876880787037037 0.30299479166666665 0.3778211805555556 0.39526909722222214
0 0.1169704861111111 0.16497395833333334 0.23206018518518517 0.20283564814814814
0 0.35239438657407407 0.5340060763888889 0.2641059027777778 0.22455150462962958
0 0.4247685185185185 0.8722294560185185 0.31032986111111116 0.25554108796296293
0 0.16630497685185186 0.9681785300925926 0.1879340277777778 0.06364293981481484
0 0.6673900462962963 0.7063078703703703 0.42744502314814814 0.417115162037037
0 0.5788845486111112 0.300267650462963 0.30541087962962976 0.28538773148148144
0 0.5955222800925926 0.06204427083333334 0.2698929398148149 0.11720196759259259
0 0.9498336226851851 0.4915436921296297 0.07212094907407396 0.2075086805555555
0 0.04307725694444445 0.3519169560185185 0.0861545138888889 0.18820891203703705
0 0.8126085069444444 0.2404586226851852 0.16854745370370372 0.17502893518518514
0 0.7186414930555556 0.4038700810185185 0.23169849537037024 0.24578993055555554
0 0.3506944444444444 0.7117766203703704 0.23712384259259256 0.18139467592592595
0 0.20128038194444442 0.8161675347222223 0.19618055555555558 0.23576388888888888