0 0.1396484375 0.26171875 0.275390625 0.357421875
0 0.830078125 0.2451171875 0.224609375 0.2646484375
0 0.8466796875 0.9052734375 0.16796875 0.1103515625
0 0.5908203125 0.0595703125 0.15234375 0.115234375
0 0.6708984375 0.4482421875 0.2392578125 0.2646484375
0 0.58203125 0.25 0.3271484375 0.2421875
0 0.3154296875 0.0927734375 0.244140625 0.185546875
0 0.8017578125 0.0810546875 0.201171875 0.154296875
0 0.1416015625 0.640625 0.1142578125 0.2177734375
0 0.3994140625 0.7685546875 0.3662109375 0.3349609375
0 0.9541015625 0.890625 0.091796875 0.16796875
0 0.9541015625 0.7568359375 0.091796875 0.111328125