0 0.15592447916666666 0.18449797453703703 0.27786458333333336 0.29716435185185186
0 0.7764756944444444 0.7567274305555556 0.1577256944444443 0.16001157407407396
0 0.5425347222222222 0.3506944444444444 0.2276041666666666 0.2309027777777778
0 0.10554470486111112 0.7887369791666667 0.21108940972222223 0.3773148148148149
0 0.9068142361111111 0.04712818287037037 0.15902777777777777 0.09425636574074074
0 0.16165364583333333 0.5414134837962963 0.17543402777777778 0.1665219907407407
0 0.8630208333333333 0.3310185185185185 0.2245659722222222 0.18200231481481488
0 0.02521701388888889 0.07132523148148148 0.05043402777777778 0.11516203703703703
0 0.40143229166666666 0.7725694444444444 0.40590277777777783 0.4385127314814814
0 0.39991319444444445 0.10474537037037036 0.3095486111111111 0.20949074074074073
0 0.8865234375 0.6345847800925926 0.16506076388888902 0.13881655092592604
0 0.06571180555555556 0.3168402777777778 0.13142361111111112 0.3428819444444444
0 0.6695746527777777 0.049370659722222224 0.24288194444444455 0.09874131944444445
0 0.8462456597222222 0.8663556134259259 0.1674479166666667 0.15842013888888884