0 0.5208912037037037 0.4695529513888889 0.11197916666666674 0.0903211805555556
0 0.05888310185185185 0.6127821180555555 0.1177662037037037 0.21584201388888902
0 0.7912181712962962 0.23908420138888886 0.201273148148148 0.2055121527777778
0 0.3025173611111111 0.07118055555555555 0.2426215277777778 0.1423611111111111
0 0.10379774305555556 0.4165364583333333 0.20759548611111112 0.2216145833333334
0 0.5247323495370371 0.8998480902777778 0.26497395833333326 0.18155381944444438
0 0.35572916666666665 0.24680989583333335 0.22242476851851856 0.2606336805555556
0 0.11041666666666666 0.09639756944444444 0.18151041666666667 0.19279513888888888
0 0.051504629629629636 0.23795572916666666 0.08757233796296296 0.12296006944444443
0 0.9699508101851851 0.1355685763888889 0.057783564814814836 0.23745659722222218
0 0.7169053819444444 0.5403428819444445 0.315552662037037 0.307595486111111
0 0.8665943287037037 0.8571180555555555 0.1718026620370372 0.19900173611111116
0 0.7160445601851851 0.9317057291666666 0.24916087962962963 0.10898437499999991