0 0.551048900462963 0.3257378472222222 0.25269097222222214 0.23177083333333337
0 0.3120587384259259 0.49052372685185186 0.31957465277777786 0.31618923611111116
0 0.09813368055555556 0.4806495949074074 0.1746238425925926 0.23083043981481477
0 0.3697337962962963 0.8803891782407407 0.3236979166666667 0.2392216435185186
0 0.5630497685185185 0.9483506944444444 0.3237847222222223 0.10329861111111116
0 0.8830656828703703 0.8848741319444444 0.2338686342592593 0.23025173611111116
0 0.7361038773148147 0.4476996527777778 0.2739583333333333 0.291087962962963
0 0.8983434606481482 0.6287254050925926 0.20331307870370363 0.28927951388888884
0 0.5815899884259259 0.7638888888888888 0.2735243055555556 0.4081307870370372
0 0.2423828125 0.11433015046296297 0.2611834490740741 0.18916377314814814
0 0.054629629629629625 0.13176359953703703 0.10648148148148148 0.16977719907407407
0 0.06724537037037036 0.2941623263888889 0.12280092592592592 0.1937934027777778
0 0.25049189814814815 0.2892433449074074 0.3475983796296296 0.2743055555555556
0 0.7721498842592592 0.18272569444444445 0.42320601851851847 0.3239293981481482
0 0.9402018229166667 0.3060257523148148 0.1195963541666667 0.24833622685185186
0 0.2923611111111111 0.7804904513888888 0.15053530092592593 0.14214409722222232
0 0.2736472800925926 0.9656394675925926 0.19555844907407405 0.06872106481481488