0 0.5283203125 0.3828125 0.22265625 0.1904296875
0 0.138671875 0.6572265625 0.1923828125 0.1748046875
0 0.767578125 0.6103515625 0.1904296875 0.28515625
0 0.7451171875 0.8798828125 0.3447265625 0.2353515625
0 0.4716796875 0.916015625 0.1923828125 0.1474609375
0 0.9384765625 0.44921875 0.1171875 0.2421875
0 0.9423828125 0.6552734375 0.1103515625 0.1650390625
0 0.087890625 0.3427734375 0.1748046875 0.5146484375
0 0.7353515625 0.392578125 0.173828125 0.1728515625
0 0.333984375 0.26953125 0.25390625 0.2060546875
0 0.2783203125 0.4716796875 0.2353515625 0.2255859375
0 0.5927734375 0.6025390625 0.21875 0.2275390625
0 0.37890625 0.6884765625 0.263671875 0.2451171875
0 0.4736328125 0.083984375 0.1875 0.16796875
0 0.1484375 0.05078125 0.29296875 0.1015625
0 0.1708984375 0.8681640625 0.3408203125 0.2548828125
0 0.8623046875 0.2802734375 0.1884765625 0.1884765625
0 0.6650390625 0.091796875 0.177734375 0.181640625