0 0.6696686921296297 0.43878038194444446 0.12492766203703698 0.10889756944444451
0 0.24819155092592593 0.6795572916666666 0.14098668981481477 0.17395833333333321
0 0.45305266203703703 0.16278211805555556 0.17513020833333337 0.20082465277777778
0 0.6391782407407407 0.6455512152777778 0.13006365740740744 0.14227430555555554
0 0.7963324652777778 0.18763020833333335 0.23799189814814814 0.3713107638888889
0 0.6300636574074074 0.21458333333333335 0.15972222222222232 0.25863715277777777
0 0.44173177083333337 0.5702039930555556 0.32342303240740744 0.30881076388888884
0 0.8049406828703705 0.8954427083333334 0.18294270833333348 0.14852430555555562
0 0.12116608796296297 0.8152994791666667 0.1644965277777778 0.17695312500000004
0 0.4954788773148149 0.8328993055555556 0.4307725694444444 0.3116319444444444
0 0.9661820023148149 0.8102647569444444 0.06763599537037024 0.2989149305555556
0 0.9256727430555556 0.48849826388888884 0.14865451388888884 0.2338541666666667
0 0.9376808449074074 0.22697482638888888 0.12463831018518512 0.3123697916666667
0 0.5647786458333333 0.05082465277777778 0.16666666666666652 0.10164930555555556
0 0.32389322916666663 0.3993706597222222 0.16970486111111116 0.1596354166666667