0 0.4007740162037037 0.4748480902777778 0.13198784722222223 0.14217303240740742
0 0.3074146412037037 0.5068287037037037 0.08328993055555556 0.10423900462962954
0 0.5520833333333333 0.1436053240740741 0.21304976851851842 0.203443287037037
0 0.8433304398148148 0.6220052083333334 0.17162905092592595 0.19320023148148158
0 0.2375217013888889 0.2357132523148148 0.33676215277777777 0.411328125
0 0.13448350694444444 0.5533203125 0.22217881944444445 0.22929687499999996
0 0.14179687500000002 0.8643880208333333 0.1599537037037037 0.2684461805555556
0 0.6818142361111111 0.3974609375 0.22342303240740735 0.2157407407407408
0 0.6150245949074074 0.5640263310185185 0.36342592592592604 0.3622829861111112
0 0.46589265046296297 0.672779224537037 0.14296874999999998 0.16618923611111125
0 0.5029369212962963 0.8204571759259259 0.418142361111111 0.3285300925925927
0 0.063671875 0.2078125 0.11721643518518518 0.23281249999999998
0 0.0750072337962963 0.36974826388888893 0.11882233796296296 0.15112847222222214
0 0.3980758101851852 0.05887225115740741 0.18862847222222223 0.11774450231481481