0 0.5750868055555556 0.392578125 0.2138310185185186 0.18359375
0 0.8175998263888888 0.7705078125 0.15733506944444464 0.134765625
0 0.17885561342592593 0.2412109375 0.2572337962962963 0.248046875
0 0.16767939814814814 0.783203125 0.22641782407407407 0.3125
0 0.7626953125 0.52734375 0.20449942129629628 0.248046875
0 0.19469762731481483 0.537109375 0.2094907407407407 0.224609375
0 0.39970341435185186 0.1396484375 0.29275173611111116 0.2578125
0 0.8868272569444444 0.08203125 0.19162326388888884 0.1640625
0 0.8510561342592593 0.302734375 0.27271412037037024 0.296875
0 0.9301215277777778 0.5439453125 0.13975694444444442 0.197265625
0 0.3974247685185185 0.921875 0.19328703703703698 0.15625
0 0.4330873842592593 0.724609375 0.35271990740740744 0.294921875
0 0.8865740740740742 0.892578125 0.17426215277777768 0.169921875
0 0.3525752314814815 0.3701171875 0.13093171296296302 0.107421875
0 0.09208622685185185 0.376953125 0.16507523148148148 0.23828125
0 0.725658275462963 0.8193359375 0.12123842592592604 0.162109375
0 0.632740162037037 0.8681640625 0.12905092592592604 0.162109375
0 0.6317274305555556 0.076171875 0.17361111111111116 0.15234375
0 0.7188585069444444 0.1875 0.0810185185185186 0.078125