0 0.5673828125 0.3974609375 0.1953125 0.169921875
0 0.76953125 0.7900390625 0.14453125 0.125
0 0.1884765625 0.21875 0.232421875 0.232421875
0 0.1201171875 0.7578125 0.1953125 0.2998046875
0 0.740234375 0.5439453125 0.1796875 0.236328125
0 0.1728515625 0.5146484375 0.1865234375 0.2119140625
0 0.419921875 0.1328125 0.267578125 0.2392578125
0 0.9130859375 0.0927734375 0.173828125 0.185546875
0 0.8525390625 0.3271484375 0.2421875 0.28125
0 0.9228515625 0.57421875 0.154296875 0.1865234375
0 0.3349609375 0.9189453125 0.17578125 0.16015625
0 0.390625 0.7177734375 0.3232421875 0.2734375
0 0.8251953125 0.916015625 0.1572265625 0.16015625
0 0.3486328125 0.359375 0.1201171875 0.099609375
0 0.0791015625 0.3486328125 0.158203125 0.228515625
0 0.6728515625 0.83203125 0.1044921875 0.1552734375
0 0.57421875 0.8740234375 0.1123046875 0.154296875
0 0.6591796875 0.0791015625 0.1572265625 0.1572265625
0 0.7333984375 0.203125 0.07421875 0.072265625