0 0.8747612847222221 0.26788917824074077 0.2295572916666666 0.31219618055555554
0 0.1609157986111111 0.7916521990740741 0.3218315972222222 0.3187500000000001
0 0.6133463541666666 0.25615596064814816 0.2831163194444444 0.2618200231481481
0 0.3264973958333333 0.290502025462963 0.26341145833333335 0.2538628472222222
0 0.04691840277777778 0.3179976851851852 0.09383680555555556 0.29369212962962965
0 0.9141927083333334 0.822193287037037 0.13854166666666679 0.17092013888888902
0 0.7961154513888888 0.8631004050925926 0.15221354166666679 0.17102141203703702
0 0.6697916666666666 0.7917824074074074 0.21219618055555545 0.2339554398148147
0 0.9342013888888889 0.8884403935185186 0.09392361111111125 0.09638310185185173
0 0.6536675347222223 0.07023292824074075 0.21610243055555545 0.1404658564814815
0 0.3089409722222222 0.11390335648148148 0.21315104166666665 0.18904803240740742
0 0.14518229166666669 0.32113715277777777 0.21037326388888888 0.2398003472222222
0 0.510546875 0.5322627314814815 0.1878906250000001 0.19471932870370368
0 0.06360677083333333 0.7133029513888889 0.12721354166666665 0.2216579861111112
0 0.8749782986111111 0.6975043402777777 0.2235677083333334 0.21841724537037033
0 0.8888237847222222 0.5138382523148148 0.20325520833333321 0.1831163194444445
0 0.30062934027777777 0.5758029513888889 0.32109374999999996 0.30115740740740726
0 0.116796875 0.14852430555555557 0.18129340277777778 0.16147280092592592
0 0.33296440972222224 0.9221860532407407 0.24552951388888888 0.15218460648148158
0 0.19368489583333331 0.9505570023148149 0.15837673611111114 0.09686053240740744
0 0.6285807291666666 0.932689525462963 0.30551215277777777 0.12724247685185164