0 0.3645182291666667 0.6371310763888889 0.35677083333333337 0.3858506944444444
0 0.6439453125000001 0.43289930555555556 0.2701822916666665 0.31384548611111107
0 0.05462239583333334 0.5779730902777778 0.10924479166666667 0.28546006944444446
0 0.9539713541666667 0.06642795138888889 0.0873697916666667 0.13285590277777778
0 0.8748697916666667 0.3427951388888889 0.2114583333333333 0.1924479166666666
0 0.280078125 0.013151041666666667 0.16640624999999998 0.026302083333333334
0 0.5087890625 0.09359809027777778 0.240234375 0.18719618055555556
0 0.32447916666666665 0.390625 0.1683593750000001 0.18858506944444442
0 0.8117838541666667 0.13528645833333333 0.23424479166666679 0.21293402777777776
0 0.11051432291666667 0.8838541666666666 0.22102864583333334 0.19053819444444464
0 0.9443359375 0.20631510416666665 0.0884114583333333 0.1577690972222222
0 0.7983072916666667 0.90703125 0.2182291666666667 0.11874999999999991
0 0.7083333333333333 0.020952690972222222 0.19153645833333321 0.041905381944444445
0 0.8723307291666667 0.6437717013888888 0.185546875 0.35876736111111107