0 0.3017578125 0.349609375 0.2744140625 0.2216796875
0 0.5283203125 0.5498046875 0.2724609375 0.275390625
0 0.236328125 0.5263671875 0.1826171875 0.1728515625
0 0.0673828125 0.5224609375 0.134765625 0.1904296875
0 0.34765625 0.6533203125 0.1953125 0.1728515625
0 0.07421875 0.759765625 0.1474609375 0.240234375
0 0.2021484375 0.1123046875 0.384765625 0.224609375
0 0.8173828125 0.0576171875 0.3203125 0.115234375
0 0.462890625 0.83203125 0.25 0.275390625
0 0.8935546875 0.775390625 0.185546875 0.244140625
0 0.826171875 0.2587890625 0.2314453125 0.2451171875
0 0.8701171875 0.51953125 0.2587890625 0.2666015625
0 0.0625 0.3291015625 0.125 0.201171875
0 0.5126953125 0.2802734375 0.1669921875 0.2080078125
0 0.7080078125 0.873046875 0.21484375 0.1826171875
0 0.1865234375 0.7060546875 0.11328125 0.1298828125
0 0.212890625 0.84375 0.1474609375 0.140625
0 0.251953125 0.9453125 0.296875 0.1083984375
0 0.0498046875 0.9443359375 0.09765625 0.111328125