0 0.4575520833333333 0.69453125 0.33671874999999996 0.3549479166666667
0 0.27936197916666666 0.7633463541666667 0.2709635416666667 0.3019531249999998
0 0.9276041666666667 0.8309895833333334 0.14479166666666665 0.3307291666666665
0 0.8811197916666667 0.3741536458333333 0.2377604166666667 0.6311197916666667
0 0.29537760416666664 0.9033203125 0.308203125 0.193359375
0 0.5186848958333333 0.8946940104166667 0.22239583333333335 0.21061197916666652
0 0.7305989583333333 0.8875651041666667 0.28645833333333326 0.22486979166666665
0 0.13561197916666667 0.48834635416666666 0.2279947916666667 0.3282552083333333
0 0.3194661458333333 0.4461588541666667 0.2846354166666667 0.3028645833333332
0 0.5799479166666667 0.44505208333333335 0.32304687499999996 0.2665364583333334
0 0.09309895833333334 0.22981770833333334 0.17473958333333334 0.2877604166666667
0 0.26959635416666666 0.1939453125 0.41080729166666663 0.35794270833333336
0 0.5734375 0.2015625 0.3382812500000001 0.34921874999999997
0 0.6369791666666667 0.6442708333333333 0.15989583333333335 0.24010416666666679
0 0.8727864583333333 0.6084635416666667 0.22526041666666652 0.25807291666666665
0 0.7750651041666667 0.6884765625 0.2269531250000001 0.3126302083333332