0 0.2896773726851852 0.4966579861111111 0.3197771990740741 0.36636284722222223
0 0.7259765625000001 0.9333984375 0.2300202546296295 0.10664062499999982
0 0.28620515046296297 0.7898003472222223 0.4330873842592592 0.37083333333333335
0 0.8062861689814815 0.2878472222222222 0.2040364583333334 0.19782986111111112
0 0.9755570023148148 0.32797309027777777 0.048885995370370416 0.18085937500000004
0 0.8472149884259259 0.9404730902777778 0.15551215277777786 0.08546006944444429
0 0.12740162037037037 0.4230902777777778 0.21154513888888887 0.30928819444444444
0 0.07688802083333333 0.6401041666666667 0.1409866898148148 0.4229166666666666
0 0.19325086805555555 0.05766059027777778 0.2185329861111111 0.11532118055555556
0 0.8994538483796296 0.42545572916666663 0.2010923032407408 0.2251302083333333
0 0.9581018518518518 0.5119791666666667 0.08379629629629637 0.2519965277777778
0 0.5654152199074074 0.777734375 0.3043258101851851 0.37773437499999996
0 0.6186704282407407 0.41608072916666666 0.2415653935185187 0.3587673611111112
0 0.683933738425926 0.07547743055555556 0.18777488425925926 0.15095486111111112
0 0.8433593749999999 0.08676215277777778 0.20489004629629637 0.1236545138888889
0 0.9109519675925926 0.8247612847222222 0.11442418981481484 0.2114583333333333
0 0.48331886574074073 0.3135850694444444 0.21300636574074072 0.27612847222222225
0 0.3482132523148148 0.22769097222222223 0.15879629629629632 0.1753472222222222
0 0.17975260416666666 0.1982204861111111 0.2748987268518519 0.23650173611111114
0 0.3923683449074074 0.04869791666666667 0.23395543981481481 0.09739583333333333
0 0.5280671296296297 0.04392361111111111 0.1733217592592593 0.08784722222222222
0 0.9833767361111111 0.18519965277777778 0.03324652777777781 0.15703124999999996