0 0.5580873842592593 0.27437789351851855 0.3853443287037037 0.40400752314814814
0 0.2365089699074074 0.7059100115740742 0.16999421296296297 0.16866319444444455
0 0.3151041666666667 0.45037615740740744 0.49934895833333337 0.42941261574074074
0 0.03150318287037037 0.2429759837962963 0.053457754629629636 0.23279803240740737
0 0.8264250578703705 0.25459346064814814 0.24768518518518512 0.26626157407407414
0 0.9695457175925926 0.5849898726851852 0.06090856481481488 0.23852719907407405
0 0.8971715856481481 0.6644386574074074 0.20565682870370372 0.3018518518518518
0 0.8823603877314815 0.8282841435185184 0.23527922453703698 0.17342303240740753
0 0.6151258680555556 0.7048683449074074 0.28884548611111116 0.32492766203703694
0 0.6988208912037037 0.10620659722222223 0.24920428240740744 0.21241319444444445
0 0.36519820601851855 0.13859230324074073 0.267578125 0.27703993055555554
0 0.16333912037037038 0.84375 0.19661458333333331 0.3084490740740742
0 0.13899739583333334 0.1865234375 0.2523148148148148 0.28599537037037037
0 0.46498842592592593 0.9044270833333333 0.2573784722222223 0.15954861111111107
0 0.08995225694444445 0.6322989004629629 0.13816550925925924 0.20405092592592577
0 0.7005208333333333 0.44800347222222225 0.27365451388888884 0.283203125
0 0.8314887152777778 0.41773003472222225 0.13787615740740744 0.143605324074074
0 0.1017795138888889 0.34402488425925926 0.18692129629629628 0.2572627314814815
0 0.07335069444444445 0.4746527777777778 0.11675347222222221 0.15225694444444438
0 0.23983651620370372 0.13530815972222224 0.16225405092592593 0.2228443287037037
0 0.5180844907407407 0.08294994212962963 0.2783564814814814 0.16589988425925925