0 0.5322265625 0.5478515625 0.3203125 0.3095703125
0 0.517578125 0.8134765625 0.2998046875 0.2724609375
0 0.91796875 0.9462890625 0.16015625 0.1025390625
0 0.07421875 0.5185546875 0.1474609375 0.20703125
0 0.24609375 0.5009765625 0.1826171875 0.1923828125
0 0.517578125 0.2919921875 0.1767578125 0.193359375
0 0.1875 0.91796875 0.1796875 0.16015625
0 0.83984375 0.072265625 0.3154296875 0.14453125
0 0.84375 0.2626953125 0.3076171875 0.2548828125
0 0.0791015625 0.7685546875 0.158203125 0.2001953125
0 0.3408203125 0.9404296875 0.1396484375 0.119140625
0 0.0546875 0.9443359375 0.1083984375 0.111328125
0 0.8759765625 0.5458984375 0.248046875 0.275390625
0 0.8876953125 0.783203125 0.2236328125 0.21484375
0 0.0830078125 0.318359375 0.166015625 0.2392578125
0 0.10546875 0.09765625 0.2109375 0.1826171875
0 0.3681640625 0.0400390625 0.0947265625 0.0791015625
0 0.51953125 0.0888671875 0.1318359375 0.13671875
0 0.24609375 0.8037109375 0.12890625 0.1044921875
0 0.310546875 0.6865234375 0.1494140625 0.1455078125
0 0.1748046875 0.6796875 0.1181640625 0.2060546875
0 0.298828125 0.33984375 0.220703125 0.1982421875