0 0.4833984375 0.3212890625 0.2021484375 0.177734375
0 0.7216796875 0.4501953125 0.2529296875 0.2451171875
0 0.9228515625 0.423828125 0.150390625 0.1875
0 0.7236328125 0.81640625 0.2626953125 0.2021484375
0 0.5595703125 0.9248046875 0.2802734375 0.14453125
0 0.1865234375 0.880859375 0.337890625 0.232421875
0 0.333984375 0.443359375 0.2138671875 0.228515625
0 0.1845703125 0.6220703125 0.2080078125 0.2314453125
0 0.515625 0.7138671875 0.1953125 0.3359375
0 0.7333984375 0.0947265625 0.21484375 0.16796875
0 0.9326171875 0.1064453125 0.1337890625 0.1416015625
0 0.935546875 0.2548828125 0.12890625 0.158203125
0 0.7490234375 0.2646484375 0.2841796875 0.2021484375
0 0.2607421875 0.1826171875 0.3447265625 0.296875
0 0.0859375 0.3359375 0.1708984375 0.2138671875
0 0.0546875 0.716796875 0.1015625 0.2216796875
0 0.77734375 0.7060546875 0.1181640625 0.109375
0 0.82421875 0.9267578125 0.166015625 0.146484375