0 0.7934027777777778 0.15831886574074075 0.3194444444444444 0.2975405092592593
0 0.5767505787037037 0.4677806712962963 0.26497395833333326 0.355295138888889
0 0.24612991898148148 0.3192491319444445 0.3742766203703704 0.3022569444444445
0 0.4937427662037037 0.09720775462962962 0.32501446759259256 0.1844039351851852
0 0.25622106481481477 0.12593315972222222 0.1987123842592593 0.20010127314814813
0 0.8212528935185185 0.8045934606481482 0.3119212962962963 0.3579427083333333
0 0.08119936342592593 0.15062934027777777 0.16239872685185186 0.21141493055555555
0 0.047272858796296294 0.7598596643518518 0.09454571759259259 0.1381365740740741
0 0.37438512731481477 0.9149811921296296 0.3111255787037037 0.17003761574074083
0 0.0992115162037037 0.9603804976851852 0.15921585648148148 0.07923900462962963
0 0.41623263888888884 0.7126085069444444 0.3323929398148149 0.2782118055555556
0 0.38386140046296297 0.5049840856481481 0.19545717592592593 0.21762152777777777
0 0.20930989583333331 0.4955584490740741 0.21216724537037035 0.19444444444444442
0 0.16431568287037038 0.6551359953703704 0.22120949074074076 0.22776331018518525
0 0.7864221643518519 0.42594039351851853 0.26584201388888884 0.27332175925925917
0 0.7810691550925926 0.596853298611111 0.16471354166666652 0.1781250000000001