0 0.1162109375 0.080078125 0.1962890625 0.1591796875
0 0.3701171875 0.8291015625 0.2265625 0.2412109375
0 0.294921875 0.1904296875 0.24609375 0.2294921875
0 0.9033203125 0.3896484375 0.171875 0.21484375
0 0.947265625 0.08203125 0.10546875 0.1640625
0 0.2333984375 0.5439453125 0.3037109375 0.3173828125
0 0.611328125 0.5302734375 0.212890625 0.3662109375
0 0.1181640625 0.88671875 0.216796875 0.201171875
0 0.947265625 0.5712890625 0.1044921875 0.220703125
0 0.7822265625 0.072265625 0.2294921875 0.14453125
0 0.048828125 0.2431640625 0.09765625 0.2470703125
0 0.5 0.103515625 0.2275390625 0.2021484375
0 0.0869140625 0.3994140625 0.12890625 0.1064453125
0 0.669921875 0.861328125 0.248046875 0.259765625
0 0.859375 0.884765625 0.1416015625 0.1376953125
0 0.6845703125 0.224609375 0.16796875 0.232421875
0 0.8232421875 0.2197265625 0.169921875 0.1865234375
0 0.783203125 0.4560546875 0.16015625 0.1796875