0 0.2822265625 0.2841796875 0.2001953125 0.16796875
0 0.25390625 0.875 0.2177734375 0.2001953125
0 0.6708984375 0.7734375 0.2275390625 0.2373046875
0 0.462890625 0.099609375 0.20703125 0.19921875
0 0.2490234375 0.0703125 0.16796875 0.1396484375
0 0.7373046875 0.4892578125 0.22265625 0.216796875
0 0.07421875 0.5595703125 0.1376953125 0.166015625
0 0.0869140625 0.0712890625 0.173828125 0.1298828125
0 0.8251953125 0.12890625 0.3486328125 0.2509765625
0 0.951171875 0.443359375 0.09765625 0.23046875
0 0.9130859375 0.7646484375 0.173828125 0.24609375
0 0.8603515625 0.3271484375 0.1494140625 0.130859375
0 0.0595703125 0.84375 0.1181640625 0.2109375
0 0.4599609375 0.4921875 0.2724609375 0.2626953125
0 0.4462890625 0.904296875 0.130859375 0.19140625
0 0.78125 0.94140625 0.185546875 0.1162109375
0 0.9189453125 0.947265625 0.08984375 0.0927734375
0 0.58984375 0.9365234375 0.146484375 0.1259765625