0 0.23842592592592593 0.33700810185185187 0.25419560185185186 0.22057291666666667
0 0.31376591435185186 0.9124638310185185 0.2719184027777778 0.17188946759259238
0 0.7353877314814814 0.7580150462962962 0.30005787037037024 0.29901620370370363
0 0.3940972222222222 0.11618923611111111 0.2664930555555556 0.23237847222222222
0 0.16511140046296297 0.12862413194444444 0.2094907407407407 0.1733796296296296
0 0.7527488425925926 0.44742476851851853 0.2894965277777777 0.2774594907407406
0 0.08125361689814814 0.6692057291666667 0.16250723379629628 0.20245949074074066
0 0.05031105324074074 0.1607494212962963 0.10062210648148148 0.1667824074074074
0 0.7497468171296297 0.11019241898148148 0.3755063657407407 0.22038483796296296
0 0.9387659143518519 0.3542751736111111 0.1049623842592593 0.25070891203703705
0 0.9211877893518519 0.6970847800925926 0.11595775462962976 0.2839843750000002
0 0.8528284143518519 0.2494719328703704 0.19184027777777768 0.17129629629629628
0 0.11324508101851852 0.9227358217592593 0.1638454861111111 0.15351562500000004
0 0.46227575231481477 0.5140118634259259 0.35416666666666674 0.3365162037037037
0 0.5168547453703703 0.911935763888889 0.17418981481481488 0.16921296296296306
0 0.8694661458333333 0.8810112847222222 0.19943576388888884 0.1127748842592593
0 0.673755787037037 0.9195601851851851 0.17411747685185164 0.11453993055555545