0 0.18596643518518519 0.59609375 0.22009548611111107 0.1962239583333334
0 0.4914641203703704 0.4622395833333333 0.21250000000000002 0.22499999999999998
0 0.6812644675925925 0.3899739583333333 0.2757233796296297 0.32682291666666663
0 0.8836733217592593 0.8339192708333334 0.18920717592592595 0.24296875000000018
0 0.34943576388888886 0.9073893229166667 0.2670862268518519 0.18522135416666652
0 0.7511863425925926 0.9727213541666666 0.19603587962962976 0.054557291666666785
0 0.9392144097222221 0.6220703125 0.12157118055555571 0.2016927083333333
0 0.12735821759259258 0.8537760416666667 0.24401041666666667 0.2622395833333333
0 0.09856047453703703 0.26035156249999997 0.1699074074074074 0.2729166666666666
0 0.7788339120370371 0.6483072916666667 0.24007523148148158 0.25807291666666665
0 0.37862413194444444 0.25071614583333335 0.2538194444444444 0.26875000000000004