0 0.7325231481481482 0.6456163194444444 0.30985243055555545 0.36974826388888893
0 0.11363570601851852 0.4002821180555556 0.1974971064814815 0.23459201388888884
0 0.8054904513888889 0.8649522569444444 0.3389612268518518 0.2162760416666667
0 0.8202799479166667 0.2018771701388889 0.3594401041666666 0.4037543402777778
0 0.16591435185185185 0.654296875 0.152025462962963 0.14774305555555545
0 0.19843026620370371 0.9419921874999999 0.1873119212962963 0.11341145833333321
0 0.19328703703703703 0.22057291666666667 0.20341435185185186 0.1605902777777778
0 0.4448929398148148 0.13285590277777778 0.22497106481481488 0.20008680555555552
0 0.6273726851851852 0.23927951388888888 0.25506365740740744 0.3665798611111111
0 0.5404152199074074 0.6929036458333333 0.2055844907407407 0.27769097222222205
0 0.9585865162037037 0.5111328125 0.08282696759259256 0.34405381944444446