0 0.09957682291666667 0.6487630208333333 0.19915364583333334 0.17087673611111098
0 0.39722222222222225 0.9713758680555555 0.17792245370370363 0.05724826388888893
0 0.5617549189814814 0.6771918402777778 0.12272858796296315 0.12638888888888888
0 0.5006872106481481 0.16404079861111112 0.20287905092592595 0.19822048611111115
0 0.0673828125 0.4621527777777778 0.134765625 0.3969618055555556
0 0.7292679398148147 0.40301649305555554 0.11095196759259274 0.12391493055555558
0 0.7245153356481482 0.5964192708333333 0.24373553240740753 0.26050347222222214
0 0.8903862847222221 0.4766710069444444 0.19317129629629637 0.1997395833333333
0 0.29079137731481486 0.5155381944444444 0.3180121527777777 0.2657552083333332
0 0.6420717592592593 0.8857421875 0.2887152777777777 0.228515625
0 0.16100983796296295 0.30833333333333335 0.1970341435185185 0.26427951388888893
0 0.6478443287037037 0.11484375 0.19052372685185182 0.1762152777777778
0 0.8421947337962963 0.18899739583333333 0.3150318287037037 0.29683159722222224
0 0.38627025462962966 0.7583767361111111 0.30487557870370374 0.3490451388888889
0 0.22028356481481481 0.08997395833333334 0.27037037037037037 0.17196180555555554
0 0.8714843750000001 0.88359375 0.18489583333333348 0.18376736111111125
0 0.1623263888888889 0.8557291666666667 0.2720052083333333 0.2885416666666667
0 0.01882957175925926 0.7512586805555556 0.03765914351851852 0.22126736111111112