0 0.36234809027777776 0.6157769097222222 0.323755787037037 0.3414351851851851
0 0.15247395833333333 0.6284722222222222 0.2549189814814815 0.2921006944444444
0 0.8723524305555556 0.8763744212962963 0.2552951388888889 0.24725115740740744
0 0.9123336226851853 0.44093605324074076 0.1753327546296295 0.6531394675925927
0 0.14640480324074073 0.830982349537037 0.22151331018518516 0.28696469907407396
0 0.3560619212962963 0.8328993055555556 0.21540798611111112 0.20681423611111116
0 0.572142650462963 0.8900824652777778 0.2797309027777777 0.21983506944444442
0 0.1060474537037037 0.3158275462962963 0.1900318287037037 0.3189380787037037
0 0.3037181712962963 0.3309461805555556 0.2744502314814815 0.29282407407407407
0 0.5757667824074074 0.408275462962963 0.3207465277777777 0.24580439814814814
0 0.12452256944444444 0.08940972222222222 0.18263888888888888 0.1763599537037037
0 0.3357494212962963 0.12160011574074074 0.3941550925925926 0.23292824074074073
0 0.6594690393518519 0.18037471064814814 0.3110243055555555 0.32146990740740744
0 0.5682508680555556 0.6204788773148149 0.14321469907407414 0.2431278935185186
0 0.8273799189814814 0.6554181134259259 0.2138310185185186 0.2515914351851851
0 0.6974030671296296 0.7051866319444444 0.20915798611111103 0.3118489583333335