0 0.9050564236111112 0.3545789930555555 0.173828125 0.32000868055555554
0 0.1275318287037037 0.6571180555555556 0.2550636574074074 0.33420138888888884
0 0.6956018518518519 0.26653645833333334 0.3011429398148149 0.27990451388888893
0 0.4106626157407407 0.21432291666666667 0.28125 0.2697048611111111
0 0.1056857638888889 0.15151909722222223 0.17332175925925924 0.30303819444444446
0 0.802662037037037 0.9062065972222222 0.15986689814814836 0.1538194444444443
0 0.6708984375 0.9071831597222222 0.16196469907407396 0.15776909722222232
0 0.5729528356481481 0.8117838541666667 0.22779224537037046 0.24900173611111098
0 0.8141999421296295 0.9635199652777777 0.14388020833333348 0.03832465277777786
0 0.8016131365740741 0.09147135416666666 0.22265625 0.16302083333333334
0 0.44950810185185186 0.06744791666666666 0.21817129629629628 0.13489583333333333
0 0.22714120370370372 0.19010416666666666 0.22598379629629628 0.25286458333333334
0 0.5070891203703703 0.5088107638888889 0.19892939814814814 0.20737847222222228
0 0.04466869212962963 0.5486328125 0.08933738425925926 0.2308593750000001
0 0.8119574652777778 0.7869574652777778 0.2583188657407407 0.23016493055555554
0 0.8723596643518519 0.6050998263888889 0.21006944444444442 0.19201388888888893
0 0.2912326388888889 0.4882378472222222 0.34165219907407407 0.3198350694444445
0 0.2549913194444444 0.04798177083333333 0.18923611111111116 0.09596354166666667
0 0.1982421875 0.8649956597222221 0.26186342592592593 0.22048611111111116
0 0.07011357060185185 0.8535373263888889 0.1402271412037037 0.16380208333333335
0 0.48763020833333337 0.9288194444444444 0.3188657407407407 0.12612847222222223