0 0.6572265625 0.25969328703703703 0.236328125 0.2216435185185185
0 0.830078125 0.8393373842592593 0.26171875 0.2596932870370372
0 0.396484375 0.8252314814814814 0.28125 0.2994791666666665
0 0.4365234375 0.12749565972222224 0.251953125 0.23198784722222227
0 0.6376953125 0.07732928240740741 0.197265625 0.11472800925925924
0 0.125 0.21263744212962962 0.25 0.30418113425925924
0 0.7763671875 0.3705512152777778 0.318359375 0.304759837962963
0 0.9658203125 0.7740523726851852 0.068359375 0.2564380787037037
0 0.1591796875 0.8632450810185186 0.216796875 0.2735098379629628
0 0.0615234375 0.5530598958333333 0.123046875 0.24674479166666652
0 0.494140625 0.43627025462962965 0.44921875 0.5283564814814814
0 0.2626953125 0.5585575810185185 0.265625 0.310619212962963
0 0.921875 0.48824508101851855 0.15625 0.2225839120370371
0 0.8017578125 0.058015046296296294 0.185546875 0.06351273148148148
0 0.1025390625 0.4295789930555556 0.1953125 0.19278067129629628
0 0.658203125 0.8968460648148149 0.169921875 0.20630787037037024
0 0.6865234375 0.7168330439814814 0.23828125 0.2568721064814814