0 0.8904224537037038 0.5476707175925926 0.19178240740740726 0.2904513888888889
0 0.3851707175925926 0.8965133101851852 0.25700231481481484 0.20697337962962958
0 0.6791956018518519 0.1700882523148148 0.321267361111111 0.33046875000000003
0 0.7952329282407407 0.8384259259259259 0.276345486111111 0.3231481481481482
0 0.2550998263888889 0.6464916087962962 0.24985532407407407 0.2557291666666668
0 0.3394097222222222 0.16366464120370372 0.18826678240740746 0.18496817129629628
0 0.910619212962963 0.23919270833333334 0.1758101851851852 0.26689814814814816
0 0.528833912037037 0.4307219328703704 0.4516927083333333 0.3021412037037037
0 0.2749565972222222 0.2950376157407407 0.1450086805555556 0.1651186342592592
0 0.2806423611111111 0.04309895833333333 0.26293402777777775 0.08396990740740741
0 0.5736111111111111 0.7045211226851852 0.27947048611111125 0.2774305555555556
0 0.09566695601851852 0.7634403935185186 0.19133391203703703 0.1987557870370371
0 0.15942563657407408 0.38012876157407405 0.1785011574074074 0.18489583333333326
0 0.11353443287037036 0.18152488425925928 0.21193576388888888 0.20076678240740742
0 0.5818142361111112 0.9394675925925926 0.130758101851852 0.12106481481481479