0 0.7906032986111111 0.13541666666666666 0.35073784722222223 0.2708333333333333
0 0.6203559027777777 0.4490306712962963 0.2958767361111112 0.381322337962963
0 0.2593315972222222 0.3345630787037037 0.40316840277777777 0.33768807870370376
0 0.4769965277777778 0.09314236111111111 0.3446180555555556 0.18628472222222223
0 0.23880208333333336 0.13666811342592594 0.21844618055555554 0.21908275462962967
0 0.8756293402777777 0.7488642939814815 0.24874131944444455 0.3577690972222223
0 0.0775390625 0.18251591435185185 0.1486545138888889 0.2287181712962963
0 0.12582465277777777 0.806908275462963 0.09999999999999998 0.14340277777777777
0 0.4814453125 0.9098017939814815 0.3252170138888888 0.16372974537037033
0 0.213671875 0.9793402777777778 0.14982638888888888 0.035648148148148096
0 0.49340277777777775 0.7168113425925926 0.35907118055555554 0.3110243055555555
0 0.42747395833333335 0.5095052083333333 0.2153211805555555 0.23654513888888884
0 0.24800347222222222 0.5197120949074074 0.22999131944444445 0.21552372685185173
0 0.2261284722222222 0.687572337962963 0.24131944444444442 0.2509693287037038
0 0.8285590277777778 0.3812572337962963 0.29027777777777786 0.2992332175925927
0 0.85 0.5556568287037037 0.1821614583333333 0.19265046296296306