0 0.26171875 0.5087890625 0.22265625 0.27734375
0 0.732421875 0.8896484375 0.1796875 0.21484375
0 0.3134765625 0.763671875 0.33203125 0.2529296875
0 0.6728515625 0.2333984375 0.150390625 0.142578125
0 0.8994140625 0.2314453125 0.1513671875 0.1484375
0 0.87890625 0.87890625 0.181640625 0.2236328125
0 0.1064453125 0.4736328125 0.1318359375 0.2470703125
0 0.064453125 0.681640625 0.1279296875 0.3583984375
0 0.0830078125 0.0908203125 0.166015625 0.1806640625
0 0.7802734375 0.3369140625 0.1435546875 0.16796875
0 0.9169921875 0.3974609375 0.1630859375 0.2158203125
0 0.5537109375 0.703125 0.2060546875 0.2919921875
0 0.533203125 0.37890625 0.1494140625 0.287109375
0 0.52734375 0.0615234375 0.14453125 0.1220703125
0 0.6689453125 0.0439453125 0.169921875 0.087890625
0 0.9072265625 0.68359375 0.142578125 0.1787109375
0 0.556640625 0.9482421875 0.107421875 0.103515625
0 0.396484375 0.314453125 0.1416015625 0.2158203125
0 0.2626953125 0.2646484375 0.11328125 0.1298828125
0 0.1083984375 0.26953125 0.2158203125 0.162109375
0 0.26171875 0.0615234375 0.1875 0.1220703125
0 0.3837890625 0.0478515625 0.140625 0.095703125
0 0.8818359375 0.10546875 0.1474609375 0.123046875