0 0.11369357638888888 0.46490885416666666 0.21436631944444445 0.3438802083333333
0 0.5721354166666667 0.734375 0.37773437499999996 0.32356770833333326
0 0.8983506944444444 0.7069661458333334 0.20329861111111125 0.2701822916666665
0 0.8757595486111112 0.43125 0.24848090277777768 0.27473958333333326
0 0.9045138888888888 0.8869140625 0.19097222222222232 0.22278645833333321
0 0.7069444444444444 0.8972005208333333 0.2825520833333335 0.2055989583333333
0 0.1703125 0.20442708333333334 0.33888888888888885 0.3307291666666667
0 0.5679253472222222 0.10611979166666666 0.17491319444444442 0.14817708333333335
0 0.16167534722222224 0.7372395833333334 0.2623263888888889 0.3080729166666667
0 0.47296006944444446 0.220703125 0.3401909722222223 0.30156249999999996
0 0.35147569444444443 0.54609375 0.308203125 0.2662760416666665
0 0.6419487847222223 0.40944010416666665 0.2680989583333333 0.3045572916666668