0 0.251953125 0.251953125 0.1376953125 0.171875
0 0.8916015625 0.455078125 0.208984375 0.2509765625
0 0.73828125 0.0771484375 0.1533203125 0.1494140625
0 0.189453125 0.0283203125 0.0830078125 0.0556640625
0 0.7255859375 0.599609375 0.2099609375 0.255859375
0 0.4873046875 0.486328125 0.10546875 0.091796875
0 0.4990234375 0.60546875 0.1591796875 0.1640625
0 0.9189453125 0.65625 0.146484375 0.203125
0 0.068359375 0.1396484375 0.1357421875 0.18359375
0 0.0947265625 0.314453125 0.177734375 0.2373046875
0 0.3056640625 0.7568359375 0.1396484375 0.1396484375
0 0.607421875 0.0537109375 0.091796875 0.080078125
0 0.4384765625 0.904296875 0.2060546875 0.1484375
0 0.2431640625 0.0849609375 0.169921875 0.154296875
0 0.9150390625 0.1474609375 0.14453125 0.1845703125
0 0.4287109375 0.1123046875 0.2060546875 0.21484375
0 0.7041015625 0.9150390625 0.20703125 0.169921875
0 0.7099609375 0.2607421875 0.201171875 0.203125
0 0.068359375 0.55859375 0.130859375 0.2255859375
0 0.0537109375 0.0283203125 0.107421875 0.056640625