0 0.087890625 0.326171875 0.1748046875 0.267578125
0 0.8076171875 0.71484375 0.259765625 0.259765625
0 0.3291015625 0.2783203125 0.232421875 0.212890625
0 0.59765625 0.271484375 0.21484375 0.20703125
0 0.916015625 0.255859375 0.162109375 0.2626953125
0 0.1064453125 0.84765625 0.1181640625 0.142578125
0 0.2255859375 0.8671875 0.1201171875 0.142578125
0 0.3349609375 0.7841796875 0.16796875 0.1962890625
0 0.0703125 0.9404296875 0.140625 0.119140625
0 0.2685546875 0.087890625 0.1806640625 0.1591796875
0 0.59375 0.1044921875 0.17578125 0.15234375
0 0.7685546875 0.2744140625 0.1650390625 0.2021484375
0 0.4541015625 0.521484375 0.1494140625 0.1611328125
0 0.921875 0.62890625 0.15625 0.1962890625
0 0.11328125 0.73046875 0.2255859375 0.173828125
0 0.0927734375 0.55859375 0.185546875 0.14453125
0 0.65234375 0.533203125 0.2626953125 0.2451171875
0 0.775390625 0.111328125 0.1494140625 0.1298828125
0 0.6650390625 0.9013671875 0.2080078125 0.1962890625
0 0.7958984375 0.8935546875 0.1298828125 0.125
0 0.388671875 0.935546875 0.275390625 0.12890625