0 0.462890625 0.701171875 0.21484375 0.22265625
0 0.69140625 0.72265625 0.27734375 0.23046875
0 0.3212890625 0.6904296875 0.1220703125 0.1650390625
0 0.7333984375 0.04296875 0.142578125 0.080078125
0 0.3427734375 0.8828125 0.169921875 0.1953125
0 0.458984375 0.345703125 0.2333984375 0.19921875
0 0.6240234375 0.5234375 0.16015625 0.224609375
0 0.8759765625 0.279296875 0.140625 0.251953125
0 0.5078125 0.1376953125 0.1630859375 0.1826171875
0 0.1103515625 0.6611328125 0.220703125 0.1552734375
0 0.2705078125 0.4814453125 0.1298828125 0.19140625
0 0.3544921875 0.1904296875 0.17578125 0.177734375
0 0.7060546875 0.3515625 0.1689453125 0.17578125
0 0.865234375 0.5263671875 0.2294921875 0.1953125
0 0.5634765625 0.919921875 0.205078125 0.16015625
0 0.8818359375 0.9140625 0.22265625 0.1708984375
0 0.185546875 0.8388671875 0.146484375 0.21484375
0 0.1318359375 0.404296875 0.2587890625 0.349609375
0 0.140625 0.068359375 0.24609375 0.13671875
0 0.3466796875 0.0634765625 0.177734375 0.126953125