0 0.4833767361111111 0.37800925925925927 0.33072916666666674 0.30978009259259254
0 0.0220703125 0.7769097222222222 0.044140625 0.2530381944444444
0 0.309765625 0.967064525462963 0.19105902777777783 0.06587094907407409
0 0.0717013888888889 0.20512152777777776 0.11770833333333333 0.2050925925925926
0 0.14993489583333333 0.07230179398148148 0.23138020833333334 0.14075520833333333
0 0.8121744791666667 0.36474971064814815 0.18676215277777786 0.23988715277777783
0 0.6078342013888889 0.7608723958333333 0.546875 0.4673032407407407
0 0.6599826388888889 0.13003472222222223 0.1797309027777778 0.18684895833333331
0 0.9246527777777778 0.23077256944444446 0.14904513888888893 0.2984085648148148
0 0.15177951388888888 0.7372251157407408 0.25907118055555556 0.33337673611111107
0 0.10911458333333333 0.9446542245370371 0.21822916666666667 0.08462094907407414
0 0.08009982638888889 0.5522569444444445 0.16019965277777778 0.22951388888888902
0 0.3120659722222222 0.16772280092592592 0.1952256944444445 0.26958912037037036
0 0.5006293402777777 0.2175853587962963 0.13845486111111116 0.17300347222222223
0 0.9177083333333333 0.8512442129629629 0.10130208333333335 0.25691550925925943
0 0.9227647569444444 0.6237051504629629 0.1332899305555557 0.20394965277777777
0 0.13151041666666669 0.3734519675925926 0.18524305555555554 0.2593171296296297
0 0.4692925347222222 0.0878833912037037 0.17469618055555558 0.13586516203703702
0 0.5976996527777778 0.9783130787037038 0.2007812499999999 0.04337384259259247
0 0.9782769097222221 0.4574435763888889 0.028342013888889017 0.13412905092592586