0 0.19661458333333334 0.5567057291666666 0.301953125 0.3531249999999999
0 0.7484592013888889 0.8852213541666667 0.23741319444444442 0.2295572916666666
0 0.2886284722222222 0.8223958333333333 0.4110677083333334 0.3545572916666666
0 0.5956597222222222 0.21699218750000002 0.19149305555555562 0.18997395833333336
0 0.8358940972222222 0.18893229166666667 0.19565972222222205 0.19609375
0 0.8749782986111111 0.8692057291666666 0.18927951388888897 0.2615885416666668
0 0.06158854166666666 0.537890625 0.12317708333333333 0.2906249999999999
0 0.05980902777777777 0.7608723958333333 0.11961805555555555 0.3998697916666667
0 0.027647569444444443 0.15625 0.05529513888888889 0.1640625
0 0.7235460069444444 0.3146484375 0.19066840277777786 0.21523437499999998
0 0.8741970486111111 0.362890625 0.21644965277777772 0.26953125
0 0.5346571180555556 0.730078125 0.28684895833333335 0.3638020833333333
0 0.4675998263888889 0.3876953125 0.2256076388888889 0.3441406250000001
0 0.42063802083333335 0.07799479166666666 0.1704427083333333 0.11067708333333334
0 0.5665147569444444 0.057356770833333334 0.18728298611111116 0.05143229166666666
0 0.8939887152777778 0.6668619791666667 0.16775173611111116 0.22539062499999996
0 0.56953125 0.9601236979166667 0.13394097222222223 0.07975260416666652
0 0.3132595486111111 0.33430989583333337 0.2007378472222222 0.2665364583333334
0 0.16412760416666666 0.29596354166666666 0.149609375 0.16770833333333335
0 0.0666015625 0.3162760416666667 0.133203125 0.21067708333333335
0 0.13832465277777778 0.10520833333333333 0.21597222222222223 0.12734375
0 0.2649739583333333 0.07643229166666667 0.1596354166666667 0.08658854166666666
0 0.7961154513888888 0.09225260416666667 0.18120659722222232 0.08997395833333333