0 0.625 0.642578125 0.25 0.275390625
0 0.8134765625 0.681640625 0.197265625 0.2373046875
0 0.125 0.849609375 0.240234375 0.26953125
0 0.0859375 0.4091796875 0.171875 0.572265625
0 0.84765625 0.87109375 0.240234375 0.2373046875
0 0.6201171875 0.8388671875 0.169921875 0.162109375
0 0.421875 0.890625 0.22265625 0.21875
0 0.1201171875 0.0419921875 0.1181640625 0.0810546875
0 0.8994140625 0.404296875 0.1875 0.2705078125
0 0.69140625 0.3916015625 0.2109375 0.2353515625
0 0.4423828125 0.4267578125 0.2607421875 0.185546875
0 0.892578125 0.1513671875 0.1923828125 0.2314453125
0 0.6748046875 0.140625 0.326171875 0.28125
0 0.3798828125 0.1796875 0.2421875 0.318359375
0 0.439453125 0.619140625 0.09765625 0.2060546875
0 0.205078125 0.6181640625 0.162109375 0.205078125
0 0.3203125 0.6796875 0.1474609375 0.26171875