0 0.14954427083333333 0.4020182291666667 0.26679687500000004 0.31966145833333337
0 0.7919270833333334 0.6274594907407407 0.24205729166666679 0.2700376157407409
0 0.4197265625 0.7286241319444444 0.6005208333333333 0.5034722222222223
0 0.95205078125 0.23130063657407407 0.09589843750000004 0.10923032407407407
0 0.4302083333333333 0.3159722222222222 0.361328125 0.21795428240740744
0 0.05188802083333334 0.19382957175925927 0.09518229166666667 0.25875289351851855
0 0.1935546875 0.06854021990740741 0.3868489583333333 0.13317418981481483
0 0.8397786458333334 0.8476924189814815 0.3204427083333332 0.304615162037037
0 0.9092447916666666 0.5887948495370371 0.18151041666666679 0.236328125
0 0.11979166666666666 0.8616898148148149 0.12591145833333334 0.16442418981481488
0 0.16282552083333332 0.9483506944444444 0.19440104166666666 0.10329861111111116