0 0.2669921875 0.49526186342592593 0.2601562500000001 0.22005208333333326
0 0.3759765625 0.8965205439814814 0.2407552083333333 0.19205729166666652
0 0.8869791666666667 0.45978009259259256 0.2260416666666667 0.2748842592592593
0 0.8973307291666667 0.8035662615740741 0.20533854166666665 0.2827690972222223
0 0.68671875 0.8585792824074074 0.2774739583333332 0.2460214120370372
0 0.16809895833333333 0.6418547453703703 0.2016927083333333 0.21983506944444442
0 0.17636718750000002 0.8393012152777777 0.173828125 0.18178530092592604
0 0.14830729166666665 0.30092592592592593 0.25677083333333334 0.22771990740740744
0 0.6978515625 0.1452907986111111 0.31757812500000004 0.2905815972222222
0 0.43092447916666665 0.2963324652777778 0.33945312500000013 0.26974826388888884
0 0.35963541666666665 0.6954571759259259 0.2828124999999999 0.296875
0 0.682421875 0.6179108796296295 0.20716145833333321 0.24341724537037024
0 0.8125651041666666 0.5876374421296297 0.1880208333333333 0.2485532407407407
0 0.21985677083333335 0.1151439525462963 0.42890625 0.2302879050925926
0 0.9308919270833333 0.2775607638888889 0.1382161458333333 0.14590567129629628
0 0.46074218749999996 0.06810619212962962 0.12369791666666674 0.13122106481481483
0 0.8779947916666666 0.12999131944444445 0.11197916666666652 0.13078703703703703
0 0.4656901041666667 0.4507016782407407 0.2080729166666666 0.19864004629629628
0 0.10846354166666668 0.46686921296296297 0.17135416666666667 0.26157407407407407
0 0.4972005208333333 0.02350983796296296 0.15846354166666665 0.04701967592592592
0 0.9526041666666667 0.11841724537037038 0.07356770833333348 0.16833043981481483
0 0.6441406249999999 0.4548611111111111 0.14075520833333321 0.12405960648148151