0 0.5240234375 0.6734592013888889 0.39817708333333335 0.4117476851851851
0 0.32766927083333336 0.4075954861111111 0.301171875 0.33226273148148155
0 0.8745442708333333 0.6942925347222222 0.17565104166666679 0.2933304398148149
0 0.139453125 0.019661458333333336 0.13124999999999998 0.03706597222222222
0 0.1291015625 0.2629123263888889 0.240234375 0.2084346064814815
0 0.8609375 0.07727141203703704 0.1709635416666666 0.047410300925925936
0 0.6009114583333334 0.10665509259259258 0.25520833333333326 0.19890046296296296
0 0.6626302083333333 0.44188368055555555 0.1869791666666667 0.19984085648148142
0 0.27903645833333335 0.09602141203703703 0.2544270833333333 0.18718171296296296
0 0.6985677083333334 0.9372757523148147 0.27265625000000004 0.1254484953703705
0 0.10403645833333333 0.11102430555555556 0.13411458333333331 0.16783854166666667
0 0.0486328125 0.855591724537037 0.097265625 0.17602719907407405
0 0.06282552083333333 0.5577546296296296 0.12565104166666666 0.37332175925925926