0 0.14453125 0.82421875 0.2099609375 0.177734375
0 0.1025390625 0.9423828125 0.205078125 0.1103515625
0 0.1435546875 0.1416015625 0.212890625 0.212890625
0 0.54296875 0.0703125 0.259765625 0.134765625
0 0.8779296875 0.4775390625 0.240234375 0.294921875
0 0.447265625 0.951171875 0.205078125 0.0927734375
0 0.923828125 0.0966796875 0.1474609375 0.177734375
0 0.6572265625 0.2861328125 0.2666015625 0.3056640625
0 0.7822265625 0.11328125 0.1787109375 0.1689453125
0 0.646484375 0.509765625 0.203125 0.158203125
0 0.6591796875 0.8681640625 0.2265625 0.2548828125
0 0.9228515625 0.9228515625 0.154296875 0.154296875
0 0.400390625 0.73828125 0.3095703125 0.314453125
0 0.396484375 0.3515625 0.2255859375 0.2109375
0 0.3251953125 0.083984375 0.2236328125 0.16796875
0 0.0556640625 0.619140625 0.111328125 0.1865234375
0 0.0302734375 0.291015625 0.060546875 0.16015625
0 0.9326171875 0.265625 0.1337890625 0.1484375
0 0.1748046875 0.3515625 0.1181640625 0.134765625
0 0.2919921875 0.4775390625 0.1630859375 0.1904296875
0 0.6845703125 0.669921875 0.1875 0.1220703125
0 0.8408203125 0.7294921875 0.12890625 0.1904296875