0 0.7828052662037037 0.325072337962963 0.1611689814814814 0.19469039351851847
0 0.13151041666666669 0.41997251157407406 0.24247685185185186 0.2852575231481481
0 0.3091724537037037 0.0865306712962963 0.17303240740740744 0.1466724537037037
0 0.8607494212962963 0.11434461805555556 0.09027777777777768 0.06966145833333334
0 0.28692853009259256 0.5909360532407407 0.2466001157407407 0.2913483796296297
0 0.5317201967592593 0.5177445023148148 0.11899594907407396 0.10839120370370381
0 0.5126591435185185 0.634519675925926 0.18243634259259256 0.19010416666666652
0 0.09780092592592593 0.6148075810185185 0.1584201388888889 0.22570891203703702
0 0.9459635416666667 0.24248408564814813 0.10807291666666652 0.2038628472222222
0 0.9154007523148149 0.41141493055555556 0.16919849537037024 0.26443865740740735
0 0.6947337962962963 0.8148582175925926 0.16001157407407396 0.16344039351851847
0 0.44111689814814814 0.07096354166666666 0.10293692129629628 0.09574652777777776
0 0.5521918402777778 0.9237160011574075 0.22699652777777768 0.15256799768518503
0 0.8030598958333333 0.16159577546296294 0.19191261574074092 0.18287037037037035
0 0.12796585648148148 0.11379484953703704 0.1694878472222222 0.2088252314814815
0 0.6158492476851851 0.15829716435185184 0.23524305555555558 0.2478009259259259
0 0.2869285300925926 0.9021448206018519 0.23169849537037035 0.19571035879629628
0 0.3253038194444444 0.258984375 0.2289496527777778 0.23573495370370368
0 0.9318214699074074 0.658203125 0.13635706018518512 0.24742476851851847
0 0.9685691550925926 0.13449797453703705 0.06286168981481488 0.07217881944444449