0 0.47236689814814814 0.7234230324074074 0.17831307870370372 0.17510127314814827
0 0.19343171296296297 0.6060908564814815 0.17896412037037035 0.19267939814814827
0 0.5290075231481481 0.5392216435185185 0.2728587962962963 0.3027199074074074
0 0.7868200231481481 0.8276403356481481 0.32740162037037046 0.3447193287037038
0 0.4053819444444445 0.23744212962962963 0.2816840277777778 0.2774016203703704
0 0.7194010416666667 0.3306134259259259 0.26634837962962976 0.337818287037037
0 0.04810474537037037 0.5218967013888889 0.09620949074074074 0.22738715277777777
0 0.13682725694444442 0.8948133680555554 0.24985532407407407 0.15610532407407396
0 0.04466869212962963 0.8031611689814815 0.08933738425925926 0.20788483796296298
0 0.35279224537037035 0.8661313657407408 0.32935474537037046 0.2465133101851853
0 0.3138744212962963 0.46631944444444445 0.21947337962962965 0.23203125000000002
0 0.46893084490740744 0.0777126736111111 0.2926070601851851 0.1505642361111111