0 0.322265625 0.6708984375 0.2353515625 0.3173828125
0 0.8916015625 0.330078125 0.212890625 0.1953125
0 0.2978515625 0.9052734375 0.294921875 0.1845703125
0 0.1484375 0.265625 0.279296875 0.34765625
0 0.8623046875 0.58203125 0.123046875 0.12109375
0 0.9091796875 0.9091796875 0.181640625 0.181640625
0 0.7490234375 0.1767578125 0.171875 0.1259765625
0 0.4931640625 0.13671875 0.1845703125 0.1611328125
0 0.341796875 0.2685546875 0.1787109375 0.32421875
0 0.5146484375 0.6826171875 0.1474609375 0.2431640625
0 0.0439453125 0.5908203125 0.087890625 0.322265625