0 0.607421875 0.4111328125 0.205078125 0.1826171875
0 0.7060546875 0.298828125 0.1376953125 0.1220703125
0 0.82421875 0.2763671875 0.1220703125 0.1279296875
0 0.1279296875 0.37890625 0.099609375 0.1279296875
0 0.12109375 0.92578125 0.197265625 0.142578125
0 0.9228515625 0.1083984375 0.150390625 0.216796875
0 0.71484375 0.623046875 0.2119140625 0.1748046875
0 0.0576171875 0.123046875 0.115234375 0.21875
0 0.095703125 0.6826171875 0.1904296875 0.3828125
0 0.6357421875 0.865234375 0.4951171875 0.2685546875
0 0.9326171875 0.384765625 0.1337890625 0.232421875
0 0.353515625 0.1240234375 0.3427734375 0.2470703125
0 0.6708984375 0.1064453125 0.287109375 0.212890625
0 0.5029296875 0.28125 0.205078125 0.1396484375
0 0.427734375 0.421875 0.123046875 0.1650390625
0 0.28515625 0.2958984375 0.15625 0.1396484375