0 0.138671875 0.6259765625 0.177734375 0.142578125
0 0.4423828125 0.9384765625 0.16015625 0.1171875
0 0.5703125 0.611328125 0.10546875 0.107421875
0 0.474609375 0.1416015625 0.1748046875 0.16796875
0 0.072265625 0.458984375 0.14453125 0.357421875
0 0.705078125 0.3427734375 0.0947265625 0.10546875
0 0.71484375 0.521484375 0.2080078125 0.2216796875
0 0.859375 0.396484375 0.166015625 0.169921875
0 0.306640625 0.486328125 0.27734375 0.2197265625
0 0.6650390625 0.8525390625 0.248046875 0.294921875
0 0.1708984375 0.3056640625 0.1650390625 0.2294921875
0 0.6083984375 0.0791015625 0.1650390625 0.1572265625
0 0.7939453125 0.1357421875 0.271484375 0.25390625
0 0.4140625 0.703125 0.259765625 0.298828125
0 0.2109375 0.083984375 0.240234375 0.16796875
0 0.873046875 0.7744140625 0.158203125 0.15625
0 0.21484375 0.845703125 0.2333984375 0.30859375
0 0.0419921875 0.7314453125 0.0830078125 0.19921875