0 0.7657624421296296 0.5144892939814815 0.2476562499999999 0.21276041666666679
0 0.6729600694444444 0.9103009259259259 0.22792245370370368 0.17939814814814814
0 0.12955005787037038 0.4872974537037037 0.25910011574074077 0.2675636574074074
0 0.12733289930555555 0.8300636574074074 0.2546657986111111 0.2831741898148148
0 0.3684968171296296 0.878833912037037 0.26352719907407407 0.24233217592592604
0 0.8701750578703704 0.6578486689814815 0.18712384259259274 0.21426504629629628
0 0.8697120949074074 0.8521918402777777 0.16341145833333326 0.17698206018518503
0 0.8755859375 0.3229094328703704 0.24380787037037033 0.22054398148148147
0 0.3269603587962963 0.15965711805555555 0.29918981481481477 0.31469907407407405
0 0.5962890625 0.3208405671296296 0.3241898148148148 0.2621527777777778
0 0.6822554976851851 0.7131004050925925 0.2657841435185184 0.287109375
0 0.36344039351851853 0.6404224537037038 0.19315682870370376 0.23774594907407387
0 0.23376012731481483 0.6121166087962964 0.17562210648148147 0.24347511574074066
0 0.7949652777777778 0.13187210648148148 0.40992476851851856 0.23544560185185187
0 0.09049479166666666 0.30830439814814814 0.15925925925925927 0.14375000000000004
0 0.5579065393518519 0.09691116898148147 0.116160300925926 0.12585358796296298
0 0.1511501736111111 0.16226128472222223 0.10445601851851855 0.1277199074074074
0 0.5687934027777778 0.47298900462962956 0.1947627314814815 0.1908854166666667
0 0.9193070023148149 0.4853515625 0.1561776620370372 0.25504918981481484
0 0.5192708333333333 0.03900462962962963 0.1528645833333333 0.07144097222222222
0 0.06821469907407407 0.15188078703703706 0.08130787037037038 0.16660879629629632
0 0.3939308449074074 0.4795066550925926 0.1337094907407408 0.12207754629629619