0 0.6900824652777777 0.8813657407407407 0.2888020833333331 0.1845052083333334
0 0.16430121527777777 0.6795862268518518 0.17964409722222224 0.22756076388888902
0 0.16046006944444444 0.3068576388888889 0.2545572916666667 0.2470341435185185
0 0.9298394097222222 0.4991247106481481 0.14032118055555554 0.2972656250000001
0 0.350390625 0.9244285300925925 0.24357638888888888 0.13149594907407414
0 0.27437065972222224 0.5133535879629629 0.22235243055555554 0.22392939814814827
0 0.6833333333333333 0.4872540509259259 0.19735243055555562 0.18755787037037042
0 0.21223958333333331 0.1142578125 0.4239583333333333 0.228515625
0 0.9127821180555555 0.8324725115740741 0.17443576388888893 0.21396122685185182
0 0.10755208333333334 0.4818721064814815 0.17408854166666668 0.19024884259259256
0 0.166015625 0.8723234953703703 0.19891493055555554 0.22271412037037042
0 0.47380642361111114 0.2876736111111111 0.35624999999999996 0.29907407407407405
0 0.8207465277777777 0.16583839699074074 0.3090277777777777 0.3316767939814815
0 0.3646918402777778 0.7396701388888889 0.25859374999999996 0.2940104166666666
0 0.7118272569444444 0.6658781828703704 0.21666666666666679 0.2275318287037038
0 0.4821831597222222 0.4761501736111111 0.22499999999999998 0.23965567129629628
0 0.8577256944444445 0.6230758101851852 0.18758680555555562 0.27473958333333326
0 0.5021701388888888 0.9038339120370371 0.15876736111111112 0.15243055555555562
0 0.13322482638888888 0.949392361111111 0.13103298611111114 0.09837962962962976
0 0.5227213541666667 0.03896846064814814 0.2095052083333333 0.07793692129629629
0 0.9778428819444445 0.26417100694444445 0.04431423611111107 0.16464120370370372