0 0.4269386574074074 0.690625 0.2607060185185185 0.2661458333333333
0 0.6665219907407407 0.7096354166666667 0.32798032407407396 0.2822916666666666
0 0.27806712962962965 0.6801432291666667 0.15422453703703698 0.1929687499999999
0 0.8022641782407407 0.015787760416666668 0.16131365740740744 0.031575520833333336
0 0.27524594907407407 0.8756510416666667 0.2060185185185185 0.2100260416666666
0 0.470630787037037 0.3106770833333333 0.27850115740740744 0.24401041666666667
0 0.6219618055555556 0.4978515625 0.20196759259259256 0.2602864583333334
0 0.9089626736111112 0.23092447916666667 0.1592158564814814 0.28658854166666664
0 0.5504557291666667 0.09720052083333333 0.19878472222222232 0.19440104166666666
0 0.09223090277777778 0.6496744791666667 0.18446180555555555 0.1928385416666667
0 0.2527126736111111 0.4583333333333333 0.16420717592592593 0.22278645833333333
0 0.3799189814814815 0.1447265625 0.21202256944444442 0.2123697916666667
0 0.7329282407407407 0.3116536458333333 0.2060185185185186 0.21002604166666672
0 0.854419849537037 0.4949869791666667 0.22518807870370372 0.23268229166666665
0 0.5068721064814814 0.8971354166666667 0.23611111111111116 0.1440104166666667
0 0.8163700810185186 0.8774739583333333 0.19495081018518512 0.13932291666666652
0 0.11353443287037038 0.8417317708333334 0.18561921296296297 0.2494791666666667
0 0.1384910300925926 0.37408854166666666 0.2769820601851852 0.4080729166666667
0 0.16684751157407407 0.053515625 0.27958622685185186 0.10703125
0 0.38664641203703703 0.0439453125 0.20326967592592593 0.087890625