0 0.451171875 0.72265625 0.142578125 0.14453125
0 0.7353515625 0.65625 0.1396484375 0.162109375
0 0.431640625 0.541015625 0.212890625 0.2578125
0 0.130859375 0.7841796875 0.2607421875 0.31640625
0 0.603515625 0.2763671875 0.2255859375 0.2314453125
0 0.291015625 0.3154296875 0.19921875 0.2939453125
0 0.9306640625 0.60546875 0.138671875 0.2041015625
0 0.7373046875 0.9404296875 0.216796875 0.119140625
0 0.90625 0.8720703125 0.1865234375 0.1767578125
0 0.5361328125 0.875 0.2783203125 0.1923828125
0 0.6474609375 0.5068359375 0.1728515625 0.1953125
0 0.5751953125 0.0888671875 0.2578125 0.1650390625