0 0.5732421875 0.8828125 0.244140625 0.205078125
0 0.1201171875 0.607421875 0.140625 0.1884765625
0 0.1552734375 0.2724609375 0.2060546875 0.1982421875
0 0.8896484375 0.5322265625 0.2197265625 0.2529296875
0 0.2626953125 0.90234375 0.208984375 0.1953125
0 0.236328125 0.470703125 0.1806640625 0.1796875
0 0.6064453125 0.4912109375 0.1611328125 0.1494140625
0 0.220703125 0.0947265625 0.3720703125 0.185546875
0 0.8203125 0.8720703125 0.2236328125 0.25390625
0 0.0888671875 0.4228515625 0.1396484375 0.1552734375
0 0.1015625 0.78125 0.16015625 0.1826171875
0 0.4384765625 0.2900390625 0.2958984375 0.234375
0 0.7646484375 0.1982421875 0.244140625 0.310546875
0 0.2939453125 0.68359375 0.2060546875 0.2412109375
0 0.61328125 0.6552734375 0.1748046875 0.1845703125
0 0.4267578125 0.4599609375 0.181640625 0.1953125
0 0.748046875 0.6337890625 0.14453125 0.2314453125
0 0.4013671875 0.8603515625 0.130859375 0.146484375
0 0.0595703125 0.90625 0.1181640625 0.1865234375
0 0.51171875 0.048828125 0.181640625 0.09765625
0 0.94140625 0.3271484375 0.1162109375 0.14453125