0 0.7700737847222222 0.19382957175925924 0.16536458333333326 0.19921875
0 0.0896267361111111 0.4134837962962963 0.1792534722222222 0.29021990740740744
0 0.25311053240740744 0.04470486111111111 0.17346643518518512 0.08940972222222222
0 0.22645399305555555 0.5738208912037037 0.24891493055555552 0.2959346064814814
0 0.49533420138888884 0.4497612847222222 0.123046875 0.1098813657407407
0 0.4719328703703704 0.5813078703703703 0.1865596064814815 0.19220196759259256
0 0.049877025462962965 0.6354890046296297 0.09975405092592593 0.2329282407407407
0 0.9490740740740741 0.08575665509259259 0.10083912037037046 0.17151331018518517
0 0.9129050925925926 0.2607060185185185 0.1621817129629628 0.27126736111111116
0 0.6706452546296297 0.7455873842592593 0.1640625 0.1640625
0 0.39680989583333337 0.011176215277777776 0.10481770833333326 0.022352430555555552
0 0.5156973379629629 0.9005353009259259 0.234375 0.16666666666666674
0 0.7915219907407407 0.04906322337962963 0.19379340277777768 0.09812644675925926
0 0.07175925925925926 0.09259259259259259 0.13773148148148148 0.18518518518518517
0 0.5874565972222222 0.08201316550925926 0.23719618055555558 0.16402633101851852
0 0.22790075231481483 0.903392650462963 0.23466435185185186 0.17447916666666652
0 0.2703993055555556 0.2035590277777778 0.23502604166666674 0.23690682870370372
0 0.9254557291666666 0.5274522569444444 0.1166811342592593 0.253978587962963