0 0.44960937500000003 0.8650824652777778 0.30208333333333337 0.2373697916666666
0 0.8667317708333333 0.49407552083333334 0.1942708333333334 0.22673611111111114
0 0.7830729166666667 0.17161458333333335 0.2641927083333333 0.25321180555555556
0 0.11321614583333334 0.6134114583333333 0.22643229166666667 0.30833333333333335
0 0.7656901041666666 0.8120876736111111 0.2610677083333335 0.23554687500000004
0 0.7306640625 0.3881510416666667 0.2333333333333334 0.2284722222222222
0 0.3587890625 0.5039930555555556 0.2036458333333333 0.19210069444444455
0 0.689453125 0.07699652777777778 0.421875 0.15399305555555556
0 0.20084635416666669 0.8868489583333333 0.2850260416666667 0.21519097222222228
0 0.8725911458333333 0.30394965277777775 0.1841145833333333 0.19123263888888897
0 0.8828125 0.6618055555555555 0.15494791666666674 0.2210937500000001
0 0.5005859375 0.2610894097222222 0.3634114583333332 0.31019965277777783
0 0.16136067708333332 0.2539930555555555 0.32272135416666664 0.3750434027777778
0 0.7029947916666667 0.6133246527777778 0.2768229166666667 0.29661458333333335
0 0.3761067708333333 0.6677734375 0.2276041666666666 0.23016493055555554
0 0.5362630208333333 0.4269748263888889 0.23815104166666679 0.24231770833333333
0 0.23600260416666669 0.6808159722222222 0.21080729166666667 0.27031249999999996
0 0.6203125 0.8166015625 0.17369791666666679 0.18103298611111107
0 0.9205729166666667 0.7672309027777777 0.06380208333333348 0.19756944444444446
0 0.39225260416666663 0.05687934027777778 0.20768229166666674 0.11375868055555556
0 0.037434895833333336 0.4236111111111111 0.07486979166666667 0.1723090277777778