0 0.353515625 0.4677734375 0.1171875 0.099609375
0 0.7724609375 0.693359375 0.1298828125 0.162109375
0 0.5615234375 0.19140625 0.162109375 0.1875
0 0.3876953125 0.6708984375 0.1201171875 0.1328125
0 0.2236328125 0.224609375 0.21484375 0.3525390625
0 0.388671875 0.24609375 0.14453125 0.2451171875
0 0.5791015625 0.591796875 0.3017578125 0.28515625
0 0.2294921875 0.927734375 0.171875 0.1435546875
0 0.900390625 0.8232421875 0.1533203125 0.1650390625
0 0.533203125 0.8564453125 0.408203125 0.2861328125
0 0.046875 0.8505859375 0.09375 0.298828125
0 0.0859375 0.5263671875 0.1708984375 0.2197265625
0 0.0693359375 0.2685546875 0.138671875 0.30078125
0 0.4501953125 0.0654296875 0.158203125 0.130859375
0 0.6923828125 0.419921875 0.158203125 0.1484375