0 0.7174623842592592 0.6661458333333333 0.29184027777777777 0.3636718750000001
0 0.10316840277777777 0.38174913194444443 0.1902488425925926 0.22868923611111114
0 0.7718243634259259 0.8848090277777778 0.3296006944444443 0.18884548611111107
0 0.8350513599537037 0.21786024305555554 0.32989728009259256 0.4017361111111111
0 0.14125434027777778 0.6447482638888888 0.14479166666666665 0.14374999999999982
0 0.15200376157407408 0.941579861111111 0.17322048611111107 0.11510416666666679
0 0.20058593749999998 0.20661892361111112 0.1978153935185185 0.15468749999999998
0 0.46315104166666665 0.1304253472222222 0.21655092592592595 0.194140625
0 0.6396195023148148 0.2486545138888889 0.23330439814814818 0.36432291666666666
0 0.5182508680555555 0.7037977430555555 0.18968460648148144 0.2755208333333332
0 0.9638527199074074 0.5451171875 0.07229456018518521 0.3456163194444444