0 0.4833695023148148 0.3910373263888889 0.2787181712962963 0.24615162037037042
0 0.9176504629629629 0.6094690393518518 0.16469907407407414 0.2220341435185187
0 0.28093894675925923 0.6797092013888889 0.26592881944444446 0.3417390046296296
0 0.35684317129629634 0.9008752893518519 0.4080729166666667 0.19633969907407423
0 0.6554181134259259 0.9230830439814814 0.22889178240740748 0.14619502314814814
0 0.08243634259259258 0.5405237268518519 0.14103009259259258 0.2783275462962962
0 0.11338975694444445 0.7610460069444445 0.13854166666666667 0.1943431712962962
0 0.8955078125 0.27734375 0.208984375 0.5546875
0 0.26710069444444445 0.44343171296296297 0.22322048611111112 0.21840277777777783
0 0.6652633101851853 0.2334056712962963 0.31652199074074083 0.2698640046296297
0 0.7689959490740741 0.43776041666666665 0.30141782407407414 0.28732638888888884
0 0.4633463541666667 0.6383101851851851 0.2837818287037037 0.2852430555555556
0 0.7089916087962963 0.6872829861111112 0.3353732638888889 0.3129629629629629
0 0.4781611689814815 0.08557581018518519 0.23366608796296295 0.17115162037037038
0 0.7868851273148147 0.022974537037037036 0.2690827546296295 0.04594907407407407
0 0.8802734375 0.81484375 0.23945312500000004 0.2734085648148148
0 0.1177517361111111 0.34783709490740744 0.2218460648148148 0.23791956018518512
0 0.2789496527777778 0.11807725694444444 0.22476851851851853 0.20474537037037036