0 0.4521484375 0.3466796875 0.26953125 0.2373046875
0 0.0458984375 0.771484375 0.091796875 0.21875
0 0.3662109375 0.9404296875 0.16796875 0.115234375
0 0.0537109375 0.2490234375 0.107421875 0.1728515625
0 0.107421875 0.087890625 0.21484375 0.16015625
0 0.7451171875 0.287109375 0.14453125 0.1953125
0 0.6083984375 0.6708984375 0.4521484375 0.3525390625
0 0.5830078125 0.08984375 0.1455078125 0.16796875
0 0.88671875 0.1376953125 0.2109375 0.275390625
0 0.1982421875 0.7138671875 0.201171875 0.2705078125
0 0.1669921875 0.9443359375 0.2265625 0.111328125
0 0.087890625 0.5634765625 0.17578125 0.1845703125
0 0.275390625 0.181640625 0.1494140625 0.2216796875
0 0.4501953125 0.19921875 0.107421875 0.140625
0 0.9326171875 0.7099609375 0.1337890625 0.22265625
0 0.9130859375 0.5048828125 0.173828125 0.16796875
0 0.1376953125 0.390625 0.140625 0.212890625
0 0.40625 0.068359375 0.14453125 0.13671875
0 0.62890625 0.931640625 0.17578125 0.134765625
0 0.9501953125 0.34765625 0.0986328125 0.1162109375