0 0.23828125 0.603515625 0.1875 0.1474609375
0 0.505859375 0.42578125 0.177734375 0.177734375
0 0.6728515625 0.3251953125 0.224609375 0.263671875
0 0.9072265625 0.703125 0.15234375 0.19921875
0 0.42578125 0.900390625 0.2294921875 0.19921875
0 0.806640625 0.9228515625 0.1708984375 0.1533203125
0 0.9453125 0.49609375 0.109375 0.169921875
0 0.1640625 0.87890625 0.3037109375 0.2412109375
0 0.09375 0.30859375 0.1875 0.23046875
0 0.791015625 0.548828125 0.19921875 0.205078125
0 0.3798828125 0.2490234375 0.2119140625 0.2109375