0 0.6008680555555556 0.7314453125 0.16532118055555567 0.16015625
0 0.2966796875 0.6767578125 0.1641493055555555 0.177734375
0 0.6030598958333333 0.5390625 0.2508680555555556 0.283203125
0 0.8952907986111112 0.77734375 0.20941840277777768 0.34375
0 0.39678819444444446 0.2705078125 0.2613715277777777 0.255859375
0 0.7279079861111111 0.2939453125 0.24079861111111112 0.3203125
0 0.09741753472222223 0.6318359375 0.14644097222222224 0.21875
0 0.3216579861111111 0.953125 0.23854166666666665 0.09375
0 0.14965277777777777 0.90625 0.19583333333333336 0.1875
0 0.5270182291666666 0.8935546875 0.31219618055555554 0.212890625
0 0.3744357638888889 0.5146484375 0.20095486111111116 0.21484375
0 0.40887586805555554 0.0810546875 0.28650173611111107 0.162109375