0 0.08573133680555556 0.8802734375 0.17146267361111112 0.20368923611111112
0 0.057074652777777776 0.9736979166666666 0.11414930555555555 0.052604166666666785
0 0.09552951388888889 0.1290798611111111 0.19105902777777778 0.24253472222222222
0 0.5071180555555556 0.0708984375 0.2943576388888889 0.12556423611111112
0 0.8544487847222222 0.5038411458333334 0.2626302083333334 0.33363715277777795
0 0.3802951388888889 0.9829427083333333 0.22838541666666667 0.03411458333333339
0 0.9172960069444445 0.10151909722222223 0.15368923611111107 0.16536458333333334
0 0.6282118055555556 0.2935329861111111 0.3140190972222223 0.34843749999999996
0 0.7694878472222222 0.10605468750000001 0.20711805555555562 0.18216145833333333
0 0.6104383680555555 0.5394748263888889 0.23446180555555562 0.18276909722222223
0 0.6129340277777777 0.89306640625 0.25998263888888884 0.2138671875
0 0.8870008680555556 0.9519097222222221 0.14735243055555558 0.09618055555555571
0 0.3334852430555556 0.7884548611111111 0.361328125 0.3592447916666668
0 0.3396267361111111 0.36434461805555557 0.26245659722222225 0.24192708333333335
0 0.2669921875 0.08511284722222222 0.2529513888888889 0.159765625
0 0.01213107638888889 0.6548611111111111 0.02426215277777778 0.2041666666666666
0 0.9215494791666666 0.2697482638888889 0.1361979166666667 0.16692708333333328
0 0.0962890625 0.3628472222222222 0.13949652777777777 0.1533420138888889
0 0.22209201388888888 0.5015190972222222 0.19110243055555554 0.21692708333333344
0 0.6485677083333333 0.7152994791666667 0.21506076388888884 0.14136284722222214
0 0.8176649305555556 0.7816189236111111 0.1558593749999999 0.21419270833333348