0 0.2822265625 0.2841796875 0.2001953125 0.16796875
0 0.25390625 0.875 0.2177734375 0.2001953125
0 0.6708984375 0.7734375 0.2275390625 0.2373046875
0 0.462890625 0.099609375 0.20703125 0.19921875
0 0.2490234375 0.0703125 0.16796875 0.1396484375
0 0.8427734375 0.1162109375 0.314453125 0.228515625
0 0.1943359375 0.4140625 0.2666015625 0.2333984375
0 0.0595703125 0.8525390625 0.1181640625 0.23046875
0 0.916015625 0.767578125 0.16796875 0.24609375
0 0.947265625 0.44140625 0.10546875 0.22265625
0 0.4833984375 0.419921875 0.349609375 0.4345703125
0 0.7373046875 0.490234375 0.20703125 0.2548828125
0 0.068359375 0.560546875 0.13671875 0.1875
0 0.080078125 0.068359375 0.16015625 0.12890625
0 0.8623046875 0.333984375 0.1630859375 0.1474609375
0 0.4365234375 0.904296875 0.126953125 0.19140625
0 0.3642578125 0.7275390625 0.1923828125 0.2060546875