0 0.3671875 0.4853515625 0.1103515625 0.1201171875
0 0.2734375 0.5 0.0673828125 0.08984375
0 0.5625 0.19140625 0.1796875 0.16796875
0 0.767578125 0.6953125 0.1396484375 0.1650390625
0 0.24609375 0.23046875 0.271484375 0.35546875
0 0.09765625 0.5185546875 0.1953125 0.189453125
0 0.0576171875 0.8408203125 0.115234375 0.291015625
0 0.6474609375 0.4541015625 0.1884765625 0.1787109375
0 0.55859375 0.603515625 0.3056640625 0.3017578125
0 0.3994140625 0.68359375 0.1162109375 0.1416015625
0 0.412109375 0.8505859375 0.36328125 0.298828125
0 0.064453125 0.17578125 0.1279296875 0.20703125
0 0.060546875 0.33203125 0.12109375 0.1279296875
0 0.4306640625 0.0693359375 0.1650390625 0.123046875