0 0.3154296875 0.35138888888888886 0.296875 0.25073784722222214
0 0.5458984375 0.5659939236111111 0.296875 0.30542534722222214
0 0.2392578125 0.5376519097222222 0.19921875 0.1919270833333333
0 0.068359375 0.5307074652777778 0.13671875 0.20811631944444442
0 0.3505859375 0.6728732638888889 0.2109375 0.19414062499999996
0 0.0703125 0.7806640625 0.140625 0.26289062500000004
0 0.21875 0.11510416666666666 0.4140625 0.23020833333333332
0 0.8486328125 0.05963541666666666 0.302734375 0.11927083333333333
0 0.4658203125 0.8509765625000001 0.271484375 0.28337673611111125
0 0.90625 0.8060329861111111 0.17578125 0.263671875
0 0.8701171875 0.262890625 0.251953125 0.27122395833333335
0 0.8818359375 0.5360677083333334 0.236328125 0.29236111111111107
0 0.0673828125 0.3256510416666667 0.130859375 0.2197048611111111
0 0.5380859375 0.2810112847222222 0.18359375 0.22868923611111114
0 0.7216796875 0.8950954861111111 0.232421875 0.18289930555555545
0 0.1806640625 0.7254774305555556 0.123046875 0.14335937499999996
0 0.2021484375 0.871484375 0.16015625 0.15590277777777772
0 0.240234375 0.9526692708333333 0.31640625 0.08320312500000004
0 0.0400390625 0.9493055555555556 0.080078125 0.07404513888888875