0 0.16796875 0.162109375 0.259765625 0.3203125
0 0.4111328125 0.46875 0.2021484375 0.3173828125
0 0.7158203125 0.2841796875 0.322265625 0.2470703125
0 0.4521484375 0.0849609375 0.2900390625 0.1650390625
0 0.6875 0.09765625 0.1650390625 0.169921875
0 0.169921875 0.83203125 0.330078125 0.3095703125
0 0.896484375 0.09375 0.2021484375 0.1826171875
0 0.95703125 0.6865234375 0.080078125 0.1220703125
0 0.6552734375 0.908203125 0.27734375 0.18359375
0 0.9287109375 0.9306640625 0.142578125 0.138671875
0 0.5908203125 0.685546875 0.28515625 0.2294921875
0 0.6015625 0.4814453125 0.1572265625 0.189453125
0 0.76953125 0.4501953125 0.177734375 0.1640625
0 0.8291015625 0.599609375 0.181640625 0.1962890625
0 0.2041015625 0.453125 0.2177734375 0.234375
0 0.2265625 0.6171875 0.134765625 0.1533203125