0 0.8905381944444444 0.2243778935185185 0.21892361111111125 0.39230324074074074
0 0.5113498263888889 0.017469618055555552 0.26098090277777786 0.034939236111111105
0 0.20327690972222223 0.13700086805555556 0.27764756944444446 0.2740017361111111
0 0.09474826388888889 0.8319878472222222 0.14570312500000002 0.1480179398148147
0 0.4311414930555555 0.1392107928240741 0.33819444444444446 0.2784215856481482
0 0.7689670138888889 0.08086299189814815 0.279296875 0.1617259837962963
0 0.26297743055555556 0.008441840277777777 0.19782986111111112 0.016883680555555555
0 0.3585720486111111 0.3851924189814815 0.3553385416666667 0.3637297453703703
0 0.8647352430555555 0.6366102430555556 0.19861111111111107 0.24635416666666665
0 0.03411458333333333 0.6552372685185186 0.04201388888888889 0.1348379629629628
0 0.6396267361111112 0.273828125 0.41284722222222214 0.4057291666666667