0 0.2333984375 0.4736328125 0.22265625 0.1826171875
0 0.271484375 0.8974609375 0.2021484375 0.2001953125
0 0.87109375 0.5302734375 0.2470703125 0.2353515625
0 0.82421875 0.869140625 0.2275390625 0.2578125
0 0.5771484375 0.8876953125 0.2353515625 0.2197265625
0 0.11328125 0.6015625 0.162109375 0.1923828125
0 0.0888671875 0.791015625 0.142578125 0.1572265625
0 0.1513671875 0.271484375 0.2177734375 0.1923828125
0 0.708984375 0.1806640625 0.26171875 0.279296875
0 0.4248046875 0.3046875 0.2939453125 0.22265625
0 0.2900390625 0.6796875 0.232421875 0.255859375
0 0.61328125 0.6484375 0.1640625 0.21484375
0 0.744140625 0.6376953125 0.146484375 0.22265625
0 0.2529296875 0.09375 0.38671875 0.1875
0 0.9267578125 0.3583984375 0.146484375 0.125
0 0.4912109375 0.0908203125 0.1015625 0.11328125
0 0.8828125 0.20703125 0.0888671875 0.115234375
0 0.4326171875 0.4580078125 0.1728515625 0.16796875
0 0.0751953125 0.42578125 0.150390625 0.234375
0 0.5380859375 0.033203125 0.14453125 0.0654296875
0 0.9677734375 0.20703125 0.064453125 0.15625
0 0.603515625 0.486328125 0.1201171875 0.10546875