0 0.37644675925925924 0.39382233796296295 0.27112268518518523 0.23618344907407418
0 0.2414641203703704 0.2835431134259259 0.18149594907407407 0.15876736111111112
0 0.10904947916666667 0.2737774884259259 0.16601562500000003 0.16048900462962967
0 0.8907335069444444 0.2912109375 0.14243344907407396 0.1581886574074074
0 0.9500506365740741 0.8837601273148148 0.09989872685185186 0.1683593750000001
0 0.036928530092592594 0.14296875 0.06488715277777778 0.16484375
0 0.3089554398148148 0.6415726273148148 0.2764033564814815 0.22845775462962958
0 0.8967013888888888 0.06888744212962963 0.11762152777777768 0.11294849537037038
0 0.9234302662037037 0.6208912037037038 0.15313946759259256 0.44800347222222214
0 0.4469401041666667 0.8532190393518518 0.6058304398148148 0.2935619212962963
0 0.0679615162037037 0.4038845486111111 0.09599247685185186 0.26870659722222223
0 0.5950520833333333 0.10538917824074075 0.4166666666666665 0.19932002314814815
0 0.24421296296296297 0.1099464699074074 0.34997106481481477 0.19442997685185184
0 0.4584056712962963 0.23603153935185184 0.261791087962963 0.18922164351851856
0 0.5743634259259259 0.37919560185185186 0.17505787037037046 0.20354456018518519
0 0.699291087962963 0.22204137731481483 0.20652488425925908 0.18059895833333328