0 0.4111328125 0.413599537037037 0.236328125 0.22184606481481484
0 0.2802734375 0.8637659143518519 0.173828125 0.16335358796296306
0 0.7666015625 0.14555483217592594 0.287109375 0.29110966435185187
0 0.9072265625 0.6811270254629629 0.185546875 0.3551070601851851
0 0.26171875 0.6055266203703704 0.232421875 0.288136574074074
0 0.841796875 0.4438078703703704 0.236328125 0.26481481481481484
0 0.509765625 0.13156828703703705 0.32421875 0.2631365740740741
0 0.05078125 0.17915943287037037 0.1015625 0.21589988425925927
0 0.1279296875 0.4034360532407407 0.255859375 0.34547164351851856
0 0.09375 0.6730034722222222 0.16796875 0.22177372685185182
0 0.7529296875 0.8731987847222222 0.20703125 0.16629050925925926
0 0.658203125 0.7012008101851852 0.388671875 0.35917245370370376
0 0.24609375 0.9497395833333333 0.1875 0.09149305555555554
0 0.62890625 0.32413917824074073 0.14453125 0.13123553240740737
0 0.8935546875 0.2508680555555556 0.185546875 0.2672164351851851
0 0.388671875 0.8839916087962962 0.138671875 0.18574942129629646
0 0.4990234375 0.8992766203703704 0.146484375 0.17621527777777768
0 0.2529296875 0.11164641203703704 0.193359375 0.19322916666666667
0 0.2001953125 0.25285734953703703 0.091796875 0.09256365740740746