0 0.5751953125 0.3286603009259259 0.265625 0.2539641203703704
0 0.7958984375 0.5242693865740741 0.337890625 0.34204282407407405
0 0.9560546875 0.5312427662037037 0.087890625 0.21940104166666674
0 0.7001953125 0.8786675347222223 0.337890625 0.21118344907407405
0 0.50390625 0.9352647569444444 0.3203125 0.10910011574074074
0 0.158203125 0.8224609375 0.31640625 0.2691406249999999
0 0.359375 0.18145254629629629 0.4296875 0.36290509259259257
0 0.388671875 0.4425853587962963 0.23828125 0.27659143518518514
0 0.1767578125 0.5904658564814815 0.326171875 0.335836226851852
0 0.923828125 0.7714554398148148 0.08203125 0.2114149305555557
0 0.494140625 0.7919994212962963 0.271484375 0.27562210648148144
0 0.595703125 0.566333912037037 0.173828125 0.18483796296296306
0 0.8896484375 0.1650462962962963 0.220703125 0.25653935185185184
0 0.9482421875 0.3263961226851852 0.103515625 0.21986400462962963
0 0.1435546875 0.24379340277777778 0.224609375 0.23321759259259256
0 0.154296875 0.0130859375 0.09765625 0.026171875
0 0.0654296875 0.4033347800925926 0.130859375 0.1816116898148148
0 0.0478515625 0.6743634259259259 0.095703125 0.2645543981481482
0 0.7685546875 0.7194155092592592 0.197265625 0.1601417824074074
0 0.8134765625 0.8108579282407408 0.138671875 0.12715567129629624
0 0.6533203125 0.15349392361111114 0.220703125 0.21161747685185184
0 0.6796875 0.0486328125 0.146484375 0.097265625
0 0.8583984375 0.9247612847222222 0.103515625 0.10267650462962963
0 0.345703125 0.8803819444444445 0.173828125 0.18483796296296306