0 0.1376953125 0.2724609375 0.244140625 0.314453125
0 0.5654296875 0.0654296875 0.232421875 0.123046875
0 0.82421875 0.2509765625 0.2041015625 0.25390625
0 0.8232421875 0.908203125 0.1123046875 0.109375
0 0.6171875 0.244140625 0.2685546875 0.2060546875
0 0.322265625 0.1064453125 0.232421875 0.208984375
0 0.7919921875 0.08203125 0.1728515625 0.1201171875
0 0.91796875 0.0576171875 0.1640625 0.1103515625
0 0.646484375 0.4794921875 0.271484375 0.26953125
0 0.1572265625 0.6484375 0.142578125 0.19140625
0 0.951171875 0.880859375 0.09765625 0.13671875
0 0.9462890625 0.763671875 0.1064453125 0.111328125
0 0.41015625 0.3486328125 0.3173828125 0.2978515625