0 0.4715133101851852 0.5062355324074074 0.12515914351851853 0.10332754629629637
0 0.9189742476851852 0.578638599537037 0.10487557870370368 0.22206307870370368
0 0.19000289351851854 0.31721643518518516 0.23194444444444445 0.22589699074074077
0 0.6739076967592592 0.07697482638888889 0.2654658564814816 0.15394965277777778
0 0.8766059027777777 0.3880280671296296 0.212991898148148 0.2353732638888889
0 0.478515625 0.9149522569444444 0.27867476851851847 0.15828993055555562
0 0.6298249421296297 0.2550853587962963 0.26057581018518516 0.28096064814814814
0 0.8501446759259259 0.08411458333333334 0.17471064814814818 0.16822916666666668
0 0.9179904513888889 0.20007957175925928 0.06967592592592586 0.12201967592592589
0 0.02651909722222222 0.2329644097222222 0.05303819444444444 0.2801649305555556
0 0.2751808449074074 0.608666087962963 0.35768229166666665 0.338990162037037
0 0.12298900462962963 0.921195023148148 0.22387152777777777 0.15552662037037024
0 0.29019097222222223 0.964576099537037 0.25358796296296293 0.06425057870370376