0 0.197265625 0.216796875 0.244140625 0.2607421875
0 0.7705078125 0.7939453125 0.1396484375 0.1396484375
0 0.556640625 0.3984375 0.2021484375 0.2001953125
0 0.119140625 0.779296875 0.2275390625 0.3369140625
0 0.9111328125 0.0947265625 0.1611328125 0.166015625
0 0.19921875 0.5517578125 0.1552734375 0.1435546875
0 0.8564453125 0.4013671875 0.201171875 0.15625
0 0.048828125 0.078125 0.09765625 0.15625
0 0.4228515625 0.7958984375 0.3583984375 0.4072265625
0 0.4267578125 0.1279296875 0.27734375 0.240234375
0 0.875 0.6875 0.1474609375 0.1201171875
0 0.0830078125 0.333984375 0.166015625 0.3134765625
0 0.681640625 0.0830078125 0.220703125 0.162109375
0 0.8349609375 0.9013671875 0.1474609375 0.138671875