0 0.27807436342592595 0.48455584490740744 0.15407986111111116 0.15082465277777768
0 0.08538049768518519 0.14532696759259262 0.13683449074074072 0.11911168981481479
0 0.05824652777777778 0.22743778935185185 0.11649305555555556 0.1267505787037037
0 0.0158203125 0.1470341435185185 0.031640625 0.08313078703703702
0 0.2771050347222222 0.29576099537037037 0.12737268518518519 0.12468171296296293
0 0.23327546296296298 0.17905092592592592 0.11063368055555556 0.10273437499999999
0 0.43464265046296297 0.23783275462962963 0.11710069444444449 0.11462673611111113
0 0.6141059027777778 0.28520688657407406 0.14441550925925917 0.15248842592592593
0 0.26751302083333334 0.12235966435185185 0.0902922453703704 0.0865306712962963
0 0.7227502893518518 0.2082248263888889 0.11349826388888884 0.12037037037037035
0 0.9095775462962963 0.20789207175925925 0.09343171296296293 0.14707754629629627
0 0.9115668402777778 0.45246672453703707 0.1430410879629629 0.2012008101851852
0 0.5703703703703704 0.7514250578703704 0.1195601851851853 0.12445023148148149
0 0.44403211805555554 0.811255787037037 0.14997106481481493 0.14680266203703707
0 0.46066261574074074 0.7168764467592592 0.0766203703703704 0.08612557870370363
0 0.22570891203703702 0.7588179976851852 0.13710937499999998 0.16202256944444438
0 0.07996961805555555 0.7212456597222222 0.1501736111111111 0.15070891203703707
0 0.01591435185185185 0.6730034722222222 0.0318287037037037 0.12455150462962972
0 0.0732349537037037 0.8511284722222222 0.0888454861111111 0.09623842592592591
0 0.08317418981481481 0.939402488425926 0.14505208333333336 0.121195023148148
0 0.19289641203703703 0.9910011574074074 0.1223090277777778 0.017997685185185297
0 0.3100188078703704 0.9750434027777778 0.13780381944444442 0.04991319444444442
0 0.7546079282407407 0.8515986689814814 0.41969039351851856 0.2968026620370372
0 0.8498914930555556 0.32153501157407405 0.1752604166666667 0.14560185185185182
0 0.5666232638888888 0.16349826388888888 0.12706886574074083 0.11882233796296299
0 0.6465928819444444 0.09251302083333333 0.1352864583333333 0.12686631944444446
0 0.5488715277777778 0.07201244212962962 0.1069299768518519 0.10652488425925927
0 0.4673972800925926 0.05883969907407407 0.11598668981481475 0.09314236111111111
0 0.37311197916666666 0.1606987847222222 0.11319444444444449 0.11451099537037035
0 0.5348017939814815 0.5508463541666666 0.23739872685185182 0.21569733796296298
0 0.8129267939814815 0.11015625 0.16711516203703702 0.17656249999999998
0 0.345240162037037 0.867990451388889 0.14175347222222223 0.13875868055555562