0 0.8384620949074074 0.22758246527777776 0.19074074074074066 0.17803819444444446
0 0.5181134259259259 0.6110243055555555 0.18495370370370368 0.18767361111111125
0 0.17060185185185187 0.22738715277777777 0.2732349537037037 0.24236111111111114
0 0.05920862268518518 0.6115668402777779 0.1107494212962963 0.1879774305555557
0 0.15855034722222222 0.9707682291666666 0.1156828703703704 0.058463541666666785
0 0.12222222222222222 0.5504774305555555 0.11022858796296295 0.11766493055555549
0 0.9641637731481482 0.7528211805555556 0.07167245370370368 0.24973958333333335
0 0.8270037615740741 0.9215494791666667 0.13352141203703694 0.09865451388888902
0 0.3021701388888889 0.06236979166666667 0.16464120370370372 0.08177083333333333
0 0.04685329861111111 0.12992621527777778 0.09246238425925926 0.09188368055555557
0 0.8339192708333334 0.5370008680555556 0.10823206018518539 0.11176215277777768
0 0.35331307870370365 0.244140625 0.17905092592592586 0.1816840277777778