0 0.31473524305555556 0.26493778935185186 0.1870659722222222 0.1630497685185185
0 0.7129123263888889 0.5463324652777778 0.23133680555555558 0.22323495370370372
0 0.7028428819444444 0.7089482060185186 0.20290798611111116 0.17339409722222232
0 0.7890190972222222 0.8924334490740741 0.2398437499999999 0.1669560185185186
0 0.5482204861111111 0.6120515046296295 0.15169270833333348 0.15198206018518512
0 0.4110243055555556 0.5076678240740741 0.13953993055555558 0.13201678240740744
0 0.3377604166666667 0.7732928240740741 0.15590277777777772 0.16579861111111116
0 0.09798177083333334 0.5827907986111112 0.173828125 0.18207465277777768
0 0.16241319444444446 0.27155671296296297 0.1738715277777778 0.1840277777777778
0 0.3978081597222222 0.9245153356481481 0.15494791666666663 0.12282986111111116
0 0.42706163194444446 0.007667824074074073 0.20568576388888893 0.015335648148148147
0 0.053320312499999994 0.7720992476851851 0.07651909722222222 0.19408275462962976
0 0.11653645833333334 0.8899739583333333 0.17256944444444444 0.12543402777777768