0 0.6875 0.1025390625 0.224609375 0.16015625
0 0.1025390625 0.119140625 0.1953125 0.2373046875
0 0.55859375 0.5634765625 0.2021484375 0.2177734375
0 0.1611328125 0.8466796875 0.232421875 0.1279296875
0 0.791015625 0.3994140625 0.109375 0.1259765625
0 0.6337890625 0.7548828125 0.1435546875 0.16796875
0 0.9375 0.072265625 0.0888671875 0.14453125
0 0.0673828125 0.5693359375 0.0830078125 0.0859375
0 0.357421875 0.111328125 0.2265625 0.2099609375
0 0.6357421875 0.3251953125 0.109375 0.162109375
0 0.962890625 0.197265625 0.07421875 0.111328125
0 0.1943359375 0.3310546875 0.142578125 0.1455078125
0 0.4697265625 0.861328125 0.072265625 0.0751953125
0 0.52734375 0.7783203125 0.0625 0.068359375
0 0.4453125 0.2333984375 0.091796875 0.083984375
0 0.408203125 0.54296875 0.119140625 0.1279296875