0 0.1904296875 0.505859375 0.0751953125 0.0673828125
0 0.494140625 0.34375 0.0576171875 0.052734375
0 0.7783203125 0.62890625 0.1923828125 0.1826171875
0 0.4765625 0.6689453125 0.0673828125 0.072265625
0 0.037109375 0.6611328125 0.07421875 0.083984375
0 0.0673828125 0.9423828125 0.0654296875 0.0595703125
0 0.4716796875 0.94921875 0.16796875 0.087890625
0 0.3974609375 0.3525390625 0.0654296875 0.0751953125
0 0.3583984375 0.162109375 0.072265625 0.0703125
0 0.8076171875 0.23828125 0.072265625 0.1171875
0 0.91796875 0.201171875 0.064453125 0.072265625
0 0.3984375 0.7158203125 0.064453125 0.1025390625
0 0.9619140625 0.966796875 0.076171875 0.06640625
0 0.634765625 0.0654296875 0.09765625 0.1005859375
0 0.1337890625 0.41796875 0.060546875 0.0712890625