0 0.8352864583333333 0.5235460069444444 0.09214409722222205 0.08723958333333348
0 0.5570384837962963 0.31473524305555556 0.06974826388888888 0.06838831018518521
0 0.22771267361111114 0.5566116898148148 0.23995949074074074 0.23424479166666679
0 0.5231192129629629 0.6429398148148149 0.08648726851851851 0.09079861111111098
0 0.9572952835648147 0.7022641782407407 0.0854094328703705 0.10470196759259265
0 0.48255931712962963 0.9186414930555555 0.18936631944444438 0.12220775462962963
0 0.6512803819444444 0.3375578703703704 0.08463541666666652 0.09263599537037037
0 0.7201388888888889 0.15421730324074076 0.09029224537037028 0.08907696759259259
0 0.2601924189814815 0.1628616898148148 0.10248842592592589 0.13653067129629626
0 0.1564670138888889 0.10827546296296298 0.08453414351851851 0.09068287037037037
0 0.5928168402777778 0.7024811921296297 0.09191261574074083 0.12032696759259265
0 0.45966435185185184 0.038975694444444445 0.12245370370370368 0.07795138888888889
0 0.9046802662037037 0.44498697916666663 0.0805266203703705 0.08849826388888893