0 0.7210069444444445 0.12818287037037038 0.2421440972222222 0.18265335648148145
0 0.11573350694444444 0.11454716435185186 0.21193576388888888 0.22837094907407407
0 0.5811197916666666 0.5952690972222222 0.22196180555555545 0.24045138888888884
0 0.1654296875 0.8579644097222222 0.24921875 0.14973958333333326
0 0.8235894097222223 0.4412977430555556 0.12018229166666661 0.13910590277777768
0 0.6568576388888889 0.7981047453703703 0.16024305555555562 0.18547453703703698
0 0.9640407986111111 0.11968315972222222 0.07191840277777772 0.13939525462962962
0 0.07204861111111112 0.5637297453703703 0.09192708333333335 0.09707754629629628
0 0.3763237847222222 0.11736834490740741 0.24874131944444444 0.21607349537037035
0 0.6645399305555555 0.3534432870370371 0.12296006944444438 0.1762876157407407
0 0.9811414930555555 0.24233217592592593 0.03771701388888893 0.11675347222222221
0 0.20631510416666665 0.3267144097222222 0.1558159722222222 0.16189236111111116
0 0.484375 0.8961226851851852 0.07795138888888897 0.08289930555555558
0 0.5459852430555555 0.8144892939814815 0.07000868055555554 0.07675057870370372
0 0.46794704861111114 0.2446831597222222 0.10160590277777781 0.09353298611111116
0 0.4262152777777778 0.5622106481481481 0.13194444444444442 0.14149305555555558