0 0.9220558449074074 0.3703342013888889 0.15588831018518512 0.1796440972222222
0 0.4921585648148148 0.5826171875 0.19654224537037046 0.18967013888888884
0 0.3267939814814815 0.10733506944444444 0.28640046296296295 0.2146701388888889
0 0.07318431712962964 0.3934244791666667 0.11048900462962963 0.18580729166666665
0 0.14968894675925926 0.3643446180555555 0.11631944444444442 0.11961805555555549
0 0.8944661458333334 0.8865885416666667 0.1889612268518519 0.1934027777777778
0 0.6496672453703703 0.9634114583333333 0.13559027777777777 0.04982638888888902
0 0.5162109375 0.021571180555555555 0.16914062500000004 0.04314236111111111
0 0.9157769097222221 0.09112413194444445 0.15720486111111098 0.08541666666666667
0 0.8157190393518519 0.6468098958333333 0.11390335648148153 0.11176215277777768
0 0.49008969907407407 0.18467881944444445 0.19033564814814818 0.18368055555555557