0 0.7585720486111112 0.5770688657407408 0.1044560185185186 0.09252025462962976
0 0.4900535300925926 0.32821903935185187 0.07942708333333337 0.07086226851851851
0 0.11485460069444445 0.5663700810185186 0.2297092013888889 0.24600694444444438
0 0.40227141203703703 0.6831669560185185 0.09678819444444442 0.09441550925925934
0 0.8577835648148148 0.7793475115740741 0.087890625 0.10606192129629632
0 0.32146990740740744 0.9570529513888889 0.19733796296296302 0.08149594907407409
0 0.5891565393518519 0.36066984953703707 0.09707754629629628 0.09832175925925934
0 0.6924189814814815 0.16567563657407408 0.10264756944444442 0.09445891203703705
0 0.19270833333333334 0.13912037037037037 0.11812789351851855 0.14532696759259262
0 0.10170717592592592 0.07635271990740741 0.06705729166666666 0.08833912037037037
0 0.4694010416666667 0.7519675925925926 0.10510706018518523 0.12766203703703694
0 0.4283492476851852 0.0298828125 0.12767650462962965 0.059765625
0 0.8466796875 0.49442997685185186 0.0888310185185186 0.09240451388888893