0 0.1796875 0.3447265625 0.169921875 0.240234375
0 0.33203125 0.599609375 0.2802734375 0.26953125
0 0.0986328125 0.708984375 0.1123046875 0.1279296875
0 0.4970703125 0.6708984375 0.080078125 0.0927734375
0 0.7890625 0.3583984375 0.1025390625 0.107421875
0 0.7099609375 0.7958984375 0.1552734375 0.1376953125
0 0.482421875 0.8388671875 0.1552734375 0.142578125
0 0.9365234375 0.84375 0.1220703125 0.1376953125
0 0.958984375 0.6953125 0.0771484375 0.115234375
0 0.2216796875 0.07421875 0.1328125 0.1171875
0 0.703125 0.91796875 0.0693359375 0.0732421875