0 0.732421875 0.3447265625 0.1552734375 0.125
0 0.326171875 0.5625 0.1875 0.1748046875
0 0.3154296875 0.71484375 0.169921875 0.1298828125
0 0.2060546875 0.9033203125 0.197265625 0.177734375
0 0.4716796875 0.642578125 0.1220703125 0.1201171875
0 0.6123046875 0.5615234375 0.115234375 0.1025390625
0 0.6474609375 0.81640625 0.125 0.1328125
0 0.8974609375 0.66796875 0.14453125 0.14453125
0 0.8740234375 0.369140625 0.1376953125 0.1474609375
0 0.572265625 0.951171875 0.1298828125 0.0927734375
0 0.6650390625 0.041015625 0.1904296875 0.08203125
0 0.9462890625 0.85546875 0.1064453125 0.1669921875
0 0.83984375 0.9521484375 0.1484375 0.0947265625