0 0.9162398726851853 0.06951678240740741 0.1670283564814814 0.13903356481481483
0 0.33262442129629627 0.30302372685185186 0.20089699074074074 0.2339409722222222
0 0.24330150462962963 0.7632378472222222 0.1494936342592592 0.14807581018518512
0 0.9860170717592593 0.4008608217592593 0.022699652777777857 0.16485821759259256
0 0.0458984375 0.8731915509259259 0.091796875 0.17158564814814814
0 0.16936487268518519 0.5961009837962963 0.1359375 0.16319444444444442
0 0.03305844907407408 0.6305338541666667 0.06611689814814815 0.13346354166666652
0 0.05615596064814815 0.47345196759259256 0.1123119212962963 0.16637731481481488
0 0.07507957175925925 0.27643952546296297 0.12808159722222223 0.15704571759259256
0 0.6542751736111111 0.901294849537037 0.1572916666666666 0.1464120370370372
0 0.41064814814814815 0.18200231481481483 0.11407696759259256 0.11161747685185186