0 0.1298828125 0.287109375 0.1552734375 0.134765625
0 0.5166015625 0.583984375 0.1474609375 0.1474609375
0 0.7578125 0.1572265625 0.224609375 0.1796875
0 0.955078125 0.4951171875 0.0849609375 0.1650390625
0 0.947265625 0.8828125 0.099609375 0.10546875
0 0.875 0.4501953125 0.0849609375 0.0947265625
0 0.0703125 0.8134765625 0.1396484375 0.2177734375
0 0.294921875 0.9453125 0.115234375 0.08984375
0 0.5966796875 0.025390625 0.15234375 0.0498046875
0 0.20703125 0.02734375 0.1396484375 0.0546875
0 0.89453125 0.0302734375 0.169921875 0.0546875
0 0.2021484375 0.576171875 0.0849609375 0.087890625
0 0.5888671875 0.208984375 0.142578125 0.142578125