0 0.6410083912037037 0.11334635416666668 0.26876446759259265 0.17403067129629632
0 0.07497106481481482 0.1943287037037037 0.14994212962962963 0.2675636574074074
0 0.5875940393518518 0.5980685763888889 0.2578414351851852 0.28084490740740753
0 0.2177517361111111 0.9281105324074075 0.270630787037037 0.14377893518518503
0 0.8040509259259259 0.39143518518518516 0.13981481481481461 0.16148726851851847
0 0.7024088541666667 0.7925708912037037 0.18511284722222232 0.21459780092592595
0 0.8845558449074074 0.07419704861111112 0.0824508101851853 0.06089409722222222
0 0.06831597222222223 0.6688368055555556 0.10431134259259259 0.1127893518518519
0 0.2939308449074074 0.14908130787037038 0.2791666666666667 0.26047453703703705
0 0.626685474537037 0.3324146412037037 0.1479166666666667 0.20095486111111116
0 0.9240234375 0.15342158564814815 0.047771990740740566 0.12352430555555555
0 0.16020688657407406 0.3971281828703704 0.17906539351851852 0.1889033564814815
0 0.547048611111111 0.9281250000000001 0.09053819444444455 0.09840856481481497
0 0.5936848958333334 0.8308955439814816 0.07874710648148131 0.08803530092592604
0 0.40838396990740744 0.2605251736111111 0.11407696759259256 0.1132957175925926
0 0.425441261574074 0.5955222800925926 0.15156250000000004 0.1660011574074074