0 0.15531684027777778 0.3404586226851852 0.18875868055555556 0.25857928240740746
0 0.3040581597222222 0.5878038194444445 0.30351562499999996 0.2984953703703703
0 0.06260850694444445 0.717042824074074 0.12309027777777776 0.13975694444444442
0 0.46987847222222223 0.6481047453703703 0.08823784722222228 0.10067997685185182
0 0.7762803819444444 0.30658275462962964 0.11041666666666661 0.11757812499999998
0 0.6831597222222222 0.7581886574074074 0.1664930555555555 0.15206886574074074
0 0.4505642361111111 0.8196976273148148 0.16675347222222225 0.15792824074074074
0 0.9058159722222222 0.7888237847222223 0.11961805555555549 0.14929108796296298
0 0.9340711805555556 0.6352068865740741 0.07560763888888888 0.12330729166666665
0 0.20479600694444444 0.06275679976851851 0.14218750000000002 0.12551359953703703
0 0.6747178819444444 0.8823857060185185 0.0756510416666667 0.08045428240740748