0 0.8837890625 0.072265625 0.212890625 0.14453125
0 0.3330078125 0.3466796875 0.166015625 0.1943359375
0 0.2978515625 0.7744140625 0.1259765625 0.1201171875
0 0.97265625 0.396484375 0.0546875 0.1513671875
0 0.083984375 0.900390625 0.16015625 0.1591796875
0 0.2119140625 0.6259765625 0.111328125 0.134765625
0 0.0576171875 0.6669921875 0.115234375 0.115234375
0 0.0703125 0.5224609375 0.140625 0.1396484375
0 0.0830078125 0.337890625 0.125 0.1298828125
0 0.6923828125 0.8759765625 0.1328125 0.1162109375
0 0.392578125 0.2294921875 0.0966796875 0.0888671875