0 0.0947265625 0.11205873842592592 0.189453125 0.17333622685185185
0 0.6630859375 0.37523148148148144 0.1875 0.22400173611111107
0 0.736328125 0.8131655092592593 0.138671875 0.14298321759259247
0 0.0244140625 0.44382957175925924 0.048828125 0.1610966435185185
0 0.939453125 0.9215494791666667 0.12109375 0.15690104166666652
0 0.8115234375 0.6584418402777779 0.125 0.15584490740740753
0 0.9541015625 0.6961877893518518 0.091796875 0.1323929398148147
0 0.9345703125 0.5475694444444444 0.130859375 0.16009837962962958
0 0.9169921875 0.3580512152777778 0.140625 0.1528645833333333
0 0.3427734375 0.9294921875 0.146484375 0.13953993055555536
0 0.5908203125 0.25669126157407407 0.107421875 0.1059751157407407