0 0.6929398148148149 0.423828125 0.1625289351851853 0.16015625
0 0.9290147569444445 0.111328125 0.13000578703703702 0.07421875
0 0.9446469907407408 0.1767578125 0.10746527777777781 0.134765625
0 0.7163411458333333 0.228515625 0.1308449074074074 0.130859375
0 0.7766854745370371 0.1103515625 0.11487268518518512 0.107421875
0 0.5602141203703703 0.154296875 0.12090567129629637 0.119140625
0 0.36732494212962963 0.1884765625 0.15081018518518519 0.16015625
0 0.7441623263888889 0.064453125 0.08482349537037037 0.056640625
0 0.26514033564814815 0.0986328125 0.11708622685185188 0.125
0 0.09244791666666666 0.087890625 0.056799768518518534 0.142578125
0 0.05679976851851852 0.341796875 0.11359953703703704 0.19921875
0 0.35619936342592595 0.67578125 0.1230324074074074 0.130859375
0 0.480128761574074 0.748046875 0.15462962962962967 0.154296875
0 0.47377748842592593 0.6494140625 0.08140914351851847 0.08984375
0 0.7130714699074074 0.712890625 0.14314236111111112 0.169921875
0 0.8687355324074074 0.6865234375 0.1566406250000001 0.158203125
0 0.9533854166666667 0.6416015625 0.06245659722222219 0.12890625
0 0.8598885995370371 0.822265625 0.09327256944444429 0.099609375
0 0.8379340277777778 0.919921875 0.150491898148148 0.138671875
0 0.8252748842592592 0.9833984375 0.1215856481481481 0.033203125
0 0.7101996527777777 0.97265625 0.13752893518518516 0.0546875
0 0.5903862847222222 0.9521484375 0.1518084490740741 0.095703125
0 0.1839771412037037 0.7880859375 0.3679542824074074 0.361328125
0 0.12582465277777777 0.2080078125 0.17019675925925926 0.150390625
0 0.4316333912037037 0.06640625 0.13271122685185188 0.125
0 0.355078125 0.0263671875 0.13359374999999996 0.052734375
0 0.4548755787037037 0.013671875 0.09806134259259258 0.02734375
0 0.63359375 0.0791015625 0.11898148148148158 0.12109375
0 0.41781684027777777 0.4716796875 0.2475260416666667 0.228515625
0 0.1820240162037037 0.0400390625 0.1672019675925926 0.080078125
0 0.5758101851851851 0.8154296875 0.14862557870370363 0.14453125