0 0.3076171875 0.4228515625 0.1201171875 0.1201171875
0 0.16796875 0.0771484375 0.1103515625 0.08984375
0 0.1240234375 0.150390625 0.107421875 0.099609375
0 0.0791015625 0.06640625 0.0625 0.0673828125
0 0.3291015625 0.2451171875 0.09765625 0.099609375
0 0.30078125 0.1298828125 0.087890625 0.080078125
0 0.482421875 0.212890625 0.08984375 0.08984375
0 0.64453125 0.28125 0.1103515625 0.1220703125
0 0.33984375 0.0810546875 0.0703125 0.0673828125
0 0.7548828125 0.2236328125 0.0849609375 0.09765625
0 0.94921875 0.2490234375 0.09765625 0.1279296875
0 0.92578125 0.48046875 0.142578125 0.169921875
0 0.5498046875 0.712890625 0.08984375 0.099609375
0 0.4248046875 0.7509765625 0.115234375 0.1171875
0 0.451171875 0.6650390625 0.0576171875 0.0703125
0 0.2275390625 0.6728515625 0.099609375 0.134765625
0 0.0947265625 0.6171875 0.115234375 0.1201171875
0 0.0224609375 0.5615234375 0.044921875 0.1123046875
0 0.07421875 0.73828125 0.0673828125 0.0771484375
0 0.0712890625 0.8291015625 0.1171875 0.1025390625
0 0.056640625 0.923828125 0.1025390625 0.087890625
0 0.1650390625 0.9375 0.10546875 0.099609375
0 0.27734375 0.9326171875 0.115234375 0.115234375
0 0.7314453125 0.8662109375 0.392578125 0.2626953125
0 0.861328125 0.34765625 0.142578125 0.1103515625
0 0.615234375 0.1611328125 0.099609375 0.0927734375
0 0.697265625 0.10546875 0.10546875 0.099609375
0 0.6083984375 0.072265625 0.08203125 0.0849609375
0 0.5361328125 0.04296875 0.0927734375 0.0849609375
0 0.43359375 0.130859375 0.087890625 0.0927734375
0 0.9248046875 0.037109375 0.14453125 0.0703125
0 0.5400390625 0.5205078125 0.1875 0.16796875
0 0.8525390625 0.1357421875 0.123046875 0.16015625
0 0.326171875 0.791015625 0.1103515625 0.109375