0 0.1987847222222222 0.39290364583333337 0.193359375 0.16493055555555558
0 0.6412398726851852 0.5070167824074074 0.24052372685185186 0.2231626157407407
0 0.6730685763888888 0.6558159722222222 0.20956307870370372 0.1733217592592593
0 0.80859375 0.8114872685185185 0.248046875 0.21954571759259256
0 0.5051359953703703 0.6221064814814814 0.1591435185185186 0.15002893518518512
0 0.35076678240740744 0.5762080439814815 0.14612268518518512 0.13201678240740744
0 0.34986255787037035 0.8382161458333333 0.1640625 0.16384548611111116
0 0.08553964120370369 0.7528935185185186 0.17107928240740738 0.18229166666666652
0 0.07477936921296297 0.45164207175925924 0.14955873842592593 0.18200231481481477
0 0.44382957175925924 0.9369936342592593 0.15299479166666663 0.09331597222222232
0 0.22703269675925924 0.07729311342592593 0.21375868055555558 0.1247829861111111
0 0.0648509837962963 0.9248408564814814 0.1297019675925926 0.14525462962962976
0 0.17715567129629628 0.9741391782407407 0.1665219907407407 0.03927951388888884