0 0.30078125 0.2587890625 0.1572265625 0.20703125
0 0.6396484375 0.833984375 0.2099609375 0.1875
0 0.4345703125 0.8798828125 0.1650390625 0.169921875
0 0.7041015625 0.5166015625 0.212890625 0.2275390625
0 0.8759765625 0.6748046875 0.1328125 0.1552734375
0 0.0654296875 0.72265625 0.1298828125 0.2802734375
0 0.052734375 0.3359375 0.10546875 0.1728515625
0 0.791015625 0.169921875 0.1728515625 0.1845703125
0 0.8525390625 0.3359375 0.169921875 0.16796875
0 0.9453125 0.513671875 0.10546875 0.16796875
0 0.681640625 0.0634765625 0.1376953125 0.1171875
0 0.5078125 0.173828125 0.1201171875 0.1572265625
0 0.46484375 0.587890625 0.2177734375 0.208984375
0 0.2373046875 0.591796875 0.1328125 0.1513671875
0 0.115234375 0.5419921875 0.146484375 0.126953125
0 0.27734375 0.73828125 0.203125 0.1650390625
0 0.318359375 0.953125 0.125 0.09375
0 0.189453125 0.8994140625 0.1640625 0.13671875
0 0.6240234375 0.9658203125 0.1201171875 0.068359375
0 0.802734375 0.8515625 0.078125 0.095703125
0 0.115234375 0.0869140625 0.09765625 0.12109375
0 0.2744140625 0.0546875 0.1865234375 0.1083984375
0 0.927734375 0.0908203125 0.14453125 0.181640625
0 0.6142578125 0.2314453125 0.1337890625 0.1201171875
0 0.5244140625 0.3857421875 0.1181640625 0.1201171875
0 0.0400390625 0.0380859375 0.080078125 0.076171875
0 0.8818359375 0.890625 0.1005859375 0.09765625
0 0.064453125 0.9033203125 0.1240234375 0.138671875
0 0.2919921875 0.42578125 0.0908203125 0.0888671875
0 0.787109375 0.0234375 0.0625 0.046875
0 0.0302734375 0.4560546875 0.060546875 0.0732421875
0 0.1875 0.40625 0.068359375 0.0693359375
0 0.4130859375 0.30078125 0.130859375 0.1533203125