0 0.12571976273148147 0.39110243055555555 0.25143952546296294 0.26883680555555556
0 0.04035734953703704 0.2109375 0.08071469907407408 0.1796875
0 0.13891782407407408 0.8592230902777778 0.27783564814814815 0.28155381944444446
0 0.9010127314814815 0.8556640625 0.115335648148148 0.23693576388888893
0 0.2968605324074074 0.9616536458333333 0.20833333333333337 0.0766927083333333
0 0.7250578703703703 0.3220486111111111 0.2158564814814814 0.22387152777777775
0 0.8759910300925926 0.27000868055555555 0.1850694444444445 0.23029513888888886
0 0.4335141782407408 0.3345486111111111 0.20584490740740735 0.18641493055555558
0 0.41908275462962963 0.4954644097222222 0.21469907407407418 0.20434027777777775
0 0.759056712962963 0.7396918402777778 0.23252314814814823 0.2421440972222222
0 0.13795572916666668 0.9868489583333333 0.17177372685185183 0.026302083333333393
0 0.4645037615740741 0.14205729166666667 0.29755497685185184 0.2547743055555555
0 0.025202546296296296 0.12035590277777777 0.05040509259259259 0.09618055555555555
0 0.056318721064814815 0.6556857638888889 0.11263744212962963 0.2015625000000001
0 0.48389033564814815 0.9907986111111111 0.15661168981481477 0.018402777777777768
0 0.6677879050925926 0.9664930555555555 0.16076388888888893 0.06701388888888893
0 0.8154369212962963 0.9448784722222223 0.15410879629629637 0.10230034722222214
0 0.6037181712962962 0.48604600694444444 0.16231192129629646 0.20785590277777777
0 0.2312282986111111 0.24526909722222223 0.1739149305555555 0.20642361111111107
0 0.9107783564814815 0.4595486111111111 0.13839699074074074 0.16588541666666656
0 0.6306785300925926 0.04761284722222223 0.08629918981481488 0.04279513888888889
0 0.8821976273148149 0.1322265625 0.12092013888888875 0.13394097222222223
0 0.21548032407407408 0.6597222222222222 0.12770543981481486 0.14982638888888888
0 0.44993489583333335 0.6192274305555556 0.10172164351851842 0.10581597222222205
0 0.3544560185185185 0.8920789930555555 0.1449218750000001 0.11163194444444446
0 0.7774811921296296 0.5113932291666667 0.1821759259259259 0.18146701388888875