0 0.3095703125 0.3388671875 0.1552734375 0.142578125
0 0.19140625 0.427734375 0.1923828125 0.1845703125
0 0.572265625 0.861328125 0.169921875 0.15234375
0 0.4326171875 0.9384765625 0.259765625 0.1171875
0 0.9248046875 0.40625 0.14453125 0.15234375
0 0.552734375 0.25 0.23046875 0.1748046875
0 0.0615234375 0.1064453125 0.1220703125 0.212890625
0 0.630859375 0.5234375 0.1923828125 0.1826171875
0 0.2587890625 0.037109375 0.142578125 0.07421875
0 0.900390625 0.1826171875 0.08984375 0.0751953125
0 0.798828125 0.255859375 0.177734375 0.16796875
0 0.193359375 0.896484375 0.09765625 0.1123046875
0 0.494140625 0.5234375 0.1279296875 0.162109375
0 0.0654296875 0.5498046875 0.1298828125 0.1796875
0 0.369140625 0.142578125 0.1865234375 0.1865234375
0 0.416015625 0.77734375 0.2314453125 0.2265625
0 0.080078125 0.90234375 0.16015625 0.19140625
0 0.1474609375 0.8212890625 0.146484375 0.1083984375
0 0.232421875 0.6328125 0.1591796875 0.2060546875
0 0.4033203125 0.6083984375 0.1748046875 0.1474609375
0 0.61328125 0.70703125 0.14453125 0.1904296875
0 0.7119140625 0.767578125 0.1328125 0.15625
0 0.80078125 0.646484375 0.1396484375 0.1640625
0 0.8359375 0.7275390625 0.109375 0.1357421875
0 0.935546875 0.6572265625 0.12890625 0.224609375
0 0.173828125 0.16015625 0.1494140625 0.1513671875
0 0.521484375 0.056640625 0.1328125 0.1123046875
0 0.7080078125 0.1201171875 0.1142578125 0.1513671875
0 0.7841796875 0.048828125 0.1171875 0.09765625
0 0.8515625 0.8447265625 0.12109375 0.095703125
0 0.7333984375 0.9580078125 0.185546875 0.083984375
0 0.0869140625 0.71875 0.173828125 0.158203125
0 0.7275390625 0.3779296875 0.208984375 0.171875