0 0.6758246527777778 0.27426215277777777 0.1953125 0.1855034722222222
0 0.8183376736111111 0.3314742476851852 0.24444444444444446 0.2387152777777778
0 0.5494357638888889 0.8661458333333334 0.21154513888888893 0.19998553240740735
0 0.7052083333333333 0.8913483796296297 0.28784722222222214 0.1630208333333334
0 0.09572482638888888 0.5020616319444444 0.15464409722222222 0.19118923611111116
0 0.41050347222222217 0.25082465277777777 0.27960069444444446 0.24053819444444446
0 0.8576171875 0.05010850694444444 0.1566406250000001 0.10021701388888889
0 0.40297309027777783 0.5438802083333333 0.24240451388888884 0.23666087962962967
0 0.6504557291666666 0.008651620370370369 0.16028645833333321 0.017303240740740737
0 0.055251736111111116 0.27413917824074074 0.09019097222222222 0.10015914351851851
0 0.1660373263888889 0.32222945601851855 0.22404513888888888 0.21817129629629628
0 0.9362630208333333 0.8000434027777777 0.1274739583333333 0.1411458333333333
0 0.5403428819444445 0.5073929398148148 0.17256944444444433 0.19991319444444433
0 0.9437065972222223 0.42121672453703707 0.11258680555555545 0.21176215277777777
0 0.5660590277777777 0.10757016782407407 0.2386718750000001 0.21514033564814813
0 0.6837890625 0.7397641782407407 0.29357638888888893 0.2919270833333334
0 0.9719401041666667 0.7658564814814814 0.056119791666666696 0.20572916666666652
0 0.9371961805555555 0.7119646990740741 0.12560763888888893 0.14872685185185186
0 0.8298394097222221 0.5462167245370371 0.21584201388888902 0.2528211805555556
0 0.6526692708333333 0.5681278935185186 0.21527777777777768 0.1962818287037038
0 0.46866319444444443 0.722533275462963 0.19739583333333333 0.2323784722222222
0 0.3853949652777778 0.8090711805555555 0.1762152777777778 0.19425636574074057
0 0.2656032986111111 0.7125072337962963 0.18446180555555558 0.20442708333333348
0 0.25201822916666666 0.8032624421296296 0.14578993055555556 0.16734664351851847
0 0.14025607638888887 0.7552228009259259 0.1772135416666667 0.26056134259259256
0 0.7661458333333333 0.07882306134259259 0.19184027777777768 0.15764612268518519
0 0.391796875 0.061798321759259256 0.16436631944444446 0.12359664351851851
0 0.22159288194444446 0.16273871527777778 0.15633680555555557 0.18543113425925928
0 0.12736545138888888 0.11281105324074073 0.14405381944444445 0.12828414351851852
0 0.2661458333333333 0.922923900462963 0.1480468749999999 0.1304398148148147
0 0.4087673611111111 0.9605541087962963 0.20104166666666656 0.051345486111111116
0 0.9447699652777778 0.5942201967592593 0.11046006944444442 0.19839409722222223
0 0.26851128472222224 0.42556423611111105 0.2577690972222222 0.23161168981481484