0 0.376953125 0.90234375 0.2138671875 0.189453125
0 0.6650390625 0.7529296875 0.140625 0.1259765625
0 0.2470703125 0.9677734375 0.06640625 0.0517578125
0 0.7421875 0.1416015625 0.142578125 0.126953125
0 0.03515625 0.634765625 0.0703125 0.1630859375
0 0.4033203125 0.3115234375 0.306640625 0.23046875
0 0.935546875 0.3125 0.12890625 0.28125
0 0.958984375 0.5185546875 0.08203125 0.142578125
0 0.6044921875 0.8623046875 0.1494140625 0.15234375
0 0.8564453125 0.189453125 0.123046875 0.138671875
0 0.1767578125 0.779296875 0.1728515625 0.1845703125
0 0.9462890625 0.072265625 0.107421875 0.14453125
0 0.7001953125 0.2919921875 0.236328125 0.19921875
0 0.65234375 0.0556640625 0.140625 0.111328125
0 0.025390625 0.96484375 0.046875 0.0703125
0 0.1669921875 0.5703125 0.228515625 0.2548828125
0 0.7548828125 0.01953125 0.158203125 0.0390625
0 0.9287109375 0.6728515625 0.1259765625 0.1630859375
0 0.2275390625 0.9736328125 0.078125 0.0478515625
0 0.5234375 0.4951171875 0.115234375 0.1181640625
0 0.0830078125 0.1640625 0.166015625 0.15625
0 0.837890625 0.5458984375 0.134765625 0.1435546875
0 0.7216796875 0.4794921875 0.11328125 0.1318359375
0 0.6357421875 0.53515625 0.0947265625 0.1484375
0 0.19140625 0.3408203125 0.12109375 0.16015625
0 0.9150390625 0.9541015625 0.1689453125 0.091796875