0 0.6721571180555556 0.13841145833333335 0.3509982638888889 0.2768229166666667
0 0.07688078703703703 0.22428385416666666 0.15376157407407406 0.3014322916666667
0 0.15670572916666667 0.9281250000000001 0.16954571759259257 0.13020833333333348
0 0.20624276620370371 0.7035807291666667 0.2864728009259259 0.2608072916666666
0 0.8397497106481482 0.76953125 0.27952835648148144 0.2895833333333333
0 0.40595341435185184 0.8052734374999999 0.304759837962963 0.3516927083333332
0 0.04453125 0.5454427083333333 0.0890625 0.2606770833333334
0 0.8030960648148149 0.39479166666666665 0.19547164351851842 0.2157552083333334
0 0.35067274305555557 0.5 0.15944733796296295 0.1841145833333333
0 0.17739438657407405 0.4930338541666667 0.3014178240740741 0.3046875
0 0.2243995949074074 0.15738932291666666 0.2725260416666667 0.3147786458333333
0 0.9074363425925926 0.1626953125 0.14045138888888875 0.26666666666666666
0 0.5007523148148147 0.33600260416666666 0.2046006944444443 0.19492187500000002
0 0.5102647569444445 0.5741536458333334 0.23453414351851842 0.2183593749999999