0 0.18196614583333334 0.30505642361111107 0.21575520833333334 0.2569010416666666
0 0.1296875 0.6016493055555556 0.1958333333333333 0.25017361111111125
0 0.2930989583333333 0.7014105902777777 0.15937500000000004 0.14144965277777777
0 0.9161458333333333 0.8422743055555556 0.16770833333333335 0.22990451388888888
0 0.7262369791666666 0.5824001736111111 0.251953125 0.15724826388888902
0 0.6716145833333333 0.7269965277777778 0.2134114583333333 0.2217447916666666
0 0.5016276041666667 0.1488715277777778 0.2710937499999999 0.21067708333333335
0 0.19166666666666668 0.10004340277777778 0.19973958333333336 0.19192708333333333
0 0.06236979166666667 0.146875 0.10377604166666667 0.21297743055555557
0 0.6841145833333333 0.11121961805555555 0.19401041666666652 0.16440972222222222
0 0.9301432291666667 0.15553385416666668 0.1397135416666666 0.14891493055555555
0 0.7496744791666667 0.30594618055555556 0.24205729166666679 0.24249131944444446
0 0.5684895833333333 0.8450954861111111 0.13593750000000004 0.14040798611111116
0 0.4525390625 0.8584418402777778 0.1567708333333333 0.19001736111111112
0 0.15377604166666667 0.8169270833333333 0.215625 0.2549479166666666
0 0.2811197916666667 0.95634765625 0.19518229166666667 0.08730468750000009
0 0.9839192708333333 0.9966579861111111 0.03216145833333339 0.006684027777777768
0 0.421484375 0.6555121527777779 0.18489583333333326 0.26137152777777795
0 0.5650390625 0.3990017361111111 0.2240885416666667 0.2358506944444445
0 0.3645833333333333 0.37159288194444445 0.18346354166666667 0.21067708333333335
0 0.9640625 0.6212456597222222 0.07187499999999991 0.21358506944444455
0 0.33723958333333337 0.063671875 0.18619791666666674 0.10564236111111111
0 0.7651041666666667 0.9135850694444445 0.2359374999999999 0.17282986111111098
0 0.60078125 0.9503255208333333 0.19348958333333321 0.09934895833333335
0 0.9249348958333333 0.45926649305555556 0.15013020833333335 0.16336805555555567
0 0.8296875 0.11866319444444445 0.13671875 0.1521267361111111