0 0.88671875 0.3466796875 0.2041015625 0.2568359375
0 0.5625 0.951171875 0.107421875 0.09765625
0 0.443359375 0.763671875 0.171875 0.205078125
0 0.3310546875 0.0771484375 0.1787109375 0.1416015625
0 0.4111328125 0.1767578125 0.1875 0.193359375
0 0.80078125 0.1591796875 0.298828125 0.21484375
0 0.4609375 0.4482421875 0.142578125 0.1767578125
0 0.2265625 0.255859375 0.1533203125 0.2294921875
0 0.9296875 0.9462890625 0.126953125 0.10546875
0 0.818359375 0.853515625 0.13671875 0.1572265625
0 0.0751953125 0.4033203125 0.14453125 0.2236328125
0 0.5673828125 0.044921875 0.22265625 0.0888671875
0 0.212890625 0.02734375 0.1298828125 0.0546875
0 0.19921875 0.716796875 0.3427734375 0.298828125
0 0.544921875 0.2548828125 0.1279296875 0.1015625
0 0.044921875 0.908203125 0.0888671875 0.15625
0 0.2001953125 0.951171875 0.1318359375 0.0908203125
0 0.025390625 0.7431640625 0.0478515625 0.1650390625
0 0.705078125 0.935546875 0.15625 0.12890625
0 0.337890625 0.4873046875 0.109375 0.1220703125
0 0.4130859375 0.9091796875 0.1337890625 0.130859375
0 0.328125 0.359375 0.130859375 0.119140625
0 0.720703125 0.37890625 0.138671875 0.142578125
0 0.357421875 0.6005859375 0.1279296875 0.1552734375
0 0.20703125 0.4755859375 0.1416015625 0.125
0 0.75390625 0.638671875 0.1044921875 0.1201171875
0 0.78515625 0.0322265625 0.18359375 0.0634765625
0 0.9755859375 0.0556640625 0.048828125 0.111328125
0 0.951171875 0.7998046875 0.095703125 0.181640625
0 0.9326171875 0.0263671875 0.107421875 0.052734375
0 0.29296875 0.869140625 0.140625 0.1513671875
0 0.603515625 0.6357421875 0.244140625 0.203125
0 0.623046875 0.802734375 0.21875 0.181640625
0 0.890625 0.5986328125 0.21875 0.26171875
0 0.1201171875 0.1767578125 0.240234375 0.205078125
0 0.0732421875 0.052734375 0.1455078125 0.10546875
0 0.587890625 0.3564453125 0.14453125 0.15234375