0 0.0947265625 0.33203125 0.1796875 0.1953125
0 0.72265625 0.650390625 0.2099609375 0.21484375
0 0.4921875 0.666015625 0.1396484375 0.1875
0 0.15625 0.7646484375 0.2021484375 0.23046875
0 0.8564453125 0.861328125 0.2275390625 0.212890625
0 0.5673828125 0.919921875 0.2001953125 0.1552734375
0 0.06640625 0.9609375 0.107421875 0.072265625
0 0.0361328125 0.888671875 0.072265625 0.142578125
0 0.56640625 0.0947265625 0.142578125 0.1650390625
0 0.681640625 0.3359375 0.1728515625 0.2021484375
0 0.3173828125 0.18359375 0.26953125 0.3076171875
0 0.041015625 0.150390625 0.08203125 0.1201171875
0 0.5078125 0.287109375 0.134765625 0.150390625
0 0.8896484375 0.55078125 0.21484375 0.2470703125
0 0.9501953125 0.2548828125 0.0947265625 0.1748046875
0 0.7841796875 0.1201171875 0.287109375 0.2197265625
0 0.9111328125 0.044921875 0.1220703125 0.08984375
0 0.2548828125 0.5146484375 0.1904296875 0.1904296875
0 0.552734375 0.4375 0.16015625 0.134765625
0 0.2744140625 0.8427734375 0.171875 0.1904296875
0 0.3271484375 0.1962890625 0.29296875 0.298828125
0 0.1318359375 0.1015625 0.201171875 0.2021484375
0 0.80859375 0.2841796875 0.169921875 0.1494140625
0 0.0908203125 0.4736328125 0.1806640625 0.1279296875
0 0.0478515625 0.5888671875 0.095703125 0.16796875