0 0.09074797453703703 0.403197337962963 0.18149594907407407 0.23998842592592595
0 0.7917824074074074 0.7288194444444445 0.2538483796296296 0.26892361111111107
0 0.5385561342592593 0.7557436342592593 0.17349537037037033 0.22766203703703702
0 0.17815393518518519 0.8678313078703703 0.2461226851851852 0.26433738425925934
0 0.907566550925926 0.9130714699074074 0.17326388888888888 0.1738570601851852
0 0.6404079861111112 0.9664858217592592 0.22725694444444455 0.06702835648148153
0 0.06315827546296296 0.9667317708333334 0.07081886574074076 0.06653645833333321
0 0.5696108217592593 0.12429832175925926 0.1732783564814815 0.19836516203703702
0 0.7181351273148149 0.38404947916666665 0.21076388888888875 0.2510706018518518
0 0.3040870949074074 0.2287398726851852 0.33083043981481475 0.3822482638888889
0 0.023922164351851852 0.20341435185185186 0.047844328703703705 0.14120370370370372
0 0.5221209490740741 0.33676215277777777 0.16537905092592586 0.18624131944444444
0 0.9167028356481481 0.6141565393518518 0.16031539351851842 0.2933593750000001
0 0.9650607638888888 0.2845052083333333 0.04246238425925908 0.19743923611111114
0 0.8077329282407407 0.15813802083333334 0.33375289351851856 0.24963831018518523
0 0.9187282986111112 0.07694589120370371 0.08832465277777768 0.06315104166666669
0 0.2652054398148148 0.5979600694444445 0.22824074074074074 0.2383101851851852
0 0.5853877314814815 0.5002604166666667 0.19066840277777786 0.17388599537037042
0 0.31061921296296297 0.9186559606481481 0.20636574074074077 0.16268807870370372
0 0.31668113425925926 0.24307002314814816 0.35421006944444444 0.3756510416666667
0 0.10537471064814814 0.1490234375 0.21074942129629629 0.247265625
0 0.8534215856481482 0.3207248263888889 0.20251736111111107 0.19207175925925923
0 0.09199942129629629 0.5556423611111111 0.18399884259259258 0.1659722222222222
0 0.052567997685185185 0.6846281828703704 0.10298032407407408 0.1966724537037039