0 0.08589409722222222 0.37369791666666663 0.17178819444444443 0.22135416666666674
0 0.7299262152777778 0.6025028935185185 0.23790509259259252 0.24696180555555558
0 0.49982638888888886 0.6520182291666667 0.1631655092592592 0.2090567129629628
0 0.1706814236111111 0.798900462962963 0.23029513888888886 0.2603443287037037
0 0.8725260416666667 0.7934027777777777 0.23399884259259274 0.24681712962962976
0 0.5987630208333333 0.8913845486111112 0.21934317129629632 0.17990451388888884
0 0.09772135416666668 0.9802155671296297 0.11569733796296297 0.03551793981481488
0 0.06429398148148148 0.9307002314814815 0.0839988425925926 0.13585069444444442
0 0.5221064814814815 0.0816333912037037 0.16281828703703694 0.1632667824074074
0 0.6603226273148148 0.2937282986111111 0.19662905092592586 0.22786458333333337
0 0.28017939814814813 0.19361255787037038 0.307740162037037 0.34910300925925924
0 0.02341579861111111 0.19831452546296297 0.04683159722222222 0.13071469907407407
0 0.48108362268518523 0.2701099537037037 0.1547743055555555 0.16970486111111116
0 0.8800998263888888 0.47981770833333337 0.22863136574074083 0.2798032407407407
0 0.9217086226851852 0.17473234953703703 0.11407696759259256 0.18967013888888884
0 0.7425347222222223 0.09751157407407407 0.31571180555555545 0.19502314814814814
0 0.862890625 0.011610243055555554 0.13359374999999996 0.02322048611111111
0 0.2478153935185185 0.5334924768518519 0.21406250000000004 0.21875
0 0.5394603587962963 0.41435185185185186 0.17608506944444446 0.15878182870370372
0 0.29765625 0.8586154513888888 0.19645543981481484 0.21614583333333348
0 0.29074797453703705 0.20493344907407407 0.3310619212962963 0.34215856481481477
0 0.09742476851851851 0.13798466435185186 0.19484953703703703 0.22793692129629628
0 0.7833478009259259 0.22475405092592593 0.1899884259259259 0.17491319444444442
0 0.08753616898148148 0.5132378472222222 0.17507233796296295 0.15321180555555558
0 0.05160590277777778 0.6345847800925926 0.10321180555555556 0.1817129629629628