0 0.162109375 0.3212890625 0.1845703125 0.232421875
0 0.0927734375 0.61328125 0.1845703125 0.2275390625
0 0.2578125 0.697265625 0.1396484375 0.125
0 0.8916015625 0.7841796875 0.212890625 0.20703125
0 0.6796875 0.548828125 0.23046875 0.1328125
0 0.6220703125 0.6923828125 0.1845703125 0.2001953125
0 0.4765625 0.14453125 0.2421875 0.1845703125
0 0.177734375 0.1162109375 0.1748046875 0.1875
0 0.0458984375 0.1767578125 0.091796875 0.201171875
0 0.6533203125 0.0849609375 0.1728515625 0.1650390625
0 0.9013671875 0.119140625 0.142578125 0.1328125
0 0.7109375 0.2783203125 0.212890625 0.2177734375
0 0.5185546875 0.8154296875 0.1171875 0.125
0 0.40625 0.8359375 0.1328125 0.1728515625
0 0.1064453125 0.8203125 0.212890625 0.23046875
0 0.2373046875 0.9541015625 0.1796875 0.087890625
0 0.9501953125 0.9638671875 0.0947265625 0.0673828125
0 0.3828125 0.642578125 0.1552734375 0.240234375
0 0.5302734375 0.3837890625 0.1953125 0.212890625
0 0.3359375 0.3720703125 0.1572265625 0.1904296875
0 0.94140625 0.56640625 0.1123046875 0.197265625
0 0.3203125 0.060546875 0.169921875 0.12109375
0 0.7080078125 0.8974609375 0.208984375 0.205078125
0 0.5478515625 0.9384765625 0.17578125 0.123046875
0 0.8857421875 0.4130859375 0.1494140625 0.146484375
0 0.7939453125 0.080078125 0.119140625 0.16015625