0 0.7373046875 0.8943033854166667 0.2578125 0.2113932291666667
0 0.4130859375 0.8283203125 0.173828125 0.17565104166666679
0 0.884765625 0.953515625 0.076171875 0.061718750000000044
0 0.1728515625 0.225390625 0.17578125 0.17578125
0 0.9755859375 0.5826171875 0.048828125 0.17903645833333326
0 0.5556640625 0.32903645833333334 0.3671875 0.3369791666666667
0 0.0634765625 0.4378255208333333 0.126953125 0.32096354166666663
0 0.0615234375 0.649609375 0.11328125 0.16966145833333335
0 0.5029296875 0.9130208333333334 0.189453125 0.17395833333333321
0 0.0751953125 0.2950520833333333 0.150390625 0.17994791666666665
0 0.8974609375 0.7570963541666667 0.205078125 0.244140625
0 0.2548828125 0.3685546875 0.2890625 0.28098958333333335
0 0.240234375 0.1224609375 0.166015625 0.14973958333333331
0 0.8564453125 0.5424479166666667 0.287109375 0.3335937499999999
0 0.126953125 0.10807291666666667 0.166015625 0.08528645833333334
0 0.1279296875 0.8005208333333333 0.16796875 0.2065104166666667
0 0.9052734375 0.9529296875 0.0859375 0.056510416666666785
0 0.484375 0.5391276041666666 0.146484375 0.158203125
0 0.82421875 0.13404947916666665 0.18359375 0.1704427083333333
0 0.1845703125 0.6529296875 0.171875 0.19114583333333335
0 0.283203125 0.5638020833333333 0.1484375 0.17200520833333321
0 0.3828125 0.6026692708333333 0.1328125 0.1807291666666666
0 0.7744140625 0.3162760416666667 0.1640625 0.20234375000000004