0 0.7197265625 0.177734375 0.26953125 0.3154296875
0 0.1103515625 0.1884765625 0.2197265625 0.2421875
0 0.1552734375 0.880859375 0.1298828125 0.15234375
0 0.23046875 0.65625 0.23046875 0.1875
0 0.794921875 0.869140625 0.2236328125 0.26171875
0 0.396484375 0.80859375 0.224609375 0.3046875
0 0.0625 0.4765625 0.125 0.22265625
0 0.80078125 0.49609375 0.1494140625 0.1650390625
0 0.3837890625 0.5 0.1201171875 0.142578125
0 0.228515625 0.458984375 0.2353515625 0.2265625
0 0.3115234375 0.1533203125 0.205078125 0.2685546875
0 0.9384765625 0.3076171875 0.123046875 0.224609375
0 0.537109375 0.3828125 0.1630859375 0.142578125
0 0.517578125 0.6005859375 0.1875 0.158203125