0 0.8682436342592592 0.4779803240740741 0.2466145833333333 0.2953703703703703
0 0.8454861111111112 0.7838107638888889 0.23259548611111125 0.2828414351851851
0 0.6674551504629629 0.8163049768518519 0.17863136574074057 0.1724103009259259
0 0.07662760416666667 0.6983940972222222 0.15325520833333334 0.27178819444444446
0 0.29334490740740743 0.532935474537037 0.2694010416666667 0.208984375
0 0.3081886574074074 0.6922960069444444 0.243677662037037 0.2620515046296297
0 0.6151982060185185 0.2027633101851852 0.2983651620370371 0.2652922453703704
0 0.8998263888888889 0.2705005787037037 0.19444444444444442 0.24548611111111107
0 0.9741970486111111 0.36882233796296293 0.03968460648148153 0.2207175925925926
0 0.45655381944444445 0.10923032407407408 0.2197048611111111 0.17679398148148148
0 0.20245225694444444 0.0677589699074074 0.18103298611111113 0.12186053240740741
0 0.342578125 0.2580222800925926 0.27763310185185186 0.28940972222222217
0 0.37407407407407406 0.8458767361111111 0.15502025462962965 0.16516203703703702
0 0.4790147569444444 0.8970920138888889 0.18386863425925926 0.20581597222222214
0 0.7712890625 0.9163917824074075 0.25808738425925926 0.16721643518518503
0 0.5597077546296296 0.721875 0.2270254629629629 0.29225983796296306
0 0.49138454861111114 0.4194516782407407 0.2578125 0.27848668981481484
0 0.6854817708333334 0.47204137731481477 0.21391782407407423 0.2446903935185185
0 0.05829716435185185 0.46567563657407407 0.1165943287037037 0.23213252314814814
0 0.7941478587962962 0.1722800925925926 0.20402199074074057 0.17391493055555557
0 0.16945167824074076 0.8513599537037038 0.2608506944444444 0.24942129629629628
0 0.314453125 0.9324688946759259 0.20350115740740737 0.13506221064814827
0 0.13101851851851853 0.3325520833333333 0.19299768518518523 0.19665798611111107
0 0.31768663194444446 0.07458767361111111 0.16150173611111107 0.120703125