0 0.8173828125 0.3076171875 0.2001953125 0.2099609375
0 0.923828125 0.1220703125 0.1474609375 0.14453125
0 0.8662109375 0.7578125 0.2373046875 0.240234375
0 0.0859375 0.85546875 0.171875 0.22265625
0 0.71875 0.9208984375 0.177734375 0.15234375
0 0.24609375 0.31640625 0.162109375 0.177734375
0 0.08203125 0.2861328125 0.1640625 0.189453125
0 0.5185546875 0.29296875 0.162109375 0.1396484375
0 0.5498046875 0.44140625 0.1650390625 0.1572265625
0 0.259765625 0.7099609375 0.1748046875 0.1904296875
0 0.8720703125 0.93359375 0.150390625 0.1279296875
0 0.4677734375 0.1083984375 0.232421875 0.208984375
0 0.9296875 0.0380859375 0.1376953125 0.0732421875
0 0.935546875 0.544921875 0.12890625 0.16796875
0 0.5458984375 0.9599609375 0.142578125 0.080078125
0 0.37109375 0.9482421875 0.138671875 0.103515625
0 0.23046875 0.9375 0.12890625 0.125
0 0.376953125 0.455078125 0.11328125 0.171875
0 0.6982421875 0.185546875 0.1240234375 0.16796875
0 0.0693359375 0.46875 0.138671875 0.134765625
0 0.30078125 0.03125 0.0693359375 0.0625
0 0.068359375 0.16015625 0.1142578125 0.107421875
0 0.7568359375 0.5703125 0.0927734375 0.1220703125
0 0.5341796875 0.560546875 0.076171875 0.0830078125
0 0.65234375 0.8037109375 0.1181640625 0.080078125
0 0.2177734375 0.5 0.138671875 0.1416015625