0 0.6363859953703703 0.20959924768518517 0.21413483796296306 0.26490162037037035
0 0.37680844907407407 0.8693938078703705 0.2699652777777779 0.2534722222222223
0 0.6094184027777778 0.8984555844907407 0.21591435185185182 0.2030888310185186
0 0.24477719907407408 0.5181568287037037 0.28010706018518516 0.2989728009259258
0 0.10847077546296297 0.7035951967592593 0.13256655092592595 0.19270833333333348
0 0.9421440972222221 0.7124204282407407 0.11571180555555571 0.3365885416666665
0 0.9232494212962963 0.28240740740740744 0.14725115740740735 0.21325231481481488
0 0.09908854166666667 0.14742476851851852 0.1943287037037037 0.22063078703703703
0 0.0839916087962963 0.3253038194444444 0.1452980324074074 0.21310763888888884
0 0.19105902777777778 0.06376591435185186 0.15682870370370372 0.06025752314814814
0 0.39378616898148144 0.12742332175925927 0.16412037037037042 0.20088252314814814
0 0.5206452546296296 0.5852864583333333 0.28300057870370376 0.2797309027777777
0 0.7712311921296295 0.5775824652777778 0.17563657407407396 0.19784432870370372
0 0.8954644097222222 0.5157696759259259 0.1860387731481481 0.1733217592592593
0 0.7544994212962963 0.7426938657407407 0.2569299768518518 0.22721354166666652
0 0.7522569444444445 0.9588396990740741 0.15636574074074083 0.08232060185185186
0 0.8831741898148149 0.9116572627314815 0.20813078703703702 0.17668547453703698
0 0.4194227430555556 0.9807942708333333 0.14376446759259265 0.03841145833333348
0 0.20120081018518518 0.8972439236111112 0.1056857638888889 0.12456597222222232
0 0.8159360532407407 0.07016782407407408 0.1162471064814814 0.028067129629629622
0 0.2884114583333333 0.19646990740740738 0.1718605324074074 0.1625434027777778
0 0.41673177083333335 0.36357060185185186 0.15418113425925928 0.15928819444444442
0 0.1383029513888889 0.9396158854166667 0.0978732638888889 0.12076822916666652
0 0.9697916666666666 0.910228587962963 0.060416666666666785 0.17534722222222232
0 0.6791594328703703 0.39662905092592593 0.11895254629629637 0.11776620370370372
0 0.9657298900462963 0.41232638888888895 0.06854021990740744 0.0932436342592593
0 0.7895399305555556 0.36783854166666663 0.09039351851851851 0.0923032407407407
0 0.5224392361111111 0.26341869212962965 0.17563657407407418 0.19784432870370372