0 0.091796875 0.36221788194444443 0.18359375 0.28728298611111114
0 0.44921875 0.9616970486111112 0.1171875 0.05924479166666652
0 0.568359375 0.7793619791666666 0.1953125 0.23480902777777768
0 0.650390625 0.056380208333333334 0.19921875 0.11276041666666667
0 0.5703125 0.1465060763888889 0.212890625 0.22348090277777777
0 0.158203125 0.15859375 0.31640625 0.253125
0 0.5322265625 0.4412977430555556 0.162109375 0.20086805555555554
0 0.7724609375 0.21623263888888888 0.177734375 0.2578559027777778
0 0.0751953125 0.9739149305555556 0.103515625 0.051128472222222276
0 0.169921875 0.9044270833333333 0.154296875 0.1792100694444445
0 0.9296875 0.36312934027777777 0.140625 0.25117187500000004
0 0.396484375 0.03502604166666667 0.2421875 0.07005208333333333
0 0.775390625 0.002907986111111111 0.140625 0.005815972222222222
0 0.8173828125 0.709375 0.365234375 0.34991319444444446
0 0.431640625 0.2404079861111111 0.142578125 0.1203559027777778
0 0.9765625 0.8845486111111112 0.046875 0.1416666666666666
0 0.83984375 0.9364149305555556 0.14453125 0.06375868055555545
0 0.9931640625 0.723046875 0.013671875 0.17803819444444446
0 0.294921875 0.9524305555555556 0.171875 0.08585069444444438
0 0.666015625 0.47348090277777777 0.125 0.14144965277777777
0 0.609375 0.9210286458333333 0.1484375 0.13220486111111107
0 0.6689453125 0.3357204861111111 0.1484375 0.13806423611111107
0 0.2490234375 0.3880208333333333 0.15625 0.1636284722222222
0 0.6513671875 0.596853298611111 0.146484375 0.17708333333333348
0 0.8056640625 0.4508463541666667 0.16015625 0.14613715277777783
0 0.2275390625 0.668771701388889 0.119140625 0.13741319444444455
0 0.162109375 0.03350694444444444 0.197265625 0.05516493055555556
0 0.0478515625 0.8544053819444444 0.0703125 0.2007812499999999
0 0.03125 0.03739149305555556 0.0625 0.034592013888888884
0 0.7353515625 0.8791666666666667 0.16015625 0.17348090277777772
0 0.3896484375 0.6544270833333333 0.2734375 0.23654513888888884
0 0.3779296875 0.8353515625000001 0.24609375 0.2124999999999999
0 0.1025390625 0.6334635416666666 0.205078125 0.29557291666666674
0 0.8671875 0.12428385416666667 0.240234375 0.23971354166666667
0 0.9111328125 0.023806423611111113 0.130859375 0.04761284722222223
0 0.3896484375 0.3536458333333333 0.1640625 0.17552083333333335