0 0.23072193287037035 0.17232711226851852 0.3250868055555556 0.34465422453703703
0 0.8699725115740741 0.12156394675925926 0.22880497685185186 0.24312789351851852
0 0.8628833912037037 0.8476924189814815 0.15682870370370372 0.17939814814814814
0 0.7749565972222222 0.6149450231481481 0.26786747685185186 0.22837094907407396
0 0.17531105324074073 0.8751085069444444 0.2645399305555555 0.24385127314814814
0 0.6014539930555556 0.7969111689814815 0.2764033564814814 0.353515625
0 0.9280598958333333 0.40447771990740744 0.12044270833333348 0.25021701388888884
0 0.1547309027777778 0.5091869212962963 0.18084490740740744 0.19589120370370372
0 0.6030092592592593 0.4652777777777778 0.14662905092592604 0.16731770833333326
0 0.7691333912037037 0.4035373263888889 0.27915219907407396 0.26974826388888895
0 0.670970775462963 0.11957465277777778 0.24790219907407396 0.23914930555555555
0 0.03931568287037037 0.3196976273148148 0.07863136574074074 0.25122974537037035
0 0.43536603009259256 0.3573857060185185 0.19169560185185186 0.1728877314814814
0 0.4638671875 0.5884331597222222 0.2196903935185186 0.19147858796296302