0 0.8759186921296296 0.40936053240740744 0.24816261574074083 0.2670717592592593
0 0.9652777777777778 0.23885995370370372 0.06944444444444442 0.17447916666666663
0 0.8314887152777778 0.8648003472222222 0.27559317129629624 0.2703993055555556
0 0.06644241898148148 0.7981409143518519 0.12301793981481479 0.2642505787037037
0 0.6593605324074074 0.9574291087962963 0.20781250000000018 0.08514178240740744
0 0.28521412037037036 0.28197337962962965 0.20471643518518523 0.22236689814814814
0 0.1294921875 0.21567563657407407 0.19503761574074074 0.23372395833333337
0 0.5715711805555556 0.3228443287037037 0.19662905092592586 0.18496817129629628
0 0.5756799768518518 0.48213252314814814 0.2045717592592593 0.20283564814814814
0 0.2228153935185185 0.6887297453703703 0.2204716435185185 0.24052372685185186
0 0.8148509837962963 0.9899088541666667 0.17417534722222228 0.02018229166666652
0 0.5506510416666667 0.13462094907407407 0.28098958333333335 0.23885995370370372
0 0.9827329282407408 0.16040943287037038 0.03453414351851847 0.08138020833333331
0 0.9346354166666666 0.6760706018518519 0.13072916666666679 0.1982060185185186
0 0.4739800347222222 0.9769241898148149 0.1566984953703704 0.04615162037037024
0 0.29497974537037036 0.9413339120370371 0.15894097222222225 0.10546875
0 0.15211226851851853 0.8969907407407407 0.15322627314814813 0.12478298611111116
0 0.3938946759259259 0.45587384259259256 0.153833912037037 0.20681423611111116
0 0.7780454282407407 0.2553168402777778 0.1635850694444445 0.20522280092592593
0 0.08006365740740741 0.39641203703703703 0.15551215277777777 0.16977719907407407
0 0.3926793981481481 0.028211805555555556 0.08223379629629624 0.03038194444444444
0 0.13334780092592594 0.07718460648148148 0.1357494212962963 0.13780381944444442
0 0.7644748263888889 0.6638816550925926 0.12216435185185182 0.14901620370370372
0 0.5355613425925926 0.6017071759259259 0.09645543981481475 0.10510706018518512
0 0.6108434606481481 0.879810474537037 0.13945312500000018 0.11060474537037024
0 0.22017505787037037 0.46408420138888895 0.1731626157407407 0.1801938657407407