0 0.7178819444444444 0.234375 0.17607060185185186 0.21875
0 0.33695023148148145 0.8427734375 0.2300347222222222 0.19921875
0 0.5519386574074074 0.8916015625 0.18243634259259256 0.1796875
0 0.2810329861111111 0.5068359375 0.23357928240740744 0.2421875
0 0.0931712962962963 0.6748046875 0.14670138888888887 0.1640625
0 0.9273003472222222 0.7236328125 0.10271990740740744 0.294921875
0 0.955078125 0.31640625 0.0732060185185186 0.18359375
0 0.20279947916666669 0.140625 0.19082754629629628 0.1953125
0 0.130859375 0.31640625 0.18627025462962965 0.177734375
0 0.04311342592592592 0.5029296875 0.08622685185185185 0.177734375
0 0.32255497685185186 0.044921875 0.14785879629629628 0.08984375
0 0.5024594907407407 0.14453125 0.13317418981481488 0.16796875
0 0.5321180555555556 0.5830078125 0.23864293981481488 0.220703125
0 0.7722077546296297 0.5869140625 0.14655671296296302 0.16015625
0 0.9031032986111112 0.533203125 0.15733506944444464 0.134765625
0 0.7234881365740741 0.7421875 0.22128182870370372 0.173828125
0 0.6734664351851851 0.958984375 0.13585069444444464 0.08203125
0 0.8109447337962963 0.912109375 0.1772280092592593 0.14453125
0 0.35170717592592593 0.9716796875 0.12905092592592593 0.056640625
0 0.16341145833333334 0.861328125 0.08579282407407407 0.1015625
0 0.9227068865740741 0.056640625 0.10771122685185186 0.11328125
0 0.7554615162037037 0.037109375 0.19806134259259256 0.07421875
0 0.07029441550925926 0.0771484375 0.14058883101851852 0.15234375
0 0.3879123263888889 0.205078125 0.14532696759259256 0.126953125
0 0.4755859375 0.369140625 0.12970196759259256 0.126953125
0 0.9797453703703703 0.01953125 0.0405092592592593 0.0390625
0 0.0788845486111111 0.90234375 0.10930266203703703 0.103515625
0 0.9222005208333333 0.9140625 0.09129050925925908 0.14453125
0 0.7211009837962963 0.4111328125 0.10112847222222232 0.09375
0 0.2127097800925926 0.0048828125 0.06676793981481483 0.009765625
0 0.9749348958333333 0.439453125 0.0204716435185186 0.078125
0 0.8322120949074074 0.390625 0.07696759259259256 0.07421875
0 0.5980902777777777 0.2783203125 0.14467592592592604 0.162109375