0 0.6602647569444444 0.921144386574074 0.23987268518518512 0.15017361111111116
0 0.3392650462962963 0.7994646990740741 0.16138599537037046 0.13982928240740744
0 0.22005208333333331 0.13903356481481483 0.16341145833333337 0.141796875
0 0.9861834490740741 0.65390625 0.02763310185185186 0.17809606481481488
0 0.5976924189814815 0.3130425347222222 0.34736689814814814 0.2583622685185185
0 0.05219184027777778 0.32782841435185184 0.09150752314814815 0.3091869212962963
0 0.03707320601851852 0.552611400462963 0.03891782407407407 0.15454282407407405
0 0.4118923611111111 0.9141927083333333 0.17216435185185186 0.16724537037037046
0 0.09798177083333334 0.19268663194444444 0.1404079861111111 0.15334201388888885
0 0.8712745949074074 0.8160373263888889 0.19900173611111116 0.2064959490740741
0 0.027235243055555556 0.07599103009259259 0.053891782407407406 0.13708043981481483
0 0.2738715277777778 0.2998119212962963 0.26989293981481477 0.2226417824074074
0 0.3125 0.05089337384259259 0.15805844907407407 0.10178674768518518
0 0.8692491319444444 0.5884476273148148 0.26150173611111116 0.2831163194444444
0 0.19694010416666666 0.016124131944444446 0.17288773148148145 0.028616898148148148
0 0.07447193287037038 0.7183955439814815 0.09642650462962962 0.17839988425925934
0 0.4772858796296296 0.517115162037037 0.1337528935185185 0.1318142361111112
0 0.9215856481481481 0.14261429398148148 0.15682870370370372 0.17301793981481484
0 0.13870804398148148 0.5801866319444444 0.154296875 0.15930266203703702
0 0.2609953703703704 0.5060185185185185 0.1304253472222222 0.147410300925926
0 0.3578559027777778 0.5629340277777778 0.11147280092592593 0.16289062499999996
0 0.8292100694444444 0.3396556712962963 0.14127604166666652 0.1767795138888889
0 0.1068431712962963 0.9858072916666667 0.12601273148148148 0.028269675925925775