0 0.6589626736111112 0.3934244791666667 0.1757089120370372 0.16757812500000002
0 0.7813585069444444 0.49850260416666664 0.21846064814814814 0.21718749999999998
0 0.34635416666666663 0.92021484375 0.19176793981481488 0.1595703125000001
0 0.4936342592592593 0.9758463541666667 0.28399884259259256 0.048307291666666696
0 0.03837528935185185 0.41315104166666666 0.0767505787037037 0.171875
0 0.4029224537037037 0.2755208333333333 0.25716145833333326 0.21002604166666672
0 0.9333767361111112 0.173828125 0.1328125 0.2192708333333333
0 0.30320457175925924 0.5625651041666666 0.2183159722222222 0.2132812500000001
0 0.7311197916666667 0.083984375 0.15668402777777768 0.07473958333333333
0 0.042534722222222224 0.17311197916666665 0.08506944444444445 0.08763020833333335
0 0.13816550925925924 0.26080729166666666 0.2001591435185185 0.19648437500000004
0 0.7511574074074074 0.96875 0.11154513888888884 0.0625
0 0.4505931712962963 0.5743489583333333 0.14720775462962976 0.1871093749999999
0 0.908203125 0.6420572916666667 0.14785879629629628 0.2046874999999999
0 0.6072410300925926 0.1775390625 0.21064814814814814 0.21666666666666667
0 0.5185185185185185 0.8549479166666667 0.2630931712962963 0.2649739583333335
0 0.8729383680555556 0.9531901041666666 0.17541956018518512 0.09361979166666679
0 0.8046875 0.9259114583333333 0.1645688657407407 0.1298177083333334
0 0.7243923611111112 0.7149739583333333 0.18214699074074092 0.23619791666666656
0 0.5438006365740741 0.6745442708333333 0.19545717592592582 0.1747395833333334
0 0.31246383101851855 0.7619140625 0.16587094907407407 0.21757812500000018
0 0.2017505787037037 0.8171875 0.15082465277777773 0.17955729166666679
0 0.11382378472222222 0.6801432291666667 0.1589988425925926 0.1898437500000001
0 0.07157841435185185 0.7634765625 0.1246383101851852 0.15638020833333321
0 0.02293113425925926 0.6789713541666667 0.04586226851851852 0.2485677083333333
0 0.8163700810185185 0.21399739583333333 0.17013888888888884 0.17500000000000004
0 0.44733796296296297 0.08072916666666666 0.14829282407407407 0.11119791666666667
0 0.244140625 0.12200520833333332 0.13107638888888884 0.17239583333333333
0 0.16550925925925924 0.051171875 0.1299189814814815 0.08854166666666667
0 0.05738208912037037 0.8881510416666667 0.11476417824074074 0.11419270833333339
0 0.16984953703703703 0.9825520833333333 0.2006655092592593 0.03489583333333335
0 0.8752531828703703 0.8180338541666667 0.1919126157407407 0.18424479166666652
0 0.20847800925925924 0.39765625 0.23546006944444442 0.20273437500000002