0 0.09378616898148148 0.40747974537037035 0.18757233796296297 0.3061342592592593
0 0.48708767361111116 0.9357277199074074 0.13028067129629628 0.09454571759259256
0 0.5794270833333334 0.7333622685185185 0.22591145833333326 0.25412326388888884
0 0.5867693865740741 0.04767071759259259 0.21317997685185186 0.09534143518518517
0 0.5180483217592593 0.12612123842592593 0.2411747685185186 0.24493634259259256
0 0.14525462962962962 0.2006293402777778 0.29050925925925924 0.2901475694444444
0 0.5102719907407407 0.4150752314814815 0.189453125 0.21766493055555558
0 0.7224754050925926 0.16243489583333331 0.2129629629629628 0.27314814814814814
0 0.11487268518518519 0.9797453703703705 0.13194444444444445 0.0341435185185186
0 0.20446325231481483 0.9042607060185185 0.17831307870370372 0.1801938657407407
0 0.8937717013888888 0.27701822916666663 0.18532986111111116 0.26432291666666674
0 0.33785445601851855 0.049153645833333336 0.244140625 0.09830729166666667
0 0.796875 0.6287615740740741 0.37138310185185186 0.3901909722222223
0 0.3919994212962963 0.2380642361111111 0.1571903935185186 0.13650173611111116
0 0.8615451388888888 0.857494212962963 0.15625 0.11111111111111116
0 0.33391203703703703 0.9375 0.18721064814814814 0.1044560185185186
0 0.643482349537037 0.4257450810185185 0.14221643518518512 0.15350115740740744
0 0.6336805555555556 0.8747106481481481 0.17006655092592604 0.16818576388888884
0 0.6337890625 0.29249855324074076 0.16370081018518512 0.154296875
0 0.23072193287037035 0.4059244791666667 0.17635995370370372 0.1801215277777778
0 0.6419632523148149 0.5457537615740741 0.1709346064814814 0.19162326388888884
0 0.7767650462962963 0.3817997685185185 0.17570891203703698 0.16254340277777768
0 0.23719618055555555 0.6787471064814814 0.13621238425925924 0.1493778935185186
0 0.11111111111111112 0.08072916666666666 0.19798900462962962 0.07949942129629628
0 0.07251880787037038 0.8857421875 0.11885127314814814 0.20724826388888884
0 0.7513744212962963 0.8040364583333333 0.1825810185185186 0.19010416666666652
0 0.3936631944444444 0.6407696759259259 0.30056423611111116 0.2685908564814814
0 0.4008246527777778 0.8160445601851851 0.26830150462962954 0.24008969907407396
0 0.1174045138888889 0.6651837384259259 0.2348090277777778 0.3179253472222223
0 0.807544849537037 0.09487123842592593 0.27553530092592604 0.18974247685185186
0 0.36346209490740744 0.35029658564814814 0.1865596064814814 0.19220196759259256