0 0.30204716435185186 0.8058087384259259 0.10517939814814814 0.11111111111111116
0 0.5055338541666667 0.5976924189814814 0.13969907407407423 0.1377314814814814
0 0.5297670717592593 0.10268373842592593 0.12296006944444438 0.11566840277777779
0 0.5516710069444445 0.48737702546296297 0.12922453703703707 0.12369791666666663
0 0.6908203125000001 0.13292100694444442 0.1323929398148147 0.14720775462962965
0 0.649341724537037 0.4651692708333333 0.13054108796296315 0.14908854166666663
0 0.7775390625 0.4467230902777778 0.10076678240740744 0.10120081018518512
0 0.953490306712963 0.7293113425925926 0.09301938657407405 0.10973668981481488
0 0.340697337962963 0.6077112268518519 0.12521701388888884 0.1216001157407407
0 0.8690031828703704 0.7388237847222222 0.11895254629629637 0.11357060185185186
0 0.39035734953703705 0.6596860532407407 0.12460937500000002 0.10988136574074092
0 0.4247685185185185 0.09678819444444443 0.12757523148148153 0.1294849537037037
0 0.44171006944444446 0.2536892361111111 0.18530092592592595 0.19010416666666663
0 0.45916521990740744 0.4771050347222222 0.09480613425925921 0.09903067129629628
0 0.6437355324074074 0.8665364583333333 0.1250144675925926 0.11769386574074092
0 0.16577690972222223 0.49873408564814814 0.11535011574074072 0.11928530092592604
0 0.8953125 0.8122106481481481 0.14165219907407423 0.13780381944444442
0 0.18498987268518519 0.37865306712962965 0.1797743055555555 0.1587094907407407
0 0.937673611111111 0.5347222222222222 0.12201967592592577 0.13512731481481488
0 0.9758463541666667 0.42711950231481477 0.048307291666666696 0.15487557870370372