0 0.4814453125 0.1806640625 0.26171875 0.2578125
0 0.9130859375 0.19140625 0.15234375 0.25
0 0.4853515625 0.9169921875 0.1767578125 0.1650390625
0 0.822265625 0.775390625 0.15234375 0.1455078125
0 0.671875 0.3193359375 0.2939453125 0.3046875
0 0.1669921875 0.43359375 0.333984375 0.31640625
0 0.068359375 0.8505859375 0.126953125 0.2001953125
0 0.2783203125 0.95703125 0.2353515625 0.0859375
0 0.5966796875 0.6416015625 0.3486328125 0.3544921875
0 0.0595703125 0.0400390625 0.1181640625 0.080078125
0 0.9521484375 0.7880859375 0.095703125 0.1591796875
0 0.6845703125 0.9052734375 0.177734375 0.158203125
0 0.087890625 0.7138671875 0.17578125 0.1640625
0 0.23046875 0.1103515625 0.1240234375 0.1376953125
0 0.876953125 0.63671875 0.146484375 0.14453125