0 0.4564887152777778 0.1869140625 0.3448350694444444 0.33502604166666666
0 0.055512152777777775 0.2537760416666667 0.11102430555555555 0.30442708333333335
0 0.5989366319444445 0.926171875 0.22278645833333321 0.14765625000000004
0 0.2114800347222222 0.8698567708333333 0.19952256944444446 0.20247395833333326
0 0.2796223958333333 0.3560546875 0.3895399305555556 0.416015625
0 0.8116102430555556 0.40227864583333334 0.3701822916666666 0.42252604166666663
0 0.9634114583333333 0.8329427083333334 0.04418402777777786 0.23307291666666652
0 0.8275173611111111 0.9491861979166667 0.2641927083333333 0.10162760416666661
0 0.42571614583333334 0.6914713541666667 0.46128472222222217 0.48515624999999996
0 0.09149305555555555 0.9 0.11345486111111111 0.1908854166666667
0 0.3846788194444445 0.9365885416666666 0.22395833333333326 0.12682291666666679
0 0.9294270833333333 0.68984375 0.11779513888888893 0.21067708333333335
0 0.7108289930555556 0.0962890625 0.16037326388888884 0.10820312500000001
0 0.1256076388888889 0.7291666666666667 0.1916666666666667 0.20000000000000018