0 0.2890625 0.8271484375 0.0849609375 0.0927734375
0 0.47265625 0.630859375 0.115234375 0.115234375
0 0.4873046875 0.173828125 0.1005859375 0.095703125
0 0.5126953125 0.52734375 0.1064453125 0.1025390625
0 0.6357421875 0.197265625 0.107421875 0.1240234375
0 0.603515625 0.50390625 0.10546875 0.1259765625
0 0.720703125 0.482421875 0.0830078125 0.083984375
0 0.904296875 0.7392578125 0.1083984375 0.08984375
0 0.322265625 0.6435546875 0.1025390625 0.1015625
0 0.8095703125 0.7490234375 0.0986328125 0.09375
0 0.3681640625 0.6904296875 0.103515625 0.0908203125
0 0.3916015625 0.171875 0.1044921875 0.107421875
0 0.4091796875 0.31640625 0.15234375 0.1591796875
0 0.4287109375 0.521484375 0.0771484375 0.0830078125
0 0.60546875 0.873046875 0.1025390625 0.0966796875
0 0.1591796875 0.5498046875 0.0947265625 0.099609375
0 0.8349609375 0.8154296875 0.1162109375 0.1142578125
0 0.17578125 0.4384765625 0.1484375 0.12890625
0 0.869140625 0.5595703125 0.0986328125 0.1142578125
0 0.9453125 0.4609375 0.1064453125 0.13671875