0 0.433470775462963 0.19902343749999998 0.32103587962962954 0.31953125
0 0.861255787037037 0.14605034722222224 0.19516782407407396 0.2581597222222222
0 0.5877748842592593 0.9202690972222223 0.20954861111111112 0.15946180555555545
0 0.9032841435185186 0.7424913194444445 0.18622685185185173 0.18181423611111125
0 0.6547164351851852 0.3064453125 0.3628327546296297 0.3731770833333333
0 0.18812934027777778 0.5079210069444444 0.36699942129629626 0.39084201388888884
0 0.15713975694444443 0.9176649305555555 0.16847511574074076 0.16467013888888893
0 0.38940972222222225 0.9754340277777778 0.25081018518518516 0.049131944444444464
0 0.6470558449074074 0.6460069444444445 0.4282118055555555 0.4371093749999999
0 0.022432002314814816 0.13033854166666667 0.04243344907407407 0.09661458333333334
0 0.9841218171296297 0.7336805555555556 0.0317563657407407 0.1747395833333334
0 0.7903356481481482 0.8942274305555555 0.21173321759259256 0.19019097222222214
0 0.1515552662037037 0.8068142361111111 0.2060763888888889 0.20373263888888893
0 0.16555989583333333 0.17061631944444444 0.15477430555555555 0.1674479166666667
0 0.9186270254629629 0.592599826388889 0.16274594907407414 0.17955729166666679