0 0.6429542824074075 0.8728298611111112 0.10528067129629637 0.11011284722222214
0 0.4751663773148148 0.6446686921296296 0.14175347222222223 0.1357638888888888
0 0.5282335069444445 0.14837239583333334 0.1230613425925926 0.11414930555555552
0 0.44696180555555554 0.5296875 0.1312789351851853 0.122019675925926
0 0.36453993055555556 0.1612991898148148 0.13444733796296293 0.14547164351851855
0 0.3540075231481481 0.4962094907407407 0.13259548611111116 0.147410300925926
0 0.2298032407407407 0.46296296296296297 0.10282118055555556 0.10033275462962965
0 0.02950665509259259 0.7232855902777777 0.05901331018518518 0.10811631944444455
0 0.6348307291666666 0.6717954282407408 0.12727141203703685 0.12003761574074057
0 0.09417679398148147 0.7441333912037037 0.12100694444444446 0.11218171296296298
0 0.5777126736111111 0.7190755208333333 0.12666377314814814 0.10831886574074057
0 0.6323712384259259 0.15443431712962963 0.12962962962962976 0.12786458333333334
0 0.5901403356481482 0.3099609375 0.1894097222222222 0.18883101851851847
0 0.5387080439814814 0.5299840856481481 0.09686053240740744 0.09833622685185195
0 0.2961371527777778 0.896875 0.12706886574074072 0.11613136574074079
0 0.8248336226851851 0.5844835069444444 0.11740451388888884 0.11801215277777777
0 0.0641529224537037 0.812745949074074 0.1283058449074074 0.1357783564814814
0 0.8243272569444444 0.4624638310185185 0.18182870370370363 0.15558449074074066
0 0.05964988425925926 0.5335503472222222 0.11929976851851852 0.13368055555555558
0 0.031127025462962962 0.42060185185185184 0.062254050925925924 0.15489004629629632