0 0.40303096064814814 0.29475549768518516 0.29612268518518525 0.25326967592592586
0 0.18194444444444446 0.8574146412037038 0.25555555555555554 0.20046296296296306
0 0.009425636574074074 0.8282118055555556 0.018851273148148148 0.16032986111111125
0 0.33802806712962963 0.4420066550925926 0.405222800925926 0.315480324074074
0 0.8643663194444444 0.6023148148148147 0.24684606481481497 0.30141782407407414
0 0.8082971643518518 0.8521629050925925 0.273509837962963 0.29567418981481497
0 0.6811487268518519 0.9528718171296297 0.38640046296296293 0.0942563657407407
0 0.3999348958333333 0.9127676504629629 0.28100405092592595 0.17446469907407414
0 0.07900752314814816 0.6998697916666667 0.1580150462962963 0.20052083333333348
0 0.36320167824074073 0.12055121527777778 0.27750289351851853 0.2172019675925926
0 0.6445601851851852 0.16448206018518519 0.3632233796296296 0.280150462962963
0 0.9133391203703703 0.20384837962962965 0.1693865740740741 0.18819444444444444
0 0.758962673611111 0.4296006944444445 0.34754050925925917 0.2773871527777778
0 0.0865234375 0.532154224537037 0.173046875 0.22055844907407396
0 0.5744212962962962 0.8151692708333333 0.2738281250000001 0.22481192129629624
0 0.28936631944444446 0.7309461805555555 0.2118923611111111 0.1747974537037038
0 0.2515118634259259 0.5891203703703703 0.270384837962963 0.240234375
0 0.6453125 0.6672453703703703 0.31485821759259247 0.29324363425925926
0 0.15465856481481483 0.19385127314814815 0.2514322916666667 0.2587528935185185
0 0.05673466435185185 0.32926070601851853 0.1134693287037037 0.27570891203703707
0 0.1894748263888889 0.04210069444444445 0.2069878472222222 0.07508680555555555
0 0.4809244791666667 0.042541956018518526 0.2764322916666666 0.0494357638888889
0 0.9268518518518518 0.40798611111111116 0.12951388888888893 0.15882523148148153
0 0.8155743634259259 0.30147569444444444 0.23544560185185182 0.17991898148148144
0 0.5655815972222222 0.3872974537037037 0.1859375000000001 0.2202546296296296