0 0.6572265625 0.16631944444444444 0.232421875 0.27491319444444445
0 0.16588903356481483 0.7327835648148149 0.33177806712962965 0.30092592592592604
0 0.8708984375 0.6270182291666666 0.2065827546296295 0.2988859953703704
0 0.28619791666666666 0.12944878472222224 0.3193721064814815 0.2307436342592593
0 0.4927734375 0.13134403935185185 0.18242187499999996 0.2197482638888889
0 0.8258535879629629 0.11433015046296297 0.14665798611111125 0.14195601851851852
0 0.8262297453703704 0.30634403935185184 0.2991898148148149 0.3173177083333334
0 0.14233940972222223 0.9463975694444444 0.16882233796296298 0.10720486111111116
0 0.03472945601851852 0.20705295138888888 0.06945891203703704 0.18754340277777776
0 0.1146339699074074 0.19793836805555556 0.19079861111111113 0.19681712962962966
0 0.40932436342592593 0.3493778935185185 0.45247395833333326 0.3739438657407407
0 0.5009114583333334 0.8370515046296296 0.285257523148148 0.24649884259259247
0 0.6232783564814814 0.938791232638889 0.20962094907407414 0.12241753472222205
0 0.437377025462963 0.5702546296296296 0.22285879629629624 0.21210937500000004
0 0.1000072337962963 0.4196831597222222 0.2000144675925926 0.2729600694444444
0 0.3094401041666667 0.9646918402777778 0.22177372685185182 0.07061631944444446