0 0.18860677083333335 0.2798683449074074 0.28117766203703703 0.2559751157407407
0 0.46550925925925923 0.35008680555555555 0.21831597222222232 0.20668402777777783
0 0.3743634259259259 0.1749710648148148 0.3359809027777777 0.27200520833333336
0 0.1550347222222222 0.7576822916666667 0.30063657407407407 0.24635416666666665
0 0.1994429976851852 0.029890046296296297 0.1918547453703704 0.05978009259259259
0 0.8581669560185186 0.8852936921296297 0.21254340277777795 0.2183593749999999
0 0.7296296296296296 0.6723668981481481 0.17507233796296306 0.16925636574074066
0 0.8220124421296295 0.4871021412037037 0.17313368055555545 0.17119502314814816
0 0.8830367476851853 0.20830439814814813 0.2339265046296295 0.3103298611111111
0 0.3235821759259259 0.5708767361111111 0.2304108796296297 0.25755208333333335
0 0.29807581018518514 0.9509693287037038 0.1450086805555555 0.06552372685185182
0 0.9228226273148148 0.6015769675925926 0.15435474537037042 0.17890625000000004
0 0.8395688657407407 0.7477285879629629 0.17693865740740744 0.15755208333333348
0 0.06650028935185186 0.539576099537037 0.1263744212962963 0.186472800925926
0 0.5240813078703703 0.0853515625 0.20441261574074066 0.170703125
0 0.37439236111111107 0.04885706018518519 0.23706597222222214 0.09771412037037037
0 0.019668692129629628 0.6776258680555556 0.030627893518518523 0.17990451388888884
0 0.08611111111111111 0.023220486111111112 0.05503472222222222 0.046440972222222224
0 0.46809172453703707 0.9624059606481481 0.1997251157407407 0.06983506944444429
0 0.09455295138888889 0.10770399305555556 0.10261863425925927 0.1433304398148148
0 0.0699146412037037 0.8686704282407407 0.1281105324074074 0.1571903935185186
0 0.7330439814814815 0.3422453703703704 0.26892361111111107 0.1836226851851852
0 0.9801721643518518 0.5103298611111111 0.039655671296296324 0.14094328703703707
0 0.7166377314814815 0.5005787037037037 0.27714120370370376 0.23836805555555562
0 0.7079716435185186 0.9127748842592593 0.21215277777777786 0.1656249999999999
0 0.7395978009259259 0.040422453703703703 0.1762008101851853 0.05794270833333334
0 0.9699363425925926 0.07094184027777778 0.0601273148148147 0.043417245370370366
0 0.5094907407407407 0.6183304398148148 0.2640914351851851 0.3222511574074074
0 0.6857566550925926 0.1550853587962963 0.24979745370370354 0.23816550925925928
0 0.5570891203703704 0.8474826388888889 0.259765625 0.2655815972222222
0 0.35379774305555556 0.8265263310185185 0.21468460648148147 0.24376446759259274
0 0.16197193287037037 0.9031467013888889 0.11414930555555552 0.11802662037037037