0 0.083984375 0.22265625 0.15234375 0.1591796875
0 0.7529296875 0.8955078125 0.12109375 0.12109375
0 0.8984375 0.1181640625 0.1796875 0.2255859375
0 0.78515625 0.7734375 0.1572265625 0.130859375
0 0.8154296875 0.3369140625 0.265625 0.19140625
0 0.6748046875 0.5205078125 0.216796875 0.2138671875
0 0.048828125 0.05859375 0.09765625 0.1171875
0 0.7060546875 0.5009765625 0.1435546875 0.1591796875
0 0.8798828125 0.9208984375 0.150390625 0.158203125
0 0.646484375 0.1708984375 0.302734375 0.2099609375
0 0.552734375 0.83984375 0.16015625 0.1796875
0 0.51171875 0.3251953125 0.146484375 0.1748046875
0 0.1337890625 0.646484375 0.2578125 0.2216796875
0 0.92578125 0.6748046875 0.1435546875 0.1748046875
0 0.9794921875 0.92578125 0.041015625 0.1044921875
0 0.232421875 0.6064453125 0.2490234375 0.2587890625
0 0.0546875 0.8662109375 0.109375 0.189453125
0 0.0830078125 0.623046875 0.1513671875 0.1435546875
0 0.3271484375 0.974609375 0.205078125 0.0498046875
0 0.263671875 0.287109375 0.2001953125 0.1845703125
0 0.353515625 0.82421875 0.2294921875 0.2099609375
0 0.6337890625 0.736328125 0.1904296875 0.1826171875
0 0.2880859375 0.44921875 0.2490234375 0.1640625
0 0.248046875 0.0888671875 0.2841796875 0.177734375
0 0.162109375 0.919921875 0.197265625 0.1455078125