0 0.580078125 0.244140625 0.1904296875 0.154296875
0 0.12890625 0.3681640625 0.2412109375 0.2490234375
0 0.5419921875 0.7548828125 0.1669921875 0.1845703125
0 0.3046875 0.5947265625 0.212890625 0.1865234375
0 0.951171875 0.66015625 0.09765625 0.1630859375
0 0.08203125 0.927734375 0.154296875 0.1435546875
0 0.38671875 0.7265625 0.1357421875 0.1513671875
0 0.091796875 0.0478515625 0.18359375 0.0947265625
0 0.1337890625 0.6318359375 0.14453125 0.171875
0 0.875 0.0546875 0.2333984375 0.109375
0 0.5517578125 0.0849609375 0.244140625 0.16015625
0 0.14453125 0.79296875 0.1474609375 0.119140625
0 0.896484375 0.091796875 0.189453125 0.1591796875
0 0.51171875 0.3896484375 0.212890625 0.2333984375
0 0.6328125 0.58984375 0.1650390625 0.1484375
0 0.85546875 0.8935546875 0.283203125 0.1650390625
0 0.333984375 0.140625 0.3203125 0.2734375
0 0.6953125 0.390625 0.1923828125 0.16796875
0 0.7998046875 0.2890625 0.1279296875 0.13671875
0 0.3330078125 0.8525390625 0.224609375 0.2333984375
0 0.7958984375 0.5693359375 0.1748046875 0.16015625