0 0.7481843171296296 0.5091362847222223 0.16730324074074066 0.22725694444444455
0 0.48810763888888886 0.4088035300925926 0.34877025462962963 0.22495659722222228
0 0.503125 0.23686342592592594 0.37680844907407396 0.2732494212962963
0 0.8850549768518519 0.15915798611111112 0.22989004629629628 0.1603877314814815
0 0.8917462384259259 0.5090205439814814 0.21650752314814814 0.37081886574074074
0 0.13470052083333334 0.7271339699074074 0.2539496527777778 0.41129918981481484
0 0.48525752314814813 0.08468605324074074 0.20098379629629626 0.12947048611111112
0 0.09458912037037037 0.06150173611111111 0.07980324074074074 0.11733217592592593
0 0.22941984953703703 0.13875144675925927 0.25525173611111107 0.23572048611111107
0 0.7663700810185186 0.6827980324074074 0.18191550925925926 0.1597077546296295
0 0.17316984953703704 0.03044704861111111 0.20571469907407408 0.05360243055555555
0 0.5232132523148149 0.9849754050925925 0.14335937499999996 0.03004918981481497
0 0.9322120949074074 0.8114221643518519 0.1161747685185186 0.2011863425925926
0 0.8349464699074074 0.8327256944444444 0.13885995370370363 0.15162037037037046
0 0.6119502314814815 0.7323640046296296 0.15649594907407405 0.15643807870370363
0 0.41867042824074074 0.661841724537037 0.2641637731481481 0.31034432870370376
0 0.9789713541666667 0.2918981481481482 0.04205729166666661 0.09803240740740748
0 0.27783564814814815 0.3110532407407407 0.17887731481481484 0.21809895833333326
0 0.07438512731481481 0.2126808449074074 0.09681712962962963 0.2118923611111111
0 0.8947916666666667 0.961646412037037 0.12676504629629637 0.07670717592592591
0 0.23724681712962964 0.5353370949074074 0.14684606481481477 0.16374421296296293