0 0.41782407407407407 0.8335792824074074 0.15263310185185186 0.17361111111111116
0 0.48111979166666663 0.6477719907407407 0.20934606481481488 0.23113425925925934
0 0.2228732638888889 0.5963686342592592 0.3080873842592593 0.2128616898148148
0 0.49631076388888884 0.47896412037037034 0.1576967592592593 0.1524305555555555
0 0.9674479166666667 0.3078414351851852 0.06510416666666652 0.23802083333333335
0 0.35470920138888884 0.7347873263888889 0.17209201388888884 0.17267071759259256
0 0.0646701388888889 0.8513310185185186 0.07118055555555555 0.1323495370370371
0 0.17259837962962962 0.13370949074074073 0.24363425925925924 0.2621527777777778
0 0.0623191550925926 0.7089048032407408 0.07993344907407407 0.21077835648148158
0 0.6756727430555556 0.32159288194444446 0.3077256944444444 0.30836226851851856
0 0.7624782986111112 0.7968677662037037 0.29079861111111116 0.2197627314814814
0 0.33503327546296297 0.09827112268518519 0.24037905092592593 0.17426215277777776
0 0.052300347222222224 0.5173466435185186 0.07118055555555555 0.1323495370370371
0 0.20923755787037038 0.4650535300925926 0.25441261574074076 0.23736979166666672
0 0.8419777199074074 0.9190393518518518 0.2612123842592593 0.16192129629629637
0 0.8783094618055556 0.6082392939814815 0.24338107638888884 0.2549479166666666
0 0.9466507523148149 0.16034432870370371 0.10669849537037024 0.08379629629629631
0 0.9319299768518519 0.1693504050925926 0.13614004629629628 0.11265914351851852
0 0.3764829282407407 0.559497974537037 0.16861979166666674 0.18418692129629632
0 0.6365017361111112 0.07978877314814815 0.24956597222222232 0.10651041666666669
0 0.8893952546296297 0.989308449074074 0.12340856481481488 0.021383101851851993
0 0.17180266203703703 0.375390625 0.3272569444444444 0.30937499999999996
0 0.9286205150462963 0.7958622685185185 0.14275896990740744 0.1967447916666667
0 0.1745876736111111 0.7400679976851852 0.2730034722222222 0.212991898148148
0 0.4794198495370371 0.23344184027777778 0.25 0.2761284722222222
0 0.791015625 0.17259837962962962 0.1748408564814814 0.19425636574074073
0 0.9729456018518519 0.5129701967592593 0.05410879629629628 0.15979456018518512
0 0.6797236689814815 0.5362340856481481 0.26642071759259256 0.24578993055555554