0 0.5693576388888889 0.25277777777777777 0.21484375 0.18828124999999996
0 0.11940104166666667 0.3861400462962963 0.23880208333333333 0.29181134259259256
0 0.5555121527777778 0.787818287037037 0.19205729166666674 0.21618923611111107
0 0.3000217013888889 0.6240451388888889 0.24101562499999996 0.22494212962962967
0 0.9529296875 0.6813151041666666 0.07026909722222241 0.1777633101851852
0 0.08645833333333333 0.9441695601851852 0.16267361111111112 0.11166087962962967
0 0.39184027777777775 0.7605179398148147 0.15802951388888897 0.1771122685185187
0 0.07395833333333333 0.06689814814814815 0.14791666666666667 0.0869212962962963
0 0.12215711805555556 0.6633752893518519 0.16827256944444444 0.1991753472222222
0 0.8557508680555556 0.08200231481481482 0.22599826388888888 0.07581018518518517
0 0.5296223958333334 0.10472366898148149 0.26888020833333326 0.16222511574074075
0 0.14088541666666668 0.8326750578703703 0.16705729166666666 0.1444878472222224
0 0.8784939236111111 0.1146412037037037 0.18832465277777777 0.13599537037037035
0 0.5062934027777778 0.4064742476851852 0.24405381944444438 0.2738859953703704
0 0.6434461805555556 0.6150607638888889 0.18728298611111116 0.17689525462962963
0 0.8574652777777778 0.912962962962963 0.25034722222222205 0.17407407407407405
0 0.30546875 0.15891203703703705 0.35972222222222217 0.3002459490740741
0 0.6980034722222223 0.40414496527777777 0.21710069444444446 0.2020688657407408
0 0.8020833333333334 0.2968822337962963 0.1459635416666667 0.16079282407407403
0 0.3409939236111111 0.8780381944444444 0.2576822916666667 0.24392361111111116
0 0.8121744791666667 0.5908347800925926 0.19930555555555562 0.19126157407407396