0 0.4219618055555555 0.30850694444444443 0.26594328703703707 0.2144097222222222
0 0.2326244212962963 0.8409288194444444 0.23019386574074074 0.1699652777777778
0 0.04251302083333333 0.8545138888888889 0.08502604166666666 0.1737847222222222
0 0.36497395833333335 0.4483723958333333 0.36442418981481484 0.2655381944444444
0 0.8533854166666667 0.5230902777777777 0.24160879629629628 0.26397569444444446
0 0.805418113425926 0.7901475694444444 0.2553096064814815 0.33081597222222214
0 0.6830150462962963 0.8998046875 0.35173611111111125 0.15004340277777772
0 0.4286024305555556 0.8867621527777778 0.25697337962962963 0.19453124999999982
0 0.10512876157407408 0.7161241319444445 0.21025752314814816 0.17890625000000004
0 0.3837239583333333 0.13196614583333333 0.24780092592592595 0.23697916666666663
0 0.6365234375 0.15579427083333333 0.326273148148148 0.2463107638888889
0 0.8994574652777778 0.12365451388888889 0.1948350694444443 0.23072916666666668
0 0.7448784722222223 0.3818142361111111 0.3138599537037037 0.23407118055555554
0 0.12624421296296295 0.5651475694444444 0.18275462962962963 0.19123263888888897
0 0.5856553819444444 0.7512152777777779 0.2451388888888888 0.19205729166666652
0 0.326830150462963 0.7140190972222222 0.1899739583333333 0.14869791666666665
0 0.29029224537037035 0.5909722222222222 0.24204282407407407 0.2055555555555555
0 0.6476417824074074 0.6091796875 0.2797453703703705 0.2500868055555556
0 0.1818721064814815 0.2509982638888889 0.25515046296296295 0.2295138888888889
0 0.08019386574074074 0.3828125 0.16038773148148147 0.26171875
0 0.1890190972222222 0.07202690972222223 0.2860243055555556 0.14405381944444445
0 0.49497974537037037 0.04359809027777778 0.26785300925925926 0.08719618055555556
0 0.7270471643518519 0.051920572916666664 0.2099537037037038 0.10384114583333333
0 0.910105613425926 0.3384331597222222 0.14252025462962958 0.13684895833333333
0 0.7930121527777778 0.2598741319444444 0.21352719907407414 0.15169270833333326
0 0.5692780671296296 0.3701388888888889 0.16517650462962963 0.1904513888888888