0 0.8684172453703703 0.21445312500000002 0.1811631944444445 0.193359375
0 0.26344039351851856 0.9380208333333333 0.14473379629629624 0.12395833333333339
0 0.07056568287037036 0.17467447916666667 0.14113136574074073 0.25169270833333335
0 0.21811342592592592 0.8286458333333333 0.18230613425925923 0.16614583333333321
0 0.14456018518518518 0.3869140625 0.28912037037037036 0.2501302083333333
0 0.3013527199074074 0.5621744791666666 0.255396412037037 0.2645833333333334
0 0.883984375 0.08535156249999999 0.11093749999999991 0.06002604166666667
0 0.2685836226851852 0.5453125 0.1733506944444445 0.1928385416666667
0 0.1390697337962963 0.9450520833333333 0.17724247685185185 0.1098958333333333
0 0.29140625 0.20436197916666668 0.34346064814814814 0.27630208333333334
0 0.46124131944444446 0.8791015625 0.19357638888888884 0.21757812500000018
0 0.44555844907407405 0.35162760416666666 0.1777199074074074 0.20872395833333335
0 0.8506293402777778 0.6496744791666667 0.2714265046296296 0.279296875
0 0.0770363136574074 0.7367838541666667 0.1540726273148148 0.20377604166666652
0 0.048444733796296297 0.9706380208333334 0.042867476851851855 0.058723958333333215
0 0.7605902777777778 0.6172526041666666 0.2978587962962962 0.31614583333333335
0 0.9391637731481481 0.8649739583333333 0.08035300925925926 0.2119791666666666
0 0.9052372685185186 0.6229817708333334 0.1611689814814814 0.17643229166666652
0 0.7043258101851853 0.9764322916666667 0.21508969907407405 0.04713541666666665
0 0.6928747106481481 0.29375 0.23488136574074092 0.23007812500000002
0 0.6617332175925926 0.8494140625 0.2689525462962963 0.2615885416666668
0 0.36831597222222223 0.7789713541666667 0.22499999999999998 0.2255208333333334
0 0.6869502314814815 0.46067708333333335 0.28135127314814823 0.21953124999999996
0 0.6861906828703703 0.123046875 0.31511863425925934 0.175
0 0.8648148148148148 0.9176432291666667 0.22395833333333326 0.16471354166666652