0 0.8370008680555556 0.28923611111111114 0.2814091435185184 0.29756944444444444
0 0.5628327546296297 0.37571614583333335 0.24782986111111116 0.24531250000000004
0 0.6482711226851852 0.1831597222222222 0.3792390046296297 0.32534722222222223
0 0.8771195023148148 0.807790798611111 0.23641493055555562 0.2858072916666665
0 0.17774884259259258 0.9224175347222222 0.23359375 0.15516493055555558
0 0.3012876157407407 0.7362847222222222 0.2006510416666667 0.2022135416666666
0 0.1855324074074074 0.5377170138888889 0.1987123842592593 0.20407986111111098
0 0.11795428240740741 0.2376736111111111 0.23590856481481481 0.3620659722222222
0 0.7349754050925925 0.6109809027777777 0.26582754629629646 0.302734375
0 0.08787615740740741 0.6652560763888888 0.17139756944444443 0.20677083333333313
0 0.1873336226851852 0.8220703125 0.20056423611111113 0.1904947916666666
0 0.9667751736111111 0.573415798611111 0.060026041666666696 0.19596354166666652
0 0.4798538773148148 0.10436197916666666 0.22779224537037035 0.17608506944444444
0 0.6393663194444444 0.06651475694444445 0.2564236111111111 0.08754340277777778
0 0.9780381944444445 0.89921875 0.03200231481481497 0.10295138888888888
0 0.27170862268518514 0.37743055555555555 0.3004050925925925 0.22617187500000002
0 0.020638020833333333 0.5683810763888889 0.041276041666666666 0.1523871527777778
0 0.30169994212962964 0.5487413194444445 0.3145254629629629 0.28732638888888884
0 0.33188657407407407 0.9473741319444444 0.22936921296296298 0.10525173611111116
0 0.24377893518518517 0.05967881944444445 0.18787615740740737 0.05911458333333333
0 0.5372178819444444 0.6686197916666667 0.30736400462962976 0.3748697916666668
0 0.30938946759259256 0.17005208333333333 0.2852141203703704 0.2840711805555556
0 0.4984157986111111 0.8810329861111111 0.2928964120370371 0.23793402777777772
0 0.7183232060185185 0.8722981770833333 0.2441261574074074 0.2554036458333333
0 0.9289279513888888 0.9351345486111111 0.1177083333333333 0.07552083333333326