0 0.9362413194444444 0.28967013888888893 0.12751736111111112 0.188425925925926
0 0.21493055555555557 0.9363462094907408 0.14136284722222225 0.12730758101851847
0 0.1 0.11053240740740741 0.17265625 0.21964699074074073
0 0.1799045138888889 0.8091869212962963 0.18107638888888888 0.1596064814814815
0 0.1615451388888889 0.3341724537037037 0.30377604166666666 0.23815104166666667
0 0.3087239583333333 0.5485966435185186 0.2534722222222222 0.25700231481481484
0 0.9738715277777779 0.12665653935185187 0.05225694444444429 0.11210937500000001
0 0.2759765625 0.5234881365740741 0.17005208333333333 0.19024884259259256
0 0.08984375 0.9264467592592592 0.14123263888888887 0.12242476851851847
0 0.35110677083333336 0.17330005787037037 0.3453125 0.26371527777777776
0 0.430859375 0.9008318865740741 0.19010416666666663 0.19833622685185182
0 0.4927083333333333 0.3562210648148148 0.1743489583333333 0.2080295138888889
0 0.87255859375 0.7440321180555556 0.2548828125 0.26953125
0 0.06603732638888889 0.6891565393518518 0.105859375 0.19862557870370368
0 0.785959201388889 0.6913700810185185 0.29171006944444455 0.30970775462962963
0 0.9536241319444445 0.9410083912037037 0.09275173611111098 0.11798321759259256
0 0.9309244791666667 0.723582175925926 0.1381510416666667 0.16970486111111116
0 0.7635633680555556 0.3419777199074074 0.23320312499999996 0.22278645833333333
0 0.6474826388888889 0.8927951388888888 0.2651041666666667 0.21440972222222232
0 0.34620225694444445 0.7865957754629629 0.22144097222222225 0.2202256944444443
0 0.7322916666666667 0.5149594907407408 0.2835503472222223 0.20588831018518516
0 0.7873914930555556 0.14129774305555556 0.32252604166666665 0.20400752314814813
0 0.8542100694444444 0.9728370949074074 0.22274305555555562 0.05432581018518512