0 0.2525318287037037 0.4481770833333333 0.14192708333333326 0.20234375000000004
0 0.4985170717592593 0.3759765625 0.31857638888888884 0.18489583333333337
0 0.4925491898148148 0.21484375 0.33969907407407407 0.22916666666666663
0 0.12344473379629631 0.083984375 0.24602141203703703 0.16796875
0 0.10810908564814814 0.43430989583333335 0.1955295138888889 0.3345052083333333
0 0.8525752314814815 0.7036458333333333 0.294849537037037 0.3765624999999999
0 0.5188078703703703 0.06438802083333334 0.18301504629629628 0.12877604166666667
0 0.9208622685185185 0.06979166666666667 0.14142071759259256 0.13606770833333331
0 0.7542317708333334 0.1435546875 0.22771990740740744 0.20416666666666666
0 0.2252242476851852 0.6095703125 0.16290509259259262 0.13750000000000018
0 0.8233868634259259 0.03274739583333333 0.21317997685185186 0.06549479166666666
0 0.9244068287037037 0.013085937500000002 0.11443865740740744 0.026171875000000004
0 0.43428096064814814 0.9412109375 0.1351996527777779 0.07330729166666661
0 0.07157841435185186 0.7167317708333334 0.08268229166666669 0.18085937499999982
0 0.15491174768518517 0.7464192708333334 0.12174479166666663 0.130859375
0 0.36747685185185186 0.6705729166666667 0.13758680555555558 0.1377604166666666
0 0.5506365740740741 0.6201822916666666 0.23025173611111116 0.2725260416666666
0 0.03566261574074074 0.22278645833333333 0.05772569444444445 0.08567708333333335
0 0.7004123263888888 0.30279947916666666 0.1552372685185186 0.19348958333333333
0 0.929271556712963 0.2236328125 0.14145688657407396 0.20286458333333335
0 0.09537760416666666 0.9099609375 0.09367766203703703 0.162109375
0 0.7279007523148149 0.5163411458333333 0.12811053240740744 0.1449218750000001