0 0.6573929398148148 0.10236545138888889 0.24837962962962967 0.20473090277777778
0 0.23561197916666665 0.7180917245370371 0.35766782407407405 0.32092013888888893
0 0.9202980324074075 0.5057508680555556 0.15940393518518503 0.31361400462962963
0 0.27216435185185184 0.10128038194444444 0.3261429398148148 0.20256076388888888
0 0.4859664351851852 0.08114149305555556 0.18677662037037035 0.1622829861111111
0 0.8252170138888889 0.027640335648148148 0.1543402777777778 0.055280671296296297
0 0.845630787037037 0.18018663194444445 0.30206886574074066 0.33514178240740744
0 0.2478298611111111 0.9408058449074075 0.17754629629629626 0.1058883101851853
0 0.031336805555555555 0.1980613425925926 0.04971064814814814 0.18200231481481483
0 0.10227141203703705 0.17131799768518519 0.1955150462962963 0.21205150462962963
0 0.42758246527777777 0.28629918981481484 0.4814380787037038 0.40610532407407407
0 0.601685474537037 0.7767578125 0.30583043981481484 0.2672453703703703
0 0.7466073495370371 0.8740089699074074 0.21950231481481497 0.15703124999999996
0 0.49385850694444444 0.5116898148148148 0.23940972222222223 0.23022280092592595
0 0.11995081018518518 0.40350839120370374 0.20749421296296297 0.2828269675925925
0 0.4242476851851852 0.9411313657407407 0.2309606481481481 0.08764467592592595