0 0.4330873842592593 0.8481698495370371 0.11822916666666661 0.14236111111111116
0 0.4560763888888889 0.6554253472222222 0.16543692129629628 0.1879774305555555
0 0.2072048611111111 0.6796223958333334 0.27057291666666666 0.14461805555555562
0 0.43923611111111105 0.4915943287037037 0.12977430555555558 0.11909722222222219
0 0.9145760995370371 0.18764467592592593 0.1578124999999999 0.21325231481481477
0 0.35635850694444443 0.7741030092592592 0.1377314814814815 0.13874421296296302
0 0.07451533564814815 0.9618923611111111 0.11969039351851854 0.07598379629629637
0 0.08487413194444444 0.25072337962962965 0.16763599537037036 0.2212094907407407
0 0.05602575231481482 0.8391059027777777 0.09314236111111111 0.18300057870370368
0 0.5754774305555556 0.29326533564814816 0.24593460648148158 0.24580439814814814
0 0.7466145833333333 0.7185112847222221 0.25114293981481484 0.15800057870370354
0 0.21204427083333333 0.1462890625 0.1986689814814815 0.1923755787037037
0 0.03219039351851852 0.6538917824074074 0.05162037037037037 0.11403356481481475
0 0.16919849537037038 0.5590784143518519 0.20836226851851852 0.18275462962962963
0 0.04547887731481482 0.07452980324074074 0.09087094907407407 0.14000289351851852
0 0.8559244791666667 0.8399522569444444 0.22971643518518503 0.1654947916666667
0 0.823169849537037 0.5054398148148148 0.2065682870370371 0.20421006944444442
0 0.8684751157407408 0.03646556712962963 0.24476273148148153 0.07293113425925926
0 0.8129340277777778 0.05324074074074074 0.18055555555555558 0.10648148148148148
0 0.2209273726851852 0.028099681712962964 0.2504050925925926 0.05619936342592593
0 0.343359375 0.6014250578703704 0.13195891203703702 0.1503761574074074
0 0.492578125 0.049956597222222225 0.23515624999999996 0.09991319444444445
0 0.9338975694444445 0.9188295717592592 0.13220486111111107 0.121195023148148
0 0.12859519675925926 0.4834997106481481 0.2517505787037037 0.24003182870370376
0 0.9240885416666667 0.6670066550925926 0.1518229166666667 0.16833043981481488
0 0.18975694444444446 0.8293113425925926 0.23355034722222223 0.1557870370370371
0 0.3779658564814815 0.26298466435185186 0.19500868055555554 0.22552083333333328
0 0.6551721643518518 0.10847077546296297 0.1400028935185187 0.18174189814814812
0 0.9372395833333333 0.38164785879629626 0.1255208333333333 0.14250578703703698
0 0.6199435763888889 0.4947771990740741 0.22013888888888888 0.19074074074074077