0 0.2451171875 0.447265625 0.1201171875 0.1796875
0 0.486328125 0.40625 0.29296875 0.142578125
0 0.4951171875 0.2509765625 0.3095703125 0.1826171875
0 0.1328125 0.0771484375 0.2646484375 0.150390625
0 0.099609375 0.41796875 0.1796875 0.2998046875
0 0.83203125 0.7626953125 0.3251953125 0.3251953125
0 0.533203125 0.09765625 0.1650390625 0.12890625
0 0.9267578125 0.1630859375 0.146484375 0.1142578125
0 0.75 0.2138671875 0.2021484375 0.1708984375
0 0.2060546875 0.5986328125 0.1455078125 0.1142578125
0 0.8291015625 0.0810546875 0.1962890625 0.109375
0 0.9384765625 0.0576171875 0.123046875 0.115234375
0 0.3798828125 0.95703125 0.1240234375 0.0859375
0 0.0419921875 0.68359375 0.0830078125 0.1650390625
0 0.126953125 0.720703125 0.107421875 0.1142578125
0 0.3369140625 0.671875 0.12109375 0.1171875
0 0.515625 0.6455078125 0.19921875 0.23828125
0 0.0419921875 0.2099609375 0.0830078125 0.076171875
0 0.685546875 0.359375 0.1337890625 0.169921875
0 0.9248046875 0.3115234375 0.150390625 0.181640625
0 0.0478515625 0.8720703125 0.095703125 0.146484375
0 0.6923828125 0.56640625 0.1123046875 0.125