0 0.7314453125 0.1640625 0.162109375 0.2578125
0 0.1572265625 0.646484375 0.294921875 0.22265625
0 0.89453125 0.66015625 0.1953125 0.25
0 0.376953125 0.083984375 0.2724609375 0.16015625
0 0.578125 0.109375 0.12890625 0.2001953125
0 0.8984375 0.1513671875 0.1162109375 0.111328125
0 0.87890625 0.3388671875 0.2412109375 0.2548828125
0 0.109375 0.9033203125 0.1240234375 0.1748046875
0 0.0693359375 0.111328125 0.138671875 0.1552734375
0 0.19921875 0.1220703125 0.146484375 0.1572265625
0 0.4609375 0.314453125 0.375 0.2724609375
0 0.4794921875 0.80078125 0.2333984375 0.18359375
0 0.5810546875 0.9404296875 0.1796875 0.119140625
0 0.45703125 0.5341796875 0.1767578125 0.1640625
0 0.1181640625 0.3291015625 0.2109375 0.2158203125
0 0.9091796875 0.0400390625 0.177734375 0.080078125
0 0.2685546875 0.943359375 0.1943359375 0.11328125