0 0.828125 0.33203125 0.2431640625 0.2138671875
0 0.5517578125 0.3642578125 0.1875 0.173828125
0 0.6630859375 0.2080078125 0.2958984375 0.2216796875
0 0.8115234375 0.796875 0.291015625 0.1982421875
0 0.853515625 0.0546875 0.1748046875 0.109375
0 0.1044921875 0.83984375 0.177734375 0.208984375
0 0.2578125 0.640625 0.150390625 0.1435546875
0 0.1923828125 0.451171875 0.1474609375 0.146484375
0 0.1337890625 0.1728515625 0.267578125 0.267578125
0 0.0693359375 0.9765625 0.1259765625 0.046875
0 0.662109375 0.5947265625 0.1923828125 0.224609375
0 0.6376953125 0.970703125 0.134765625 0.05859375
0 0.078125 0.548828125 0.13671875 0.1552734375
0 0.142578125 0.69921875 0.1533203125 0.1318359375
0 0.931640625 0.6005859375 0.1357421875 0.1650390625
0 0.5322265625 0.0908203125 0.1767578125 0.169921875
0 0.68359375 0.060546875 0.21484375 0.12109375
0 0.96875 0.7412109375 0.0595703125 0.1689453125
0 0.9716796875 0.060546875 0.056640625 0.12109375
0 0.47265625 0.9677734375 0.1884765625 0.064453125
0 0.94921875 0.1796875 0.095703125 0.1298828125
0 0.9072265625 0.92578125 0.1845703125 0.142578125
0 0.2958984375 0.3232421875 0.2421875 0.142578125
0 0.0244140625 0.455078125 0.046875 0.1328125
0 0.2919921875 0.4775390625 0.2421875 0.1982421875
0 0.2431640625 0.8935546875 0.181640625 0.1748046875
0 0.3310546875 0.0244140625 0.16796875 0.048828125
0 0.06640625 0.01953125 0.1328125 0.0390625
0 0.4765625 0.6162109375 0.216796875 0.283203125
0 0.3662109375 0.1484375 0.2158203125 0.2021484375
0 0.400390625 0.8310546875 0.2197265625 0.2265625
0 0.599609375 0.8359375 0.177734375 0.212890625
0 0.7744140625 0.943359375 0.09765625 0.11328125