0 0.4111328125 0.27447916666666666 0.1953125 0.17317708333333337
0 0.8662109375 0.4132161458333333 0.25 0.2744791666666666
0 0.466796875 0.7869791666666666 0.173828125 0.20104166666666679
0 0.6982421875 0.6344401041666667 0.21875 0.2079427083333334
0 0.0546875 0.6794270833333333 0.103515625 0.1729166666666666
0 0.92578125 0.9473307291666666 0.1484375 0.10533854166666679
0 0.62109375 0.7640625000000001 0.140625 0.1656249999999999
0 0.892578125 0.10149739583333332 0.1875 0.09648437499999998
0 0.8701171875 0.6771484375 0.150390625 0.18776041666666665
0 0.11328125 0.07591145833333333 0.2265625 0.13229166666666667
0 0.43359375 0.1158203125 0.25 0.18463541666666666
0 0.865234375 0.8379557291666666 0.15234375 0.1351562500000001
0 0.09375 0.1107421875 0.1875 0.178515625
0 0.484375 0.42194010416666666 0.220703125 0.2549479166666667
0 0.3701171875 0.6194010416666667 0.169921875 0.1656249999999999
0 0.158203125 0.9091471354166667 0.2890625 0.1817057291666666
0 0.6533203125 0.1822265625 0.330078125 0.29934895833333336
0 0.30078125 0.4175130208333333 0.197265625 0.1869791666666667
0 0.193359375 0.3126953125 0.1328125 0.14947916666666672
0 0.6787109375 0.88203125 0.232421875 0.2359374999999999
0 0.20703125 0.5938802083333333 0.1796875 0.17799479166666665