0 0.43359375 0.8359375 0.1123046875 0.1337890625
0 0.4599609375 0.6484375 0.1552734375 0.177734375
0 0.2177734375 0.6650390625 0.259765625 0.1318359375
0 0.447265625 0.4892578125 0.1220703125 0.111328125
0 0.916015625 0.208984375 0.1484375 0.203125
0 0.3603515625 0.7607421875 0.130859375 0.1298828125
0 0.0703125 0.9501953125 0.1396484375 0.099609375
0 0.095703125 0.24609375 0.1875 0.2109375
0 0.056640625 0.81640625 0.111328125 0.173828125
0 0.5849609375 0.3017578125 0.2333984375 0.23046875
0 0.740234375 0.71875 0.240234375 0.14453125
0 0.2353515625 0.1484375 0.1884765625 0.1806640625
0 0.037109375 0.6357421875 0.07421875 0.1103515625
0 0.1845703125 0.546875 0.1982421875 0.171875
0 0.060546875 0.0703125 0.1201171875 0.140625
0 0.8427734375 0.83984375 0.2197265625 0.15234375
0 0.8193359375 0.5146484375 0.1943359375 0.19140625
0 0.8759765625 0.0478515625 0.236328125 0.095703125
0 0.822265625 0.0634765625 0.171875 0.126953125
0 0.2470703125 0.0302734375 0.2421875 0.056640625
0 0.3515625 0.59375 0.125 0.142578125
0 0.51171875 0.0546875 0.2236328125 0.107421875
0 0.927734375 0.9326171875 0.14453125 0.134765625
0 0.1328125 0.4736328125 0.265625 0.2236328125
0 0.921875 0.6796875 0.15625 0.1591796875
0 0.197265625 0.80859375 0.22265625 0.1435546875
0 0.3935546875 0.265625 0.1845703125 0.212890625
0 0.666015625 0.125 0.130859375 0.1708984375
0 0.9375 0.40234375 0.1240234375 0.134765625
0 0.623046875 0.4990234375 0.208984375 0.177734375