0 0.4150390625 0.33984375 0.23046875 0.169921875
0 0.3408203125 0.8828125 0.2021484375 0.1298828125
0 0.1201171875 0.9228515625 0.125 0.150390625
0 0.388671875 0.4833984375 0.322265625 0.2021484375
0 0.896484375 0.5 0.2021484375 0.224609375
0 0.9013671875 0.7685546875 0.1923828125 0.29296875
0 0.8095703125 0.9228515625 0.3251953125 0.150390625
0 0.548828125 0.9140625 0.22265625 0.16796875
0 0.1640625 0.77734375 0.2275390625 0.134765625
0 0.3388671875 0.1708984375 0.20703125 0.197265625
0 0.5966796875 0.1650390625 0.287109375 0.1904296875
0 0.88671875 0.099609375 0.22265625 0.1904296875
0 0.7529296875 0.375 0.275390625 0.1796875
0 0.17578125 0.6240234375 0.1474609375 0.162109375
0 0.673828125 0.7548828125 0.2138671875 0.1494140625
0 0.408203125 0.748046875 0.1650390625 0.1162109375
0 0.3447265625 0.6318359375 0.2080078125 0.1640625
0 0.705078125 0.609375 0.2373046875 0.2041015625
0 0.1630859375 0.310546875 0.21484375 0.1865234375
0 0.0732421875 0.4541015625 0.1455078125 0.2333984375
0 0.1259765625 0.0908203125 0.251953125 0.181640625
0 0.42578125 0.0458984375 0.25 0.091796875
0 0.662109375 0.04296875 0.1923828125 0.0859375
0 0.916015625 0.3125 0.134765625 0.1103515625
0 0.7744140625 0.25 0.1884765625 0.115234375
0 0.5751953125 0.3828125 0.1298828125 0.166015625