0 0.6298828125 0.513671875 0.0625 0.0634765625
0 0.7578125 0.060546875 0.044921875 0.0439453125
0 0.9365234375 0.4931640625 0.0615234375 0.05859375
0 0.2939453125 0.0556640625 0.0517578125 0.0537109375
0 0.8271484375 0.3681640625 0.037109375 0.037109375
0 0.7919921875 0.939453125 0.0400390625 0.0390625
0 0.5400390625 0.0625 0.05859375 0.05078125
0 0.7802734375 0.3740234375 0.0400390625 0.041015625
0 0.296875 0.4091796875 0.0322265625 0.0302734375
0 0.71875 0.3544921875 0.0537109375 0.048828125
0 0.4384765625 0.2041015625 0.0458984375 0.0419921875
0 0.6240234375 0.5791015625 0.05859375 0.052734375
0 0.60546875 0.0986328125 0.060546875 0.056640625
0 0.591796875 0.388671875 0.0498046875 0.0478515625
0 0.6328125 0.4189453125 0.04296875 0.041015625
0 0.3359375 0.09375 0.048828125 0.046875
0 0.8759765625 0.7080078125 0.0390625 0.0380859375
0 0.5693359375 0.4306640625 0.05078125 0.048828125
0 0.662109375 0.1953125 0.0625 0.060546875
0 0.4677734375 0.236328125 0.0703125 0.0595703125
0 0.3466796875 0.1865234375 0.041015625 0.041015625
0 0.5341796875 0.087890625 0.0595703125 0.064453125
0 0.69140625 0.322265625 0.0439453125 0.044921875
0 0.8720703125 0.751953125 0.041015625 0.0380859375
0 0.3994140625 0.1337890625 0.041015625 0.0400390625
0 0.5322265625 0.1201171875 0.056640625 0.0517578125
0 0.5078125 0.4306640625 0.052734375 0.0595703125
0 0.5107421875 0.310546875 0.0693359375 0.068359375