0 0.7462890625 0.08540219907407406 0.08528645833333348 0.08287037037037037
0 0.4427734375 0.9894748263888888 0.08138020833333326 0.02105034722222232
0 0.5361979166666666 0.0455005787037037 0.07213541666666679 0.031510416666666666
0 0.476171875 0.519408275462963 0.07304687499999996 0.07436342592592582
0 0.5400390625 0.3408347800925926 0.06875000000000009 0.06827256944444438
0 0.22962239583333333 0.8204933449074074 0.08958333333333335 0.08896122685185182
0 0.5830729166666666 0.25416666666666665 0.08124999999999982 0.08068576388888893
0 0.7411458333333334 0.9419849537037037 0.09166666666666679 0.09103009259259265
0 0.7955078125 0.3765625 0.07734375000000004 0.08045428240740748
0 0.23066406250000002 0.2901475694444444 0.07304687500000001 0.07436342592592593
0 0.6042317708333333 0.7162181712962963 0.07304687499999996 0.07436342592592604
0 0.531640625 0.8197627314814815 0.07096354166666674 0.07229456018518521
0 0.17018229166666665 0.9179542824074074 0.087890625 0.09275173611111098
0 0.7516276041666667 0.4906322337962963 0.08333333333333348 0.08275462962962976
0 0.8478515625 0.06200810185185185 0.06992187499999991 0.02748842592592593
0 0.1416015625 0.34663628472222224 0.0625 0.06206597222222221
0 0.7806640625000001 0.59921875 0.07526041666666661 0.07838541666666665
0 0.8986979166666667 0.8287688078703703 0.07070312500000009 0.06838831018518521
0 0.1787109375 0.14294704861111113 0.07486979166666669 0.07252604166666665
0 0.3152994791666667 0.5647786458333334 0.06471354166666665 0.06608796296296293
0 0.5727213541666667 0.17413917824074074 0.07513020833333339 0.07643229166666665
0 0.6518880208333333 0.942578125 0.07513020833333339 0.07643229166666687
0 0.5025390625 0.6092086226851852 0.07499999999999996 0.07447916666666665
0 0.3026041666666667 0.4316695601851852 0.083984375 0.09252025462962954
0 0.878515625 0.3079499421296296 0.0766927083333333 0.07068865740740737
0 0.8802734375000001 0.4727647569444444 0.08138020833333348 0.08263888888888893