0 0.9283926504629629 0.23795572916666669 0.07217881944444438 0.06698495370370372
0 0.752199074074074 0.12279369212962962 0.06620370370370354 0.06481481481481483
0 0.024858940972222222 0.23379629629629628 0.049717881944444445 0.06821469907407407
0 0.5454861111111111 0.572193287037037 0.06218171296296293 0.06271701388888884
0 0.6590639467592593 0.4227430555555556 0.057812500000000044 0.05475983796296302
0 0.22651186342592594 0.7854817708333333 0.07643229166666665 0.07298900462962976
0 0.7259042245370371 0.35181568287037035 0.06827256944444438 0.06684027777777768
0 0.8878255208333333 0.5261501736111112 0.06448206018518521 0.06864872685185186
0 0.3843605324074074 0.28533709490740744 0.06218171296296293 0.06271701388888884
0 0.018981481481481485 0.7021846064814814 0.03796296296296297 0.04673032407407396
0 0.6086950231481482 0.7937644675925926 0.06022858796296293 0.06264467592592604
0 0.5092230902777778 0.8703342013888888 0.05804398148148149 0.0586660879629628
0 0.1418041087962963 0.8606409143518519 0.07092013888888893 0.0786313657407407
0 0.8126446759259259 0.6222149884259259 0.07034143518518521 0.0688657407407407
0 0.024197048611111112 0.10366030092592593 0.024262152777777782 0.04767071759259256
0 0.2847366898148148 0.31492332175925924 0.05172164351851849 0.05063657407407407
0 0.8080584490740741 0.7326388888888888 0.062413194444444375 0.06662326388888884
0 0.848046875 0.9776475694444444 0.059765625000000044 0.04470486111111116
0 0.3787977430555556 0.13147424768518517 0.06195023148148149 0.058810763888888895
0 0.383203125 0.5691189236111112 0.052068865740740655 0.05649594907407396
0 0.739380787037037 0.2730396412037037 0.06413483796296293 0.06278935185185186
0 0.5844184027777778 0.9928023726851851 0.06079282407407405 0.014395254629629761
0 0.5439525462962963 0.664134837962963 0.06413483796296293 0.06278935185185164
0 0.40945457175925926 0.4399233217592593 0.06712962962962965 0.08043981481481488
0 0.9639033564814815 0.48101128472222227 0.022656250000000044 0.05345775462962965
0 0.9319516782407407 0.6403356481481481 0.060460069444444375 0.06655092592592604