0 0.5022786458333334 0.19573206018518519 0.06614583333333335 0.05839120370370371
0 0.4252604166666667 0.2904947916666667 0.05208333333333326 0.0517216435185186
0 0.38287760416666666 0.30183015046296297 0.04257812500000002 0.05504918981481477
0 0.2908854166666667 0.27492766203703706 0.050260416666666696 0.05355902777777777
0 0.15520833333333334 0.16629774305555556 0.06861979166666665 0.06631944444444443
0 0.11842447916666668 0.4822120949074074 0.04791666666666666 0.047583912037037046
0 0.14908854166666666 0.7068721064814815 0.07148437499999999 0.08010706018518521
0 0.5552734374999999 0.7553530092592593 0.07799479166666679 0.061038773148148096
0 0.8498697916666667 0.7771122685185186 0.07929687500000004 0.0805700231481481
0 0.9197916666666667 0.7670862268518519 0.05885416666666665 0.06574074074074066
0 0.9530598958333334 0.4866753472222223 0.060416666666666785 0.05999710648148149
0 0.7885416666666667 0.2101417824074074 0.054557291666666785 0.05964988425925927
0 0.760546875 0.9373119212962963 0.07317708333333339 0.04713541666666665
0 0.46588541666666666 0.5616247106481482 0.052213541666666696 0.0536747685185186
0 0.48828125 0.1328342013888889 0.05846354166666656 0.059881365740740766
0 0.7760416666666666 0.8756076388888889 0.06718749999999996 0.07401620370370354