0 0.8701171875 0.1748046875 0.060546875 0.0576171875
0 0.4365234375 0.955078125 0.0615234375 0.05859375
0 0.6962890625 0.083984375 0.0546875 0.0537109375
0 0.0322265625 0.2470703125 0.0537109375 0.0595703125
0 0.552734375 0.513671875 0.05078125 0.0537109375
0 0.6416015625 0.3662109375 0.048828125 0.046875
0 0.2802734375 0.736328125 0.0634765625 0.0625
0 0.6953125 0.2958984375 0.0576171875 0.056640625
0 0.7138671875 0.9384765625 0.0634765625 0.0634765625
0 0.8623046875 0.443359375 0.0537109375 0.0576171875
0 0.375 0.263671875 0.05078125 0.052734375
0 0.07421875 0.6767578125 0.0439453125 0.0400390625
0 0.6328125 0.7109375 0.0498046875 0.052734375
0 0.5498046875 0.7900390625 0.048828125 0.0498046875
0 0.2099609375 0.8115234375 0.05859375 0.068359375
0 0.802734375 0.5361328125 0.0576171875 0.0576171875
0 0.9697265625 0.15234375 0.0498046875 0.0517578125
0 0.017578125 0.126953125 0.0341796875 0.04296875
0 0.28515625 0.2978515625 0.04296875 0.04296875
0 0.8095703125 0.638671875 0.0517578125 0.056640625
0 0.8740234375 0.8662109375 0.05078125 0.046875
0 0.3544921875 0.1220703125 0.052734375 0.0498046875
0 0.40234375 0.5234375 0.0439453125 0.0478515625
0 0.7001953125 0.22265625 0.0517578125 0.0537109375
0 0.6357421875 0.921875 0.052734375 0.0546875
0 0.560546875 0.59765625 0.0517578125 0.0537109375
0 0.4130859375 0.4033203125 0.0556640625 0.068359375
0 0.9482421875 0.3974609375 0.0556640625 0.046875
0 0.919921875 0.544921875 0.056640625 0.0576171875