0 0.537109375 0.2587890625 0.0546875 0.0478515625
0 0.6083984375 0.3515625 0.04296875 0.04296875
0 0.6484375 0.36328125 0.0322265625 0.0478515625
0 0.7373046875 0.33984375 0.0400390625 0.044921875
0 0.869140625 0.240234375 0.0576171875 0.0546875
0 0.8974609375 0.54296875 0.0400390625 0.0400390625
0 0.86328125 0.755859375 0.0576171875 0.0673828125
0 0.4765625 0.791015625 0.0673828125 0.0478515625
0 0.1953125 0.8037109375 0.0654296875 0.0673828125
0 0.12890625 0.79296875 0.0478515625 0.0546875
0 0.1025390625 0.525390625 0.0498046875 0.0498046875
0 0.2646484375 0.2646484375 0.044921875 0.0498046875
0 0.2763671875 0.9697265625 0.0625 0.0546875
0 0.564453125 0.6083984375 0.0419921875 0.044921875
0 0.552734375 0.19921875 0.046875 0.05078125
0 0.263671875 0.8994140625 0.0537109375 0.0625