0 0.6817491319444444 0.47874710648148144 0.07730034722222223 0.07730034722222223
0 0.9871889467592593 0.42666377314814813 0.025622106481481444 0.06485821759259258
0 0.2601996527777778 0.03314525462962963 0.05888310185185186 0.020399305555555552
0 0.8773292824074075 0.30199652777777775 0.045587384259259345 0.045587384259259345
0 0.9139033564814816 0.9254484953703703 0.04952256944444455 0.04759837962962976
0 0.5264973958333333 0.016587094907407406 0.06471354166666665 0.018532986111111115
0 0.8267071759259259 0.311986400462963 0.04955150462962976 0.04955150462962954
0 0.3076027199074074 0.3990017361111111 0.03961226851851851 0.03768807870370372
0 0.7571686921296297 0.2972873263888889 0.06532118055555536 0.059548611111111094
0 0.4339265046296297 0.1606915509259259 0.05543981481481475 0.051591435185185164
0 0.6847728587962962 0.5510416666666667 0.07126736111111098 0.06549479166666661
0 0.6009910300925926 0.03624131944444444 0.07307581018518516 0.05575810185185186
0 0.6241319444444444 0.3460865162037037 0.06141493055555558 0.05949074074074079
0 0.6743706597222223 0.37612123842592593 0.05150462962962976 0.04958043981481486
0 0.30829716435185184 0.05045572916666667 0.05943287037037037 0.05750868055555555
0 0.9744936342592592 0.6656611689814815 0.04756944444444455 0.04756944444444455
0 0.6053240740740741 0.3946252893518518 0.06141493055555558 0.05949074074074079
0 0.6755931712962964 0.1291232638888889 0.07528935185185182 0.07336516203703702
0 0.46956018518518516 0.19343894675925927 0.08505497685185182 0.07350983796296295
0 0.3322337962962963 0.1503978587962963 0.04955150462962965 0.04955150462962965
0 0.5209129050925926 0.03505497685185185 0.07307581018518516 0.05575810185185186
0 0.7244646990740741 0.26458333333333334 0.053544560185185164 0.055468749999999956
0 0.9757233796296296 0.7145037615740741 0.048553240740740744 0.04564525462962976
0 0.38306568287037035 0.08866464120370371 0.04955150462962954 0.04955150462962965
0 0.52421875 0.060489004629629625 0.069285300925926 0.06351273148148148
0 0.5390335648148148 0.40145399305555557 0.06549479166666661 0.0712673611111111
0 0.5263382523148148 0.26945891203703703 0.08519965277777786 0.08327546296296295