0 0.38636429398148153 0.32491319444444444 0.12200520833333339 0.13022280092592586
0 0.3392288773148148 0.8201099537037038 0.09642650462962965 0.10332754629629637
0 0.1708695023148148 0.5135416666666667 0.08061342592592591 0.07701099537037037
0 0.31114728009259257 0.4583333333333333 0.1494068287037037 0.1396556712962963
0 0.4769748263888889 0.5549985532407407 0.09252025462962954 0.1030960648148147
0 0.45613425925925927 0.1156105324074074 0.08078703703703705 0.10044849537037037
0 0.9680555555555556 0.04225983796296297 0.06388888888888888 0.05069444444444446
0 0.6352430555555555 0.6863064236111112 0.10037615740740735 0.10941840277777759
0 0.5506727430555556 0.612181712962963 0.08654513888888893 0.08712384259259265
0 0.8572554976851852 0.32241030092592593 0.07677951388888893 0.08654513888888893
0 0.0816623263888889 0.341015625 0.07870370370370372 0.08275462962962965
0 0.12931134259259258 0.4427300347222222 0.066869212962963 0.06643518518518521
0 0.08671875 0.10037615740740741 0.053414351851851866 0.09492187499999999
0 0.9355107060185186 0.5991464120370371 0.08858506944444455 0.09895833333333348
0 0.47158564814814813 0.8826099537037038 0.08463541666666663 0.09286747685185182
0 0.3691767939814815 0.11490162037037037 0.09445891203703694 0.10125868055555556
0 0.4747251157407407 0.6469690393518519 0.06688368055555549 0.06838831018518521
0 0.9849464699074074 0.14283854166666665 0.030107060185185164 0.09560185185185188
0 0.9356336805555556 0.7476417824074074 0.057349537037036935 0.09905960648148149
0 0.4970847800925926 0.3681785300925926 0.09058159722222214 0.10493344907407409
0 0.9691044560185185 0.5180193865740741 0.05512152777777768 0.061834490740740655
0 0.02560040509259259 0.4224971064814815 0.04564525462962963 0.10031828703703705
0 0.13950376157407407 0.10408709490740742 0.06497395833333336 0.07413194444444443
0 0.19892216435185184 0.7395182291666667 0.11610243055555558 0.12401620370370381
0 0.5196397569444444 0.11575520833333335 0.08269675925925934 0.09470486111111112
0 0.8372902199074075 0.7925491898148149 0.0453414351851853 0.059302662037036935
0 0.35467303240740744 0.6628761574074074 0.05513599537037028 0.06378761574074066
0 0.24131221064814815 0.007653356481481482 0.07637442129629629 0.015306712962962965
0 0.6795355902777778 0.598683449074074 0.0688512731481481 0.07045717592592604
0 0.4962022569444444 0.776613136574074 0.0669126157407407 0.07229456018518521
0 0.7663628472222221 0.054239004629629634 0.0668981481481481 0.07034143518518518
0 0.9387659143518519 0.3791304976851852 0.05703125000000009 0.05609085648148149
0 0.6348234953703704 0.8934534143518518 0.06482928240740726 0.054600694444444375
0 0.6829644097222223 0.015339265046296298 0.06087962962962967 0.030678530092592596
0 0.02527488425925926 0.5104456018518518 0.043431712962962964 0.06504629629629632