0 0.5308159722222222 0.27899305555555554 0.0625 0.05587384259259265
0 0.6141131365740741 0.37005931712962964 0.04861111111111116 0.0493055555555556
0 0.6564670138888888 0.38200231481481484 0.0389901620370372 0.05270543981481479
0 0.7432002314814814 0.35530960648148147 0.04673032407407396 0.051157407407407485
0 0.8630280671296297 0.24845920138888888 0.06474247685185186 0.06378761574074077
0 0.9289279513888888 0.5540292245370371 0.04658564814814836 0.04725115740740726
0 0.9224175347222223 0.7729962384259259 0.06712962962962976 0.07560763888888888
0 0.5363498263888888 0.8231553819444444 0.07421875 0.05648148148148158
0 0.25452112268518523 0.845580150462963 0.07501446759259256 0.07796585648148158
0 0.18594473379629628 0.8361762152777777 0.05497685185185186 0.06328124999999996
0 0.1261935763888889 0.5650390625 0.056712962962962965 0.057523148148148184
0 0.25755931712962965 0.2960141782407407 0.05280671296296302 0.05732060185185195
0 0.3556857638888889 0.9888382523148148 0.06973379629629628 0.022323495370370372
0 0.6034071180555556 0.6336443865740741 0.04868344907407396 0.05125868055555549
0 0.5383029513888888 0.2179759837962963 0.0547598379629628 0.057421874999999956
0 0.33600983796296297 0.9404513888888889 0.06307870370370372 0.07149884259259265