0 0.6368127893518518 0.3593388310185185 0.12288773148148158 0.12557870370370372
0 0.6861689814814815 0.8579644097222222 0.09714988425925908 0.10120081018518512
0 0.8543475115740741 0.5489366319444444 0.08114872685185182 0.0752314814814814
0 0.7129846643518518 0.49392361111111116 0.1503472222222222 0.13440393518518512
0 0.5456018518518518 0.5931351273148149 0.0932436342592593 0.10105613425925908
0 0.564380787037037 0.14778645833333331 0.08149594907407387 0.09866898148148151
0 0.04712818287037037 0.08470775462962962 0.06491608796296296 0.03363715277777779
0 0.3864945023148148 0.7238859953703703 0.10114293981481481 0.10720486111111116
0 0.47128906249999997 0.6499204282407407 0.08718171296296295 0.08716724537037024
0 0.16051070601851852 0.3592664930555556 0.07738715277777775 0.08485243055555558
0 0.9434968171296296 0.3736255787037037 0.07928240740740744 0.0810185185185186
0 0.8962311921296295 0.47728587962962965 0.06733217592592577 0.0649594907407407
0 0.9282045717592593 0.13198061342592593 0.03450520833333348 0.08912037037037035
0 0.08266059027777778 0.6384548611111112 0.08927951388888888 0.09700520833333348
0 0.5524305555555555 0.9223090277777778 0.08525752314814827 0.08904803240740744
0 0.6522135416666667 0.14713541666666669 0.09516782407407409 0.09917534722222221
0 0.5489149305555556 0.6850043402777778 0.06733217592592577 0.0649594907407407
0 0.023140914351851852 0.1784939236111111 0.042404513888888884 0.09526909722222221
0 0.07901475694444444 0.7876519097222223 0.06592881944444445 0.10199652777777768
0 0.5242549189814815 0.4039713541666667 0.09131944444444451 0.10293692129629628
0 0.048271122685185186 0.5571469907407407 0.05555555555555555 0.0606192129629628
0 0.9891059027777778 0.45840567129629634 0.021788194444444464 0.09476273148148151
0 0.8843315972222222 0.13523582175925927 0.06744791666666661 0.07277199074074076
0 0.8274739583333334 0.7773075810185186 0.11694155092592595 0.11950231481481488
0 0.4999710648148148 0.14832899305555558 0.08339120370370368 0.09483506944444442
0 0.18217592592592594 0.8334418402777778 0.04576099537037037 0.05830439814814814
0 0.669191261574074 0.7001953125 0.05558449074074079 0.06257233796296302
0 0.34029947916666664 0.6362847222222222 0.0712962962962963 0.06901041666666674
0 0.5274305555555556 0.8159722222222223 0.0654658564814814 0.07074652777777768
0 0.2501953125 0.08832465277777779 0.06741898148148151 0.07081886574074076
0 0.07838541666666667 0.41576244212962965 0.05745081018518519 0.05678530092592593
0 0.3886429398148148 0.9347873263888888 0.06520543981481475 0.05316840277777768
0 0.33446180555555555 0.04459635416666667 0.05707465277777779 0.03139467592592593
0 0.9898726851851851 0.5443431712962963 0.02025462962962976 0.0596064814814814