0 0.63671875 0.3798828125 0.1005859375 0.1015625
0 0.59375 0.8564453125 0.0791015625 0.08203125
0 0.8095703125 0.5869140625 0.0673828125 0.0595703125
0 0.685546875 0.515625 0.1259765625 0.1044921875
0 0.5078125 0.5869140625 0.076171875 0.08203125
0 0.6064453125 0.169921875 0.0634765625 0.08203125
0 0.1259765625 0.0283203125 0.0615234375 0.0517578125
0 0.3330078125 0.69140625 0.0810546875 0.087890625
0 0.4267578125 0.6318359375 0.0712890625 0.068359375
0 0.1826171875 0.31640625 0.0615234375 0.068359375
0 0.9267578125 0.43359375 0.0654296875 0.064453125
0 0.86328125 0.5244140625 0.0556640625 0.05078125
0 0.9736328125 0.2041015625 0.052734375 0.08203125
0 0.0595703125 0.5703125 0.0712890625 0.078125
0 0.455078125 0.8994140625 0.0693359375 0.072265625
0 0.6904296875 0.181640625 0.0771484375 0.0791015625
0 0.494140625 0.6748046875 0.0546875 0.0517578125
0 0.0615234375 0.123046875 0.0751953125 0.078125
0 0.02734375 0.7119140625 0.0546875 0.087890625
0 0.521484375 0.40625 0.0732421875 0.0849609375
0 0.041015625 0.48828125 0.0439453125 0.0498046875
0 0.9765625 0.521484375 0.044921875 0.0908203125
0 0.9130859375 0.2001953125 0.052734375 0.05859375
0 0.021484375 0.021484375 0.04296875 0.04296875
0 0.7431640625 0.798828125 0.0947265625 0.0966796875
0 0.544921875 0.162109375 0.06640625 0.0771484375
0 0.1181640625 0.7666015625 0.03515625 0.048828125
0 0.6064453125 0.705078125 0.044921875 0.05078125
0 0.8369140625 0.064453125 0.0625 0.0634765625
0 0.978515625 0.0751953125 0.04296875 0.048828125
0 0.3046875 0.6015625 0.0576171875 0.0546875
0 0.4501953125 0.7958984375 0.0537109375 0.056640625
0 0.318359375 0.072265625 0.0546875 0.056640625
0 0.0947265625 0.359375 0.0478515625 0.0439453125
0 0.2958984375 0.8896484375 0.0556640625 0.0390625
0 0.4072265625 0.037109375 0.052734375 0.0341796875
0 0.9609375 0.60546875 0.0498046875 0.05078125