0 0.6231987847222222 0.4888961226851851 0.06992187499999991 0.07537615740740744
0 0.7528211805555556 0.004304108796296294 0.04986979166666661 0.008608217592592587
0 0.9586371527777777 0.44155092592592593 0.0678385416666667 0.0693721064814814
0 0.24585503472222223 0.023220486111111112 0.057942708333333315 0.046440972222222224
0 0.8354817708333333 0.31372974537037035 0.03993055555555558 0.0419560185185186
0 0.8090494791666667 0.9290002893518519 0.043489583333333304 0.02662037037037024
0 0.5145833333333334 0.016348379629629626 0.06566840277777786 0.03269675925925925
0 0.7848524305555555 0.3243272569444444 0.04396701388888902 0.04810474537037046
0 0.2573784722222222 0.40154803240740744 0.035894097222222254 0.03580729166666674
0 0.7169921875 0.3078342013888889 0.05980902777777786 0.05902777777777779
0 0.4066840277777778 0.16550925925925924 0.05182291666666661 0.05063657407407407
0 0.6199001736111112 0.560546875 0.06575520833333348 0.06336805555555558
0 0.5877387152777778 0.037651909722222224 0.06779513888888888 0.06741898148148148
0 0.5791449652777778 0.3552155671296296 0.05585937499999982 0.05678530092592593
0 0.6248046875 0.3850911458333333 0.04787326388888902 0.04839409722222221
0 0.29268663194444444 0.053638599537037035 0.05386284722222223 0.0546875
0 0.8974392361111112 0.6808449074074074 0.04392361111111098 0.04615162037037024
0 0.5557508680555556 0.4029224537037037 0.05590277777777786 0.05873842592592593
0 0.6516059027777779 0.13856336805555555 0.06983506944444429 0.07146990740740738
0 0.43971354166666665 0.19925491898148148 0.07960069444444451 0.07219328703703703
0 0.3066623263888889 0.15433304398148145 0.045920138888888906 0.04824942129629628
0 0.5083550347222222 0.0341796875 0.06601562500000013 0.068359375
0 0.6869140625 0.2748480902777778 0.04800347222222223 0.05425347222222221
0 0.8946180555555556 0.7299623842592593 0.04583333333333339 0.04434317129629628
0 0.36299913194444444 0.09244791666666666 0.045876736111111094 0.04629629629629628
0 0.5071831597222223 0.06611689814814814 0.06371527777777786 0.05931712962962965
0 0.4873914930555555 0.4079861111111111 0.06006944444444451 0.07074652777777779
0 0.4883680555555555 0.27586082175925924 0.07782118055555554 0.07986111111111116