0 0.4560546875 0.46484375 0.0673828125 0.0595703125
0 0.6826171875 0.107421875 0.0751953125 0.0751953125
0 0.3876953125 0.662109375 0.0498046875 0.0498046875
0 0.458984375 0.8447265625 0.0576171875 0.0546875
0 0.21875 0.6728515625 0.04296875 0.0400390625
0 0.1748046875 0.7763671875 0.0400390625 0.0478515625
0 0.853515625 0.0986328125 0.04296875 0.0478515625
0 0.9736328125 0.1279296875 0.052734375 0.095703125
0 0.4970703125 0.4130859375 0.056640625 0.044921875
0 0.6572265625 0.2236328125 0.0576171875 0.060546875
0 0.3408203125 0.7373046875 0.044921875 0.0576171875