0 0.3046875 0.2412109375 0.330078125 0.287109375
0 0.8408203125 0.353515625 0.3125 0.27734375
0 0.712890625 0.697265625 0.25 0.3447265625
0 0.44140625 0.0478515625 0.2822265625 0.0947265625
0 0.1865234375 0.74609375 0.2822265625 0.287109375
0 0.455078125 0.5712890625 0.2353515625 0.1923828125
0 0.4462890625 0.7822265625 0.2412109375 0.2744140625
0 0.921875 0.9208984375 0.15625 0.158203125
0 0.5849609375 0.3369140625 0.3681640625 0.2607421875
0 0.830078125 0.1083984375 0.24609375 0.216796875
0 0.083984375 0.18359375 0.16796875 0.177734375