0 0.5488642939814815 0.6640625 0.36400462962962954 0.361328125
0 0.8583514178240741 0.7392578125 0.2832971643518518 0.44921875
0 0.11216001157407407 0.5078125 0.22009548611111113 0.4453125
0 0.668822337962963 0.115234375 0.27705439814814814 0.224609375
0 0.42432725694444445 0.19921875 0.26740451388888886 0.240234375
0 0.3050925925925926 0.845703125 0.26775173611111114 0.287109375
0 0.8829716435185185 0.203125 0.23405671296296293 0.3203125
0 0.8273726851851853 0.953125 0.23116319444444455 0.09375
0 0.5058015046296296 0.9150390625 0.22977430555555545 0.169921875
0 0.14590567129629628 0.185546875 0.236328125 0.263671875
0 0.45067274305555555 0.064453125 0.2880642361111111 0.12890625
0 0.09126157407407406 0.8505859375 0.17138310185185185 0.197265625