0 0.15823206018518518 0.14738859953703703 0.31603009259259257 0.23618344907407407
0 0.9204210069444445 0.8620153356481481 0.15915798611111098 0.2759693287037037
0 0.21948061342592592 0.5101273148148149 0.4349103009259259 0.47337962962962976
0 0.7350405092592593 0.911548755787037 0.24956597222222232 0.17690248842592604
0 0.16321614583333335 0.820240162037037 0.25593171296296297 0.29224537037037024
0 0.5973017939814815 0.3917100694444444 0.387673611111111 0.42107928240740744
0 0.6939814814814815 0.13534432870370372 0.31374421296296306 0.19111689814814814
0 0.43621961805555554 0.12308304398148148 0.20827546296296306 0.18330439814814814
0 0.04787326388888889 0.2700014467592593 0.09375 0.2704716435185186
0 0.32905815972222224 0.9254557291666667 0.18872974537037035 0.14908854166666652
0 0.9819227430555555 0.5853226273148149 0.03615451388888902 0.2431278935185186
0 0.8343605324074075 0.2443214699074074 0.2755208333333332 0.3015046296296296
0 0.8606987847222223 0.5910011574074074 0.27860243055555545 0.36067708333333326
0 0.8713107638888888 0.09382233796296297 0.10980902777777768 0.06669560185185186