0 0.2577039930555556 0.7001085069444445 0.24392361111111116 0.2173321759259259
0 0.8348524305555556 0.22280092592592593 0.19900173611111116 0.21500289351851853
0 0.7296730324074074 0.9310040509259259 0.16232638888888884 0.0668981481481481
0 0.7841796875 0.3277705439814815 0.16558159722222232 0.1547887731481482
0 0.25405092592592593 0.5355758101851852 0.19979745370370372 0.18385416666666665
0 0.13661024305555555 0.8642867476851852 0.15198206018518517 0.15603298611111116
0 0.927662037037037 0.29596354166666666 0.13295717592592604 0.37922453703703707
0 0.7578125 0.144921875 0.0849247685185186 0.08237847222222222
0 0.004557291666666664 0.7979166666666666 0.009114583333333329 0.19322916666666679
0 0.5940393518518519 0.7245804398148148 0.18923611111111116 0.16186342592592595
0 0.08503327546296297 0.6778718171296296 0.15986689814814814 0.15839120370370363
0 0.2571976273148148 0.24008246527777777 0.3179253472222222 0.2679542824074074
0 0.7646484375 0.5919487847222222 0.22439236111111116 0.2689525462962963
0 0.6863064236111112 0.08706958912037037 0.19444444444444464 0.17413917824074074
0 0.5181206597222222 0.3532624421296296 0.39532696759259256 0.4630063657407407