0 0.3315104166666667 0.6900173611111111 0.3916666666666666 0.3753472222222223
0 0.0841796875 0.6613715277777779 0.168359375 0.4555555555555557
0 0.8231770833333334 0.6940972222222223 0.2940104166666666 0.4609375
0 0.42610677083333337 0.12194010416666667 0.30013020833333326 0.23094618055555555
0 0.6235677083333333 0.284765625 0.28580729166666674 0.2501302083333333
0 0.5018880208333334 0.8993055555555556 0.2777343750000001 0.20138888888888884
0 0.164453125 0.14448784722222222 0.3 0.28750000000000003
0 0.035872395833333334 0.8871527777777778 0.07174479166666667 0.11805555555555558
0 0.28125 0.9273654513888889 0.234375 0.14526909722222214
0 0.8753906250000001 0.3656684027777778 0.2210937500000001 0.27404513888888893
0 0.657421875 0.11436631944444445 0.3080729166666667 0.20381944444444444
0 0.7069010416666667 0.9616536458333333 0.18776041666666665 0.0766927083333333