0 0.2645616319444445 0.5325376157407408 0.4296440972222222 0.4067418981481481
0 0.19624565972222222 0.8387008101851852 0.33016493055555557 0.2750578703703703
0 0.4017578125 0.24011863425925925 0.13897569444444446 0.14260706018518515
0 0.7509548611111111 0.39819878472222225 0.4980902777777778 0.6808304398148148
0 0.44565972222222217 0.8908564814814814 0.26397569444444446 0.2182870370370371
0 0.8945963541666666 0.8516637731481481 0.21080729166666679 0.24631076388888884
0 0.8985460069444444 0.9588975694444444 0.14726562499999996 0.08220486111111125
0 0.69609375 0.9041811342592593 0.2826388888888889 0.19163773148148144
0 0.20466579861111112 0.23817997685185185 0.35273437500000004 0.3439959490740741
0 0.9860894097222221 0.27230179398148147 0.027821180555555713 0.2451244212962963
0 0.5486762152777778 0.7369864004629629 0.22625868055555554 0.21931423611111112
0 0.9490668402777778 0.640111400462963 0.10186631944444446 0.27513020833333335
0 0.26254340277777777 0.07019675925925925 0.25555555555555554 0.13240740740740742