0 0.2509765625 0.572265625 0.34765625 0.3251953125
0 0.2265625 0.8896484375 0.287109375 0.21484375
0 0.33984375 0.2587890625 0.1103515625 0.1171875
0 0.7177734375 0.333984375 0.39453125 0.587890625
0 0.48046875 0.8974609375 0.21484375 0.1953125
0 0.91015625 0.7470703125 0.1787109375 0.20703125
0 0.9375 0.9033203125 0.1240234375 0.1650390625
0 0.7255859375 0.8857421875 0.23046875 0.228515625
0 0.1513671875 0.30078125 0.2841796875 0.27734375
0 0.958984375 0.1572265625 0.08203125 0.23046875
0 0.552734375 0.7099609375 0.1826171875 0.177734375
0 0.951171875 0.525390625 0.09765625 0.25390625
0 0.1767578125 0.083984375 0.216796875 0.16796875