0 0.5890480324074074 0.2789641203703704 0.31032986111111116 0.29513888888888884
0 0.9075882523148149 0.32731481481481484 0.18482349537037024 0.2494936342592593
0 0.07311197916666666 0.09618055555555556 0.14483506944444444 0.17092013888888888
0 0.804224537037037 0.6456958912037037 0.35326967592592595 0.4926359953703703
0 0.047374131944444446 0.48619068287037037 0.049609375 0.21121238425925926
0 0.4960286458333333 0.9019965277777777 0.2280237268518519 0.19105902777777795
0 0.7172019675925926 0.9247829861111111 0.23271122685185186 0.13838252314814814
0 0.16199363425925928 0.5244212962962963 0.21804108796296295 0.22026909722222232
0 0.7390842013888889 0.1265263310185185 0.19301215277777772 0.253052662037037
0 0.8935546875 0.11427228009259259 0.212890625 0.22854456018518518
0 0.8854021990740741 0.007826967592592594 0.19658564814814827 0.015653935185185187
0 0.9711516203703704 0.6208405671296297 0.05769675925925921 0.30337094907407414