0 0.4814453125 0.806640625 0.2470703125 0.2529296875
0 0.7734375 0.9140625 0.20703125 0.142578125
0 0.9091796875 0.7978515625 0.1279296875 0.16015625
0 0.1240234375 0.2509765625 0.20703125 0.2421875
0 0.0634765625 0.0849609375 0.126953125 0.162109375
0 0.2646484375 0.943359375 0.2548828125 0.107421875
0 0.333984375 0.42578125 0.09765625 0.1123046875
0 0.3486328125 0.26171875 0.1650390625 0.2109375
0 0.287109375 0.6572265625 0.3232421875 0.22265625
0 0.0703125 0.7734375 0.140625 0.3046875
0 0.087890625 0.498046875 0.17578125 0.1787109375
0 0.8603515625 0.322265625 0.279296875 0.2431640625
0 0.8779296875 0.560546875 0.244140625 0.2880859375
0 0.7109375 0.7705078125 0.1591796875 0.154296875
0 0.5615234375 0.5087890625 0.3251953125 0.32421875
0 0.58203125 0.201171875 0.2724609375 0.25
0 0.26953125 0.1142578125 0.1982421875 0.1767578125
0 0.6513671875 0.0263671875 0.1923828125 0.052734375
0 0.9404296875 0.0703125 0.119140625 0.091796875