0 0.5205078125 0.8378544560185186 0.3231770833333334 0.3242910879629628
0 0.1986328125 0.8805338541666667 0.25442708333333336 0.20153356481481488
0 0.09811197916666667 0.7282986111111112 0.11210937500000001 0.19487847222222232
0 0.9069010416666667 0.3480902777777778 0.18619791666666652 0.30353009259259256
0 0.9738932291666667 0.20967158564814814 0.052213541666666696 0.14677372685185186
0 0.7354817708333333 0.973705150462963 0.29127604166666665 0.05258969907407396
0 0.7133463541666667 0.48234953703703703 0.13007812499999982 0.14373553240740733
0 0.7142578125 0.3065321180555556 0.2236979166666666 0.26533564814814814
0 0.7408203125 0.7341218171296297 0.39622395833333335 0.3169849537037037
0 0.9245442708333333 0.8628110532407407 0.1509114583333333 0.2743778935185186
0 0.9266927083333334 0.6105324074074074 0.14661458333333321 0.22395833333333326
0 0.18372395833333333 0.24877025462962962 0.3184895833333333 0.3170572916666667
0 0.15410156249999998 0.48951099537037035 0.26653645833333334 0.3540219907407407
0 0.2801432291666667 0.7476128472222222 0.20598958333333328 0.20377604166666674
0 0.46360677083333335 0.5114655671296297 0.4229166666666666 0.425853587962963
0 0.47115885416666664 0.18746383101851852 0.3485677083333333 0.3309461805555555
0 0.8110026041666667 0.18348524305555555 0.24531250000000004 0.21057581018518517