0 0.13468243634259258 0.7441044560185186 0.26936487268518516 0.2672164351851851
0 0.0458984375 0.11997251157407407 0.091796875 0.23994502314814814
0 0.7081018518518518 0.5692274305555556 0.29474826388888875 0.27907986111111116
0 0.9271267361111111 0.09009693287037036 0.1421585648148147 0.18019386574074073
0 0.394140625 0.07078269675925926 0.34843749999999996 0.14156539351851852
0 0.5487991898148148 0.2234157986111111 0.16766493055555554 0.19950810185185186
0 0.35468026620370374 0.9539930555555556 0.3389322916666666 0.06018518518518512
0 0.9224464699074074 0.4714988425925926 0.13219039351851847 0.31770833333333337
0 0.7233000578703703 0.05385561342592592 0.3031684027777777 0.10771122685185185
0 0.9244502314814815 0.010452835648148147 0.15075231481481488 0.020905671296296294
0 0.6515046296296296 0.3746383101851852 0.22345196759259256 0.2406684027777778
0 0.8210648148148147 0.703125 0.31370081018518503 0.26099537037037046
0 0.16119068287037036 0.40574363425925924 0.3223813657407407 0.3408564814814815
0 0.16636284722222222 0.10753038194444445 0.15600405092592595 0.20059317129629628
0 0.8372829861111111 0.8792679398148149 0.2572627314814815 0.13208912037037024
0 0.8514322916666667 0.27018229166666663 0.23993055555555554 0.20486111111111116
0 0.37420428240740744 0.722583912037037 0.23028067129629637 0.2080439814814814
0 0.3812138310185185 0.32157841435185186 0.16122685185185182 0.17954282407407407