0 0.20749421296296297 0.4677734375 0.41498842592592594 0.439453125
0 0.1165870949074074 0.794921875 0.2331741898148148 0.296875
0 0.3695891203703704 0.1572265625 0.15758101851851847 0.154296875
0 0.715089699074074 0.3583984375 0.5682002314814816 0.689453125
0 0.30677806712962963 0.87109375 0.29457465277777783 0.2578125
0 0.795826099537037 0.8251953125 0.23816550925925917 0.26171875
0 0.7757812500000001 0.94921875 0.15836226851851842 0.1015625
0 0.5705005787037037 0.88671875 0.31811342592592595 0.2265625
0 0.18736979166666667 0.1669921875 0.33229166666666665 0.333984375
0 0.4442057291666667 0.6943359375 0.2563078703703703 0.23828125
0 0.9019097222222222 0.6005859375 0.14224537037037033 0.291015625
0 0.23896122685185184 0.021484375 0.2564525462962963 0.04296875