0 0.4072265625 0.6474609375 0.294921875 0.294921875
0 0.1064453125 0.6708984375 0.212890625 0.392578125
0 0.87890625 0.5712890625 0.2373046875 0.392578125
0 0.3740234375 0.1064453125 0.232421875 0.20703125
0 0.587890625 0.236328125 0.2197265625 0.1923828125
0 0.607421875 0.861328125 0.21484375 0.2578125
0 0.126953125 0.1669921875 0.2529296875 0.2705078125
0 0.103515625 0.923828125 0.205078125 0.15234375
0 0.412109375 0.9111328125 0.193359375 0.177734375
0 0.8701171875 0.267578125 0.2275390625 0.220703125
0 0.5849609375 0.0751953125 0.251953125 0.150390625
0 0.810546875 0.90234375 0.1494140625 0.1865234375