0 0.5058376736111111 0.8624131944444444 0.3037760416666666 0.27517361111111116
0 0.8189887152777777 0.9712094907407407 0.23606770833333313 0.0575810185185186
0 0.9440212673611111 0.9152018229166667 0.11195746527777772 0.16959635416666652
0 0.14385850694444444 0.23151765046296297 0.256640625 0.29029224537037035
0 0.09772135416666666 0.0708912037037037 0.13294270833333333 0.1394675925925926
0 0.2650607638888889 0.9609917534722222 0.28437500000000004 0.07801649305555558
0 0.3621744791666667 0.44921875 0.12300347222222219 0.13519965277777768
0 0.38654513888888886 0.2736545138888889 0.20811631944444442 0.2514467592592593
0 0.3008029513888889 0.6916594328703703 0.3831597222222223 0.285228587962963
0 0.09153645833333333 0.7872540509259259 0.12838541666666667 0.34403935185185186
0 0.1076388888888889 0.49146412037037035 0.18107638888888888 0.2133969907407407
0 0.8849175347222222 0.4007523148148149 0.23016493055555554 0.2921006944444444
0 0.8960286458333333 0.6607349537037037 0.2079427083333334 0.33854166666666674
0 0.7562934027777778 0.8713469328703703 0.19557291666666665 0.18858506944444442
0 0.6053168402777778 0.5674189814814815 0.3998263888888889 0.3969907407407407
0 0.6433810763888889 0.23929398148148145 0.3335069444444445 0.30873842592592593
0 0.3070746527777778 0.10886863425925926 0.23914930555555558 0.20384837962962962
0 0.7253689236111112 0.06586371527777778 0.21558159722222214 0.06843171296296297
0 0.9825737847222222 0.1398654513888889 0.034852430555555536 0.10684317129629628