0 0.662109375 0.7470703125 0.1982421875 0.158203125
0 0.2294921875 0.2021484375 0.15234375 0.16796875
0 0.142578125 0.927734375 0.1328125 0.1142578125
0 0.251953125 0.30859375 0.1328125 0.1142578125
0 0.7080078125 0.59375 0.162109375 0.134765625
0 0.73828125 0.9228515625 0.1171875 0.1201171875
0 0.072265625 0.248046875 0.1435546875 0.341796875
0 0.32421875 0.140625 0.06640625 0.0625
0 0.2509765625 0.9716796875 0.185546875 0.056640625
0 0.9482421875 0.9072265625 0.103515625 0.185546875
0 0.333984375 0.712890625 0.1552734375 0.1162109375
0 0.8330078125 0.755859375 0.1259765625 0.1201171875
0 0.7802734375 0.31640625 0.263671875 0.189453125
0 0.2041015625 0.560546875 0.1640625 0.2177734375
0 0.412109375 0.083984375 0.1533203125 0.166015625
0 0.5009765625 0.37890625 0.2890625 0.375