0 0.22978153935185186 0.7287543402777777 0.2841435185185185 0.2485677083333333
0 0.06879340277777778 0.12005208333333334 0.13715277777777776 0.22838541666666667
0 0.7790436921296297 0.6069227430555556 0.2845775462962963 0.2602864583333333
0 0.9374638310185186 0.15481770833333333 0.1250723379629628 0.18311631944444445
0 0.4234302662037037 0.08706597222222222 0.33514178240740744 0.15138888888888888
0 0.5906756365740741 0.25926649305555555 0.16297743055555558 0.18858506944444442
0 0.47587528935185186 0.9631944444444445 0.32935474537037046 0.07361111111111107
0 0.9554759837962963 0.528515625 0.08904803240740744 0.30138888888888893
0 0.7375217013888888 0.09127604166666667 0.2914496527777777 0.12994791666666666
0 0.9256727430555556 0.06453993055555556 0.13259548611111116 0.052690972222222215
0 0.7056568287037037 0.41549479166666664 0.21701388888888884 0.2260850694444444
0 0.8752170138888888 0.7444661458333333 0.24956597222222232 0.24058159722222205
0 0.20326967592592593 0.4077907986111111 0.37854456018518523 0.32296006944444433
0 0.20909288194444445 0.11751302083333334 0.15133101851851855 0.19001736111111112
0 0.9058521412037037 0.9284939236111112 0.18829571759259256 0.14301215277777768
0 0.8860496238425926 0.3300347222222222 0.22790075231481488 0.18975694444444446
0 0.4715711805555556 0.7287760416666667 0.2217158564814814 0.19509548611111116
0 0.4386935763888889 0.3412326388888889 0.15639467592592593 0.16879340277777777
0 0.07096354166666666 0.8893880208333333 0.07067418981481483 0.1708333333333334