0 0.6697265625 0.7780164930555555 0.2388020833333333 0.18527199074074074
0 0.16927083333333334 0.1525462962962963 0.188671875 0.19466145833333337
0 0.11614583333333332 0.9369212962962963 0.11406249999999998 0.10040509259259256
0 0.19772135416666667 0.2718388310185185 0.16119791666666666 0.13394097222222223
0 0.7141276041666667 0.6094835069444444 0.19596354166666674 0.15762442129629628
0 0.7576822916666667 0.9525173611111111 0.14140624999999996 0.09496527777777786
0 0.04921875 0.19655671296296295 0.08802083333333334 0.383275462962963
0 0.27239583333333334 0.08888888888888888 0.08098958333333328 0.07282986111111112
0 0.2197265625 0.9825882523148148 0.2104166666666667 0.02303240740740753
0 0.962109375 0.9309461805555556 0.07578124999999991 0.13810763888888888
0 0.30305989583333337 0.7245442708333334 0.18671875000000004 0.13608217592592586
0 0.8602864583333334 0.796021412037037 0.1537760416666667 0.13974247685185182
0 0.785546875 0.3044994212962963 0.3154947916666666 0.22293113425925926
0 0.152734375 0.5487123842592593 0.20598958333333334 0.2494502314814815
0 0.36822916666666666 0.062268518518518515 0.18177083333333333 0.12042824074074074
0 0.476953125 0.3607783564814815 0.36445312500000004 0.4302228009259259