0 0.2060546875 0.7041015625 0.259765625 0.2236328125
0 0.078125 0.119140625 0.13671875 0.220703125
0 0.7412109375 0.572265625 0.2607421875 0.234375
0 0.9296875 0.134765625 0.1337890625 0.166015625
0 0.427734375 0.0732421875 0.314453125 0.146484375
0 0.5791015625 0.244140625 0.1474609375 0.1708984375
0 0.4306640625 0.9482421875 0.314453125 0.103515625
0 0.94140625 0.4951171875 0.1171875 0.283203125
0 0.7314453125 0.068359375 0.2744140625 0.130859375
0 0.92578125 0.03515625 0.1474609375 0.0703125
0 0.6806640625 0.3896484375 0.1982421875 0.2041015625
0 0.8544921875 0.7041015625 0.2841796875 0.21484375
0 0.1982421875 0.3955078125 0.3466796875 0.2880859375
0 0.21875 0.1171875 0.1357421875 0.173828125
0 0.8798828125 0.908203125 0.2392578125 0.1806640625
0 0.8623046875 0.3037109375 0.212890625 0.169921875
0 0.439453125 0.697265625 0.2041015625 0.1748046875
0 0.427734375 0.326171875 0.142578125 0.15234375
0 0.0380859375 0.8642578125 0.076171875 0.1591796875