0 0.36985677083333335 0.34357638888888886 0.27916666666666656 0.2733506944444444
0 0.0814453125 0.3819661458333333 0.162890625 0.23064236111111114
0 0.8819661458333333 0.15477430555555555 0.2178385416666666 0.22973090277777775
0 0.3207682291666667 0.05147569444444444 0.2529947916666666 0.08524305555555556
0 0.17845052083333335 0.6729817708333333 0.3165364583333333 0.4541666666666666
0 0.9079427083333333 0.5437934027777778 0.1299479166666666 0.19661458333333326
0 0.4599609375 0.91318359375 0.20677083333333335 0.17363281249999996
0 0.25709635416666665 0.9330946180555555 0.2113281250000001 0.13207465277777786
0 0.7618489583333333 0.5754991319444445 0.1967447916666667 0.20542534722222228
0 0.23372395833333331 0.196484375 0.17408854166666665 0.24531250000000004
0 0.09456380208333333 0.17821180555555555 0.18912760416666666 0.22912326388888893
0 0.0966796875 0.05032552083333333 0.193359375 0.10013020833333333
0 0.025 0.6483506944444444 0.05 0.27717013888888875
0 0.7041015625 0.07536892361111111 0.08528645833333326 0.08168402777777778