0 0.3409288194444444 0.18307653356481482 0.4126157407407407 0.36615306712962964
0 0.8455946180555556 0.3527488425925926 0.30881076388888884 0.35526620370370365
0 0.7253689236111112 0.6955946180555556 0.3438223379629628 0.4151186342592592
0 0.4985894097222222 0.036689814814814814 0.3096788194444444 0.07337962962962963
0 0.19639756944444445 0.6916304976851853 0.31438078703703703 0.3589265046296295
0 0.46849681712962965 0.5381872106481481 0.290943287037037 0.2525318287037037
0 0.4415147569444445 0.7565538194444444 0.3168402777777778 0.33962673611111116
0 0.9123263888888888 0.9008825231481481 0.17534722222222232 0.10842013888888902
0 0.6231192129629629 0.30833333333333335 0.4442274305555556 0.3530092592592593
0 0.8724681712962963 0.11765769675925926 0.25506365740740744 0.23531539351851852
0 0.13469328703703703 0.10169632523148148 0.17910879629629628 0.20339265046296295