0 0.25734230324074076 0.07024016203703703 0.3173466435185185 0.14048032407407407
0 0.7459852430555556 0.8547092013888888 0.3080873842592591 0.2412471064814814
0 0.19947193287037038 0.38006365740740744 0.39894386574074076 0.4351851851851851
0 0.4819878472222222 0.8820167824074074 0.25665509259259256 0.20428240740740744
0 0.06731047453703703 0.6549840856481481 0.13462094907407407 0.2642505787037037
0 0.5689742476851851 0.3519241898148148 0.3949652777777777 0.3885995370370371
0 0.770435474537037 0.11185257523148148 0.3157552083333335 0.22370515046296297
0 0.5264756944444444 0.07691333912037036 0.208984375 0.15382667824074073
0 0.09252025462962962 0.12138310185185185 0.14699074074074076 0.2427662037037037
0 0.09847005208333333 0.839771412037037 0.19694010416666666 0.23914930555555536
0 0.8898654513888888 0.6214916087962963 0.13498263888888884 0.2445746527777779
0 0.8446903935185185 0.2715928819444444 0.2860243055555556 0.285228587962963
0 0.7495298032407407 0.5964988425925926 0.3169849537037037 0.3350694444444444
0 0.9460720486111112 0.09935619212962962 0.09888599537037024 0.15169270833333331