0 0.607421875 0.3271484375 0.2548828125 0.2548828125
0 0.9072265625 0.3837890625 0.1796875 0.2177734375
0 0.119140625 0.1103515625 0.197265625 0.21484375
0 0.6796875 0.0390625 0.2451171875 0.0771484375
0 0.7685546875 0.6640625 0.27734375 0.4326171875
0 0.05859375 0.494140625 0.1171875 0.1875
0 0.4716796875 0.8876953125 0.19140625 0.1669921875
0 0.669921875 0.9150390625 0.1982421875 0.1181640625
0 0.201171875 0.5322265625 0.1787109375 0.19140625
0 0.75390625 0.1904296875 0.15234375 0.2333984375
0 0.9052734375 0.18359375 0.189453125 0.21484375
0 0.9052734375 0.05078125 0.189453125 0.1005859375
0 0.9541015625 0.6513671875 0.091796875 0.26953125
0 0.2998046875 0.0419921875 0.078125 0.0751953125