0 0.787109375 0.08984375 0.275390625 0.1650390625
0 0.1279296875 0.8447265625 0.2548828125 0.2548828125
0 0.7900390625 0.4306640625 0.34765625 0.353515625
0 0.3828125 0.89453125 0.205078125 0.2109375
0 0.896484375 0.7109375 0.20703125 0.2236328125
0 0.4189453125 0.3583984375 0.306640625 0.314453125
0 0.28125 0.0966796875 0.2626953125 0.1923828125
0 0.5224609375 0.099609375 0.1728515625 0.1259765625
0 0.94140625 0.1923828125 0.1162109375 0.2275390625
0 0.7626953125 0.8828125 0.14453125 0.22265625
0 0.046875 0.5771484375 0.09375 0.2216796875
0 0.142578125 0.248046875 0.28515625 0.2265625
0 0.193359375 0.5673828125 0.240234375 0.27734375
0 0.0751953125 0.0673828125 0.150390625 0.134765625