0 0.9320674189814815 0.9753544560185186 0.13586516203703702 0.04929108796296289
0 0.22195457175925926 0.31217447916666663 0.18302951388888888 0.19691840277777772
0 0.34554398148148147 0.9076967592592593 0.1909143518518519 0.1846064814814814
0 0.6663845486111111 0.6114800347222222 0.25551215277777795 0.2299623842592593
0 0.39913917824074074 0.7743127893518518 0.16132812500000004 0.1665075231481481
0 0.9740017361111111 0.8033130787037037 0.05199652777777786 0.2548900462962962
0 0.8473668981481481 0.53203125 0.29532696759259247 0.3335503472222223
0 0.9164134837962963 0.10120804398148149 0.14142071759259256 0.11471354166666667
0 0.5219111689814815 0.21644241898148148 0.3241898148148148 0.2764756944444444
0 0.11676793981481481 0.21300636574074075 0.1103298611111111 0.1345775462962963
0 0.08180700231481482 0.3693359375 0.16080729166666666 0.359765625
0 0.23375289351851852 0.5870949074074074 0.22086226851851853 0.2964988425925925
0 0.06809895833333333 0.6273148148148149 0.12649016203703703 0.2076533564814813
0 0.07673611111111112 0.8673900462962962 0.1269675925925926 0.26521990740740753
0 0.20143952546296295 0.9614655671296296 0.19787326388888893 0.07706886574074079
0 0.391087962962963 0.992896412037037 0.18576388888888884 0.014207175925925908
0 0.6721064814814814 0.8421223958333333 0.3676504629629629 0.3157552083333335
0 0.24305555555555552 0.12974537037037037 0.1693865740740741 0.20011574074074073
0 0.08757233796296297 0.0933738425925926 0.1749710648148148 0.1633101851851852
0 0.9061559606481482 0.2978660300925926 0.11433738425925943 0.1484519675925926