0 0.7841796875 0.8921079282407407 0.259765625 0.11885127314814814
0 0.658203125 0.23933015046296297 0.212890625 0.21889467592592593
0 0.94140625 0.08846932870370369 0.1171875 0.17274305555555552
0 0.9326171875 0.29126880787037035 0.134765625 0.21506076388888884
0 0.8203125 0.6921657986111112 0.25390625 0.23169849537037024
0 0.5791015625 0.886791087962963 0.169921875 0.15321180555555536
0 0.4814453125 0.6606264467592593 0.173828125 0.18865740740740744
0 0.71484375 0.5456814236111112 0.189453125 0.20543981481481488
0 0.3955078125 0.888671875 0.185546875 0.17780671296296302
0 0.90625 0.40650318287037035 0.1875 0.16818576388888884
0 0.8681640625 0.8341290509259259 0.11328125 0.11581307870370372