0 0.087890625 0.8805772569444444 0.17578125 0.19197048611111112
0 0.3925636574074074 0.23310908564814814 0.1967158564814815 0.18328993055555554
0 0.14262152777777778 0.054680266203703705 0.16397569444444443 0.10936053240740741
0 0.08912760416666667 0.2285228587962963 0.17825520833333333 0.18679108796296295
0 0.10794270833333333 0.6309172453703704 0.21588541666666666 0.1864583333333334
0 0.255005787037037 0.873900462962963 0.15458622685185186 0.16059027777777768
0 0.42604890046296295 0.6591941550925926 0.15828993055555562 0.1567997685185185
0 0.24259259259259258 0.511545138888889 0.1747251157407408 0.1728877314814814
0 0.4330729166666667 0.8998263888888889 0.17206307870370363 0.1591579861111112
0 0.10101273148148149 0.3460792824074074 0.18832465277777777 0.1342881944444445
0 0.029419849537037034 0.7554181134259259 0.05883969907407407 0.09463252314814818