0 0.458984375 0.5068359375 0.333984375 0.25390625
0 0.298828125 0.880859375 0.2626953125 0.2373046875
0 0.857421875 0.05078125 0.28125 0.1015625
0 0.15234375 0.515625 0.2919921875 0.380859375
0 0.7001953125 0.44140625 0.2138671875 0.2294921875
0 0.861328125 0.287109375 0.2412109375 0.2548828125
0 0.96484375 0.6318359375 0.0703125 0.224609375
0 0.94921875 0.8857421875 0.1015625 0.228515625
0 0.5078125 0.8828125 0.1669921875 0.20703125
0 0.646484375 0.9521484375 0.1357421875 0.095703125
0 0.7509765625 0.970703125 0.0615234375 0.05859375
0 0.0927734375 0.8994140625 0.185546875 0.201171875
0 0.05078125 0.162109375 0.1005859375 0.1708984375
0 0.5927734375 0.076171875 0.14453125 0.15234375