0 0.898097511574074 0.9619827835648148 0.11073495370370368 0.07603443287037037
0 0.24330150462962963 0.24976851851851853 0.1913628472222222 0.19288194444444445
0 0.3150824652777778 0.8837239583333334 0.2001880787037037 0.21264467592592595
0 0.6749204282407407 0.5647786458333334 0.2650462962962963 0.22236689814814814
0 0.3827546296296296 0.7292390046296297 0.1684606481481481 0.16490162037037037
0 0.8493995949074074 0.4819227430555556 0.2704137731481482 0.32588252314814814
0 0.9553096064814814 0.06155960648148148 0.08938078703703711 0.0689525462962963
0 0.5640986689814815 0.15559895833333331 0.33758680555555554 0.26741898148148147
0 0.14500144675925927 0.14611545138888887 0.11605902777777777 0.13214699074074077
0 0.08958333333333333 0.30548321759259256 0.17916666666666667 0.3648726851851851
0 0.22954282407407406 0.5339771412037037 0.23168402777777775 0.2935329861111111
0 0.06008752893518518 0.5734302662037036 0.12017505787037036 0.20740740740740726
0 0.05300202546296296 0.8370732060185185 0.10600405092592592 0.30104166666666665
0 0.15919415509259258 0.9430121527777777 0.2052951388888889 0.11397569444444455
0 0.3500072337962963 0.9761935763888889 0.1943431712962963 0.04761284722222214
0 0.6568721064814815 0.8185402199074074 0.38399884259259265 0.33509837962962963
0 0.2813585069444444 0.08169126157407407 0.17556423611111116 0.15146122685185184
0 0.11085069444444444 0.05023148148148148 0.20407986111111112 0.09965277777777777
0 0.9430121527777777 0.2421368634259259 0.09929108796296315 0.1472511574074074