0 0.98515625 0.849537037037037 0.02968750000000009 0.13009259259259265
0 0.45052083333333337 0.8605830439814814 0.2158854166666666 0.23262442129629646
0 0.2749348958333333 0.2562644675925926 0.2045572916666667 0.20860821759259263
0 0.28268229166666664 0.946021412037037 0.16562500000000002 0.09152199074074074
0 0.47916666666666663 0.36377314814814815 0.22721354166666674 0.2274594907407408
0 0.26979166666666665 0.08268590856481481 0.22005208333333337 0.16537181712962962
0 0.10592447916666667 0.07411747685185185 0.20924479166666665 0.1330150462962963
0 0.14225260416666666 0.16314380787037036 0.12083333333333335 0.14917534722222225
0 0.12649739583333333 0.36800491898148147 0.22174479166666666 0.29133391203703707
0 0.16080729166666666 0.8385344328703703 0.20234375 0.321310763888889
0 0.6443359375 0.7383101851851852 0.31367187500000004 0.32790798611111116
0 0.7236979166666666 0.47281539351851853 0.2300781249999999 0.21206597222222223
0 0.9041666666666667 0.4353877314814815 0.19166666666666665 0.2939814814814815
0 0.87421875 0.241869212962963 0.2515624999999999 0.179224537037037
0 0.9121744791666666 0.7108940972222222 0.17565104166666679 0.24733796296296306
0 0.3038411458333333 0.5280888310185186 0.28151041666666665 0.34156539351851833
0 0.5298828125 0.03919270833333333 0.14570312500000004 0.07838541666666667
0 0.6680989583333334 0.11750217013888889 0.2657552083333332 0.23500434027777778
0 0.47421875 0.17190393518518518 0.21471354166666656 0.2150462962962963
0 0.9072265625 0.03388310185185185 0.146484375 0.0677662037037037
0 0.30052083333333335 0.7577039930555556 0.16380208333333335 0.21008391203703702