0 0.9072265625 0.9296875 0.150390625 0.140625
0 0.3447265625 0.853515625 0.173828125 0.193359375
0 0.259765625 0.27734375 0.166015625 0.1728515625
0 0.1787109375 0.939453125 0.142578125 0.12109375
0 0.43359375 0.400390625 0.1865234375 0.1875
0 0.279296875 0.099609375 0.18359375 0.169921875
0 0.1240234375 0.0703125 0.189453125 0.140625
0 0.1484375 0.17578125 0.0947265625 0.1279296875
0 0.09765625 0.361328125 0.1953125 0.24609375
0 0.078125 0.806640625 0.15625 0.2890625
0 0.5380859375 0.7646484375 0.2548828125 0.271484375
0 0.6455078125 0.5302734375 0.189453125 0.171875
0 0.845703125 0.521484375 0.19921875 0.2490234375
0 0.8232421875 0.337890625 0.234375 0.138671875
0 0.955078125 0.7021484375 0.0888671875 0.220703125
0 0.822265625 0.7763671875 0.201171875 0.205078125
0 0.251953125 0.5302734375 0.2216796875 0.287109375
0 0.5244140625 0.0869140625 0.1220703125 0.10546875
0 0.6396484375 0.1884765625 0.2177734375 0.2041015625
0 0.453125 0.2236328125 0.17578125 0.1787109375
0 0.8994140625 0.0859375 0.169921875 0.171875
0 0.2197265625 0.7412109375 0.1279296875 0.1787109375