0 0.9052734375 0.9365234375 0.1630859375 0.126953125
0 0.248046875 0.2822265625 0.1640625 0.1689453125
0 0.341796875 0.8505859375 0.169921875 0.1845703125
0 0.650390625 0.5546875 0.228515625 0.193359375
0 0.3955078125 0.7099609375 0.14453125 0.142578125
0 0.9560546875 0.7294921875 0.087890625 0.232421875
0 0.822265625 0.4775390625 0.2626953125 0.287109375
0 0.919921875 0.0625 0.16015625 0.125
0 0.53125 0.1904296875 0.291015625 0.2314453125
0 0.154296875 0.1923828125 0.09765625 0.1162109375
0 0.0927734375 0.33984375 0.185546875 0.3212890625
0 0.248046875 0.5380859375 0.1953125 0.2587890625
0 0.07421875 0.5810546875 0.1484375 0.18359375
0 0.0732421875 0.818359375 0.1455078125 0.2685546875
0 0.20703125 0.9306640625 0.181640625 0.138671875
0 0.3798828125 0.9580078125 0.171875 0.0830078125
0 0.6455078125 0.783203125 0.3291015625 0.29296875
0 0.275390625 0.11328125 0.1494140625 0.1728515625
0 0.12109375 0.0751953125 0.1806640625 0.150390625
0 0.88671875 0.2587890625 0.1005859375 0.1298828125