0 0.7951316550925926 0.6996166087962963 0.3008535879629628 0.31329571759259256
0 0.45246672453703707 0.6538266782407407 0.16290509259259256 0.17173032407407396
0 0.3988425925925926 0.898509837962963 0.1787326388888889 0.17621527777777768
0 0.5260633680555555 0.9074435763888888 0.18708043981481493 0.14923321759259256
0 0.7728298611111111 0.9041521990740741 0.2587384259259258 0.14019097222222232
0 0.7081235532407407 0.516673900462963 0.28825231481481484 0.2582465277777777
0 0.6336154513888889 0.2806351273148148 0.18139467592592595 0.1899594907407407
0 0.721802662037037 0.07230179398148148 0.19930555555555562 0.14460358796296297
0 0.9147135416666666 0.4047309027777778 0.13391203703703702 0.17650462962962954
0 0.9333043981481481 0.2529658564814815 0.11111111111111116 0.15031828703703698
0 0.9027994791666667 0.08937355324074074 0.1899450231481481 0.16688368055555555