0 0.5076750578703704 0.5022931134259259 0.4156539351851851 0.334982638888889
0 0.4327473958333333 0.8848307291666666 0.328052662037037 0.2269531250000001
0 0.7811342592592593 0.014185474537037036 0.25758101851851856 0.028370949074074073
0 0.2066333912037037 0.5748625578703703 0.37701099537037036 0.45574363425925934
0 0.7379267939814815 0.3833550347222222 0.2821614583333334 0.2832320601851852
0 0.847142650462963 0.19106626157407408 0.28543113425925926 0.3086371527777778
0 0.9971137152777778 0.5278501157407407 0.005772569444444375 0.23848379629629646
0 0.6491391782407407 0.8754123263888889 0.22730034722222214 0.24182581018518512
0 0.8102936921296295 0.9123191550925926 0.1597656249999999 0.10661168981481461
0 0.9205439814814815 0.9095486111111111 0.07109375000000018 0.05324074074074092
0 0.2279441550925926 0.9293330439814815 0.22984664351851852 0.14032118055555554
0 0.03909143518518519 0.2263599537037037 0.06481481481481481 0.19571759259259258
0 0.5393735532407408 0.06083622685185185 0.18030960648148153 0.1216724537037037