0 0.138671875 0.6728515625 0.240234375 0.2607421875
0 0.4765625 0.6640625 0.130859375 0.14453125
0 0.4833984375 0.9091796875 0.14453125 0.15625
0 0.357421875 0.90625 0.1572265625 0.1337890625
0 0.115234375 0.9033203125 0.23046875 0.158203125
0 0.255859375 0.5087890625 0.2392578125 0.2080078125
0 0.37109375 0.291015625 0.1455078125 0.1591796875
0 0.326171875 0.072265625 0.1708984375 0.140625
0 0.064453125 0.380859375 0.1279296875 0.1494140625
0 0.0654296875 0.234375 0.130859375 0.1259765625
0 0.134765625 0.0732421875 0.1826171875 0.1455078125