0 0.8479094328703703 0.6840494791666667 0.2690248842592593 0.3199218749999999
0 0.5161313657407407 0.7079427083333334 0.16239872685185186 0.17643229166666652
0 0.5393880208333334 0.9303385416666667 0.1762876157407407 0.13932291666666652
0 0.6669560185185185 0.9290364583333333 0.18561921296296302 0.14192708333333348
0 0.8766637731481481 0.9041666666666667 0.19082754629629628 0.19166666666666665
0 0.7225115740740741 0.5278645833333333 0.2866030092592593 0.2684895833333334
0 0.5776186342592593 0.3165364583333333 0.1806278935185186 0.19518229166666667
0 0.5972222222222222 0.10442708333333334 0.20008680555555558 0.14192708333333331
0 0.900318287037037 0.37916666666666665 0.15675636574074092 0.18190104166666665
0 0.8814380787037037 0.22812500000000002 0.15386284722222232 0.15638020833333333
0 0.791015625 0.10559895833333333 0.2109375 0.11927083333333333