0 0.1220703125 0.904296875 0.244140625 0.16796875
0 0.3916015625 0.2529296875 0.1728515625 0.162109375
0 0.125 0.068359375 0.1474609375 0.1357421875
0 0.0888671875 0.263671875 0.166015625 0.16796875
0 0.1484375 0.6552734375 0.21484375 0.162109375
0 0.3330078125 0.88671875 0.134765625 0.14453125
0 0.4755859375 0.669921875 0.1396484375 0.1416015625
0 0.27734375 0.53125 0.1533203125 0.1552734375
0 0.5126953125 0.9052734375 0.1533203125 0.1416015625
0 0.1181640625 0.376953125 0.1708984375 0.115234375
0 0.07421875 0.78125 0.09375 0.0849609375