0 0.9395182291666666 0.8178385416666667 0.08745659722222232 0.15749421296296306
0 0.41091579861111116 0.8822916666666667 0.2217447916666666 0.22586805555555545
0 0.20629340277777777 0.33765190972222225 0.2097222222222222 0.21202256944444442
0 0.26260850694444443 0.9664930555555555 0.16731770833333337 0.0610532407407407
0 0.40661892361111107 0.41668836805555554 0.23359375000000004 0.2319010416666667
0 0.1888454861111111 0.15632957175925927 0.22734375 0.21423611111111107
0 0.06946614583333334 0.16595052083333334 0.13893229166666668 0.18372395833333333
0 0.07417534722222222 0.2644386574074074 0.12634548611111113 0.15026041666666667
0 0.0951171875 0.45947627314814815 0.190234375 0.2919849537037037
0 0.13784722222222223 0.8697410300925925 0.21857638888888886 0.25901331018518503
0 0.5856119791666666 0.7527922453703704 0.3236979166666667 0.33281249999999996
0 0.6450737847222222 0.4932074652777778 0.23324652777777777 0.2162760416666667
0 0.842578125 0.43561197916666666 0.2623697916666665 0.2967592592592593
0 0.78203125 0.26078559027777776 0.26987847222222205 0.1953414351851852
0 0.9524305555555556 0.5882306134259259 0.07361111111111107 0.2373408564814814
0 0.8671006944444445 0.6939525462962963 0.23993055555555554 0.2534722222222223
0 0.2514322916666667 0.5908058449074074 0.2926215277777777 0.34016203703703707
0 0.43157552083333334 0.0843967013888889 0.1474826388888889 0.13495370370370371
0 0.5685763888888888 0.15753761574074077 0.26927083333333335 0.255859375
0 0.3891276041666667 0.2373191550925926 0.2196614583333334 0.21997974537037035
0 0.8064019097222221 0.049479166666666664 0.2114149305555557 0.09895833333333333
0 0.26321614583333336 0.8073567708333333 0.17256944444444444 0.2095196759259259