0 0.4903428819444444 0.6620442708333334 0.28342013888888884 0.24036458333333321
0 0.6437644675925926 0.8215060763888888 0.3110243055555557 0.3111979166666665
0 0.19314236111111113 0.4930989583333333 0.27057291666666666 0.28689236111111116
0 0.8411313657407408 0.3216796875 0.2884982638888889 0.29314236111111114
0 0.8676938657407407 0.13676215277777778 0.16391782407407396 0.19869791666666664
0 0.7584201388888889 0.048914930555555555 0.31519097222222214 0.09782986111111111
0 0.5023003472222222 0.1189236111111111 0.2915798611111111 0.2378472222222222
0 0.28875868055555554 0.16328125 0.2776765046296297 0.2421875
0 0.04544270833333333 0.334765625 0.09088541666666666 0.18203124999999998
0 0.06018518518518519 0.18025173611111112 0.12037037037037038 0.20980902777777777
0 0.08662109375 0.822439236111111 0.1732421875 0.2832899305555556
0 0.2904441550925926 0.9083550347222222 0.30096932870370374 0.17443576388888893
0 0.474095775462963 0.9032986111111111 0.20733506944444446 0.1743055555555555
0 0.44537037037037036 0.38411458333333337 0.30597511574074077 0.3247395833333333
0 0.7498697916666666 0.5450954861111111 0.3550491898148147 0.3628906249999999
0 0.9079210069444444 0.49476996527777783 0.13462094907407418 0.19804687499999996
0 0.2904079861111111 0.7279296875000001 0.19447337962962963 0.18767361111111125