0 0.23473668981481483 0.20781973379629629 0.1274594907407407 0.12643229166666664
0 0.8319408275462963 0.7217447916666666 0.33611834490740744 0.3221788194444444
0 0.6323423032407407 0.34051649305555554 0.21455439814814814 0.2153935185185185
0 0.9334852430555556 0.602712673611111 0.13302951388888884 0.2724681712962962
0 0.18995949074074076 0.31430121527777777 0.10539641203703709 0.10953414351851853
0 0.19759114583333334 0.09940682870370371 0.12579571759259262 0.13412905092592592
0 0.3816189236111111 0.17462384259259262 0.2041377314814815 0.24985532407407407
0 0.5234375 0.21518373842592592 0.15907118055555558 0.19066840277777775
0 0.3276548032407407 0.03305844907407407 0.1279658564814814 0.03486689814814814
0 0.36751302083333337 0.47780671296296295 0.16102430555555558 0.1381655092592593
0 0.08268229166666666 0.2855324074074074 0.11725983796296297 0.16675347222222214
0 0.11194299768518519 0.15474537037037037 0.13932291666666666 0.13103298611111114
0 0.09107349537037038 0.4857855902777778 0.15567129629629628 0.2567274305555556