0 0.7682219328703703 0.482421875 0.2007523148148147 0.20703125
0 0.12223668981481481 0.0224609375 0.20150462962962962 0.044921875
0 0.9338324652777779 0.2041015625 0.1323350694444443 0.279296875
0 0.9453197337962963 0.923828125 0.09855324074074079 0.12109375
0 0.7668836805555556 0.169921875 0.1929687499999999 0.2109375
0 0.8616391782407407 0.8330078125 0.2495370370370371 0.201171875
0 0.5687572337962963 0.712890625 0.11605902777777777 0.111328125
0 0.951222511574074 0.046875 0.097554976851852 0.06640625
0 0.4257233796296296 0.6513671875 0.18861400462962963 0.150390625
0 0.8986545138888888 0.42578125 0.20269097222222232 0.20703125
0 0.6331669560185185 0.3115234375 0.18664641203703702 0.1484375
0 0.45433304398148144 0.294921875 0.1811342592592593 0.1953125
0 0.5855107060185185 0.07421875 0.19445891203703702 0.1484375
0 0.40703125 0.10546875 0.16727430555555556 0.169921875
0 0.19712818287037037 0.2451171875 0.16912615740740744 0.15625
0 0.03874421296296296 0.220703125 0.05963541666666666 0.140625
0 0.12743778935185185 0.4609375 0.12983217592592594 0.125
0 0.029007523148148147 0.48828125 0.05222800925925926 0.1953125
0 0.08049768518518519 0.583984375 0.11624710648148145 0.13671875
0 0.2252170138888889 0.609375 0.12786458333333334 0.123046875
0 0.06819299768518518 0.7685546875 0.12643229166666667 0.193359375
0 0.21140046296296297 0.7216796875 0.16934317129629634 0.185546875
0 0.37330729166666665 0.9580078125 0.11776620370370372 0.078125
0 0.6595992476851852 0.84765625 0.09648437499999996 0.10546875
0 0.5605613425925926 0.3974609375 0.11397569444444455 0.09375
0 0.6153284143518518 0.5400390625 0.09823495370370372 0.078125
0 0.6110387731481481 0.48828125 0.07282986111111112 0.076171875
0 0.5433159722222223 0.57421875 0.08460648148148131 0.083984375
0 0.7109953703703704 0.6669921875 0.1865162037037038 0.130859375
0 0.9349103009259259 0.5732421875 0.11015625000000018 0.10546875
0 0.9868453414351852 0.59765625 0.026309317129629584 0.125
0 0.5216796875 0.94921875 0.18629918981481475 0.1015625
0 0.3389033564814815 0.2685546875 0.088816550925926 0.125
0 0.1521629050925926 0.107421875 0.12390046296296298 0.115234375
0 0.09632523148148148 0.34765625 0.1745804398148148 0.1015625
0 0.14564525462962963 0.94140625 0.24683159722222225 0.099609375
0 0.3193431712962963 0.7919921875 0.07507233796296298 0.115234375
0 0.4299117476851852 0.8212890625 0.17682291666666672 0.140625
0 0.599609375 0.791015625 0.09845196759259256 0.107421875
0 0.2796368634259259 0.44140625 0.07090567129629632 0.080078125
0 0.3335503472222222 0.46875 0.06695601851851851 0.07421875
0 0.40498408564814814 0.48828125 0.07886284722222225 0.099609375
0 0.2709418402777778 0.05859375 0.07677951388888893 0.08203125
0 0.2705295138888889 0.134765625 0.08071469907407414 0.0859375
0 0.8996961805555554 0.697265625 0.1513599537037038 0.130859375