0 0.4541015625 0.0712890625 0.2470703125 0.142578125
0 0.9384765625 0.51171875 0.123046875 0.2841796875
0 0.25 0.31640625 0.11328125 0.11328125
0 0.2216796875 0.900390625 0.2958984375 0.1953125
0 0.58203125 0.6669921875 0.1611328125 0.14453125
0 0.728515625 0.953125 0.173828125 0.09375
0 0.814453125 0.837890625 0.150390625 0.16796875
0 0.7646484375 0.3671875 0.1806640625 0.1455078125
0 0.5888671875 0.8896484375 0.228515625 0.220703125
0 0.7392578125 0.0546875 0.1962890625 0.1044921875
0 0.20703125 0.19921875 0.11328125 0.09375
0 0.404296875 0.232421875 0.1259765625 0.130859375
0 0.4970703125 0.265625 0.1025390625 0.09765625
0 0.462890625 0.1826171875 0.0888671875 0.0869140625
0 0.533203125 0.1904296875 0.0703125 0.0830078125
0 0.62109375 0.3173828125 0.119140625 0.1005859375
0 0.62890625 0.205078125 0.095703125 0.1171875
0 0.2900390625 0.712890625 0.1279296875 0.16796875
0 0.134765625 0.6435546875 0.1474609375 0.138671875
0 0.1796875 0.412109375 0.09765625 0.1005859375
0 0.1962890625 0.529296875 0.130859375 0.1396484375
0 0.34765625 0.5830078125 0.119140625 0.0986328125
0 0.1025390625 0.3466796875 0.1708984375 0.140625
0 0.0654296875 0.5166015625 0.130859375 0.1650390625
0 0.06640625 0.1826171875 0.1318359375 0.13671875
0 0.2392578125 0.0830078125 0.0859375 0.08203125
0 0.533203125 0.4345703125 0.1103515625 0.1201171875
0 0.798828125 0.619140625 0.146484375 0.154296875
0 0.6845703125 0.529296875 0.16796875 0.1103515625
0 0.3603515625 0.4189453125 0.1796875 0.2099609375
0 0.427734375 0.869140625 0.123046875 0.1259765625
0 0.9248046875 0.9560546875 0.1474609375 0.087890625
0 0.94921875 0.822265625 0.1015625 0.13671875
0 0.453125 0.6845703125 0.0908203125 0.169921875
0 0.8369140625 0.4580078125 0.0966796875 0.1083984375
0 0.048828125 0.794921875 0.09765625 0.21875
0 0.1142578125 0.0458984375 0.220703125 0.091796875
0 0.6279296875 0.05078125 0.0947265625 0.0830078125
0 0.76953125 0.2177734375 0.16796875 0.15625