0 0.5488859953703704 0.07109375 0.26941550925925917 0.1421875
0 0.042440682870370366 0.5089988425925926 0.08488136574074073 0.3023148148148147
0 0.7385416666666667 0.3227864583333333 0.1294270833333333 0.12486979166666656
0 0.7180772569444445 0.9056495949074075 0.32110821759259256 0.17064525462962976
0 0.3619140625 0.6796585648148148 0.18192997685185186 0.15882523148148153
0 0.18655237268518518 0.9564597800925926 0.18909143518518517 0.07110821759259256
0 0.1040798611111111 0.853269675925926 0.17142650462962963 0.1820891203703705
0 0.1996600115740741 0.36492332175925923 0.20156249999999998 0.1610677083333334
0 0.33812934027777775 0.8937138310185185 0.25652488425925934 0.20481770833333335
0 0.2552806712962963 0.047685185185185185 0.21209490740740744 0.09537037037037037
0 0.7926721643518518 0.2009837962962963 0.12635995370370368 0.10335648148148147
0 0.5862268518518519 0.23038917824074073 0.1440104166666667 0.14265046296296302
0 0.4859230324074074 0.2640769675925926 0.11679687499999991 0.10711805555555554
0 0.5294415509259259 0.1775607638888889 0.1005642361111112 0.09516782407407409
0 0.4558449074074074 0.18548177083333334 0.08083043981481486 0.09097222222222223
0 0.3535083912037037 0.3148292824074074 0.13262442129629626 0.11125578703703698
0 0.35465133101851853 0.19869068287037037 0.11195023148148153 0.12656249999999997
0 0.6605830439814815 0.7347583912037037 0.1479890046296295 0.181741898148148
0 0.8291160300925926 0.6649305555555556 0.1679542824074074 0.1527633101851853
0 0.803587962962963 0.4233072916666667 0.11114004629629637 0.11093749999999991
0 0.7748480902777778 0.5447337962962964 0.1503761574074074 0.15250289351851842
0 0.613035300925926 0.5978732638888888 0.13252314814814814 0.1093026620370372
0 0.8889612268518519 0.35763888888888884 0.19149305555555562 0.15506365740740735
0 0.9071903935185186 0.5330150462962964 0.13802083333333348 0.1776909722222224
0 0.9310763888888889 0.18527199074074074 0.12488425925925917 0.15017361111111116
0 0.771657986111111 0.0793185763888889 0.09840856481481497 0.09123263888888888
0 0.4339409722222222 0.43854166666666666 0.12582465277777777 0.13067129629629626
0 0.14029224537037036 0.6253689236111111 0.16681134259259262 0.1683593750000001
0 0.2679470486111111 0.5346788194444445 0.18401331018518519 0.12372685185185173
0 0.6140842013888889 0.4270905671296296 0.20695891203703698 0.2275028935185185
0 0.5049696180555555 0.8941695601851852 0.13980034722222223 0.1367332175925926
0 0.03073640046296296 0.9542679398148148 0.06147280092592592 0.06412037037037033
0 0.013505497685185185 0.8325159143518519 0.02701099537037037 0.1474681712962962
0 0.4955150462962963 0.700122974537037 0.11087962962962972 0.1811921296296295
0 0.11579861111111112 0.4578920717592593 0.1095920138888889 0.1187210648148147
0 0.8988859953703704 0.8249059606481481 0.11166087962962967 0.2338975694444445
0 0.8914930555555556 0.04786603009259259 0.21600115740740744 0.09573206018518518
0 0.36881510416666663 0.041572627314814814 0.10611979166666674 0.08314525462962963
0 0.20776186342592592 0.20867332175925923 0.18849826388888885 0.17258391203703705