0 0.7439308449074074 0.44220920138888886 0.20030381944444464 0.2138454861111112
0 0.09837239583333333 0.10303819444444444 0.19674479166666667 0.15329861111111112
0 0.8848017939814814 0.155859375 0.18953993055555562 0.27777777777777773
0 0.9483940972222222 0.8039713541666667 0.07994791666666679 0.12651909722222232
0 0.7041956018518518 0.15998263888888892 0.19447337962962963 0.21553819444444444
0 0.8702907986111111 0.7401041666666667 0.2393373842592592 0.21362847222222214
0 0.5910011574074074 0.6861545138888889 0.11688368055555554 0.11644965277777786
0 0.8772931134259259 0.025086805555555553 0.14775752314814827 0.050173611111111106
0 0.23649450231481484 0.044140625 0.20034722222222223 0.08502604166666666
0 0.45382667824074074 0.6571180555555556 0.18585069444444446 0.16050347222222228
0 0.8650752314814815 0.3675347222222222 0.21400462962962963 0.21640625000000002
0 0.6004484953703704 0.3119574652777778 0.18386863425925926 0.15846354166666665
0 0.43525028935185184 0.3300347222222222 0.18252314814814818 0.19939236111111103
0 0.5266420717592593 0.09392361111111111 0.19613715277777777 0.18784722222222222
0 0.3693359375 0.16803385416666666 0.1685040509259259 0.1753472222222222
0 0.1951461226851852 0.3319227430555556 0.16830150462962962 0.16167534722222232
0 0.040928819444444445 0.3437934027777778 0.08185763888888889 0.14444444444444438
0 0.15889033564814814 0.539453125 0.12877604166666667 0.12868923611111116
0 0.052965856481481485 0.5873263888888889 0.10593171296296297 0.19253472222222223
0 0.13075810185185185 0.6597656249999999 0.11918402777777776 0.13997395833333348
0 0.2654947916666667 0.6557291666666667 0.12682291666666667 0.12860243055555554
0 0.11255787037037038 0.8342881944444445 0.19427083333333334 0.20186631944444455
0 0.26687644675925926 0.7600911458333333 0.17065972222222225 0.18910590277777795
0 0.4437572337962963 0.9415581597222222 0.11636284722222223 0.08129340277777786
0 0.6909432870370371 0.791015625 0.0972366898148147 0.10776909722222228
0 0.5444444444444444 0.4032552083333333 0.11271701388888888 0.09869791666666661
0 0.6119864004629629 0.5212673611111112 0.09688946759259265 0.08433159722222205
0 0.6019386574074074 0.47486979166666665 0.07339409722222223 0.07938368055555567
0 0.5517939814814814 0.5659071180555555 0.08522858796296306 0.08771701388888875
0 0.7159360532407407 0.6191189236111111 0.1797019675925926 0.14071180555555562
0 0.9071397569444444 0.49253472222222217 0.10898437499999991 0.11024305555555558
0 0.9665219907407407 0.5025824652777777 0.05254629629629637 0.12139756944444446
0 0.5788411458333333 0.9140842013888889 0.17949942129629637 0.12703993055555562
0 0.326953125 0.3280164930555556 0.09163773148148147 0.12508680555555562
0 0.1373263888888889 0.21640625 0.12277199074074074 0.11866319444444445
0 0.1173683449074074 0.4437065972222222 0.167578125 0.11284722222222221
0 0.23475839120370373 0.9518229166666666 0.23352141203703702 0.08454861111111112
0 0.3745659722222222 0.803125 0.07782118055555554 0.1147135416666667
0 0.4779079861111111 0.8102430555555555 0.17395833333333333 0.14826388888888875
0 0.6290653935185184 0.7518012152777778 0.09921874999999991 0.10980902777777768
0 0.29519675925925926 0.49533420138888884 0.07146990740740744 0.08125000000000004
0 0.3476996527777778 0.508615451388889 0.06747685185185182 0.07521701388888902
0 0.41495225694444443 0.5144097222222221 0.07954282407407409 0.09917534722222232
0 0.23981481481481481 0.1493923611111111 0.07735821759259265 0.0834635416666667
0 0.24757667824074076 0.21833767361111112 0.08132233796296295 0.08754340277777772
0 0.8907552083333333 0.6103732638888888 0.1503761574074074 0.13745659722222214