0 0.5566261574074074 0.05234375 0.2773726851851852 0.1046875
0 0.0404296875 0.5223307291666667 0.080859375 0.31861979166666665
0 0.7667028356481482 0.2744140625 0.13071469907407396 0.13541666666666663
0 0.7694155092592592 0.8736328124999999 0.3285590277777777 0.16809895833333321
0 0.38544560185185184 0.6750651041666667 0.18443287037037037 0.17213541666666665
0 0.21322337962962962 0.9613932291666667 0.19256365740740744 0.05182291666666661
0 0.12319878472222223 0.8748046875 0.17346643518518517 0.1967447916666667
0 0.20186631944444444 0.3578776041666667 0.2040219907407408 0.1753906249999999
0 0.37043547453703707 0.8856119791666667 0.25911458333333326 0.19270833333333326
0 0.24677372685185184 0.03828125 0.21739004629629632 0.0765625
0 0.8183449074074074 0.14329427083333335 0.12812500000000004 0.1138020833333333
0 0.6025173611111112 0.19082031249999998 0.14490740740740726 0.15390625000000002
0 0.49896556712962964 0.23183593749999998 0.11646412037037035 0.11497395833333335
0 0.5416666666666666 0.13932291666666669 0.10049189814814818 0.10221354166666663
0 0.4633391203703704 0.1513671875 0.08084490740740735 0.09700520833333331
0 0.36160300925925926 0.29557291666666663 0.1361689814814815 0.12213541666666661
0 0.3583839699074074 0.17395833333333333 0.11124131944444438 0.13606770833333337
0 0.7021267361111111 0.7104817708333333 0.14807581018518512 0.19505208333333335
0 0.876171875 0.62578125 0.16863425925925934 0.16523437499999982
0 0.8377965856481482 0.37493489583333334 0.11267361111111107 0.1186197916666667
0 0.8144748263888888 0.5041666666666667 0.15111400462962976 0.166015625
0 0.645804398148148 0.5719401041666667 0.13410011574074066 0.11809895833333339
0 0.9112268518518518 0.29791666666666666 0.16087962962962976 0.16666666666666663
0 0.9340205439814815 0.4825520833333333 0.10499131944444451 0.18828124999999996
0 0.9487196180555555 0.11803385416666667 0.09631076388888893 0.15846354166666665
0 0.7908564814814815 0.03375651041666666 0.09842303240740735 0.06751302083333333
0 0.45055700231481477 0.41829427083333337 0.1269820601851852 0.1410156250000001
0 0.15079571759259258 0.6341796875 0.1672019675925926 0.1826822916666666
0 0.2815610532407407 0.5299479166666666 0.18919270833333335 0.13541666666666674
0 0.6403862847222221 0.39296875 0.20805844907407423 0.24583333333333335
0 0.5438295717592593 0.888671875 0.14088541666666665 0.14973958333333326
0 0.03950376157407408 0.9720052083333333 0.07900752314814816 0.04036458333333348
0 0.018583622685185187 0.8632161458333334 0.037167245370370375 0.15638020833333321
0 0.5264105902777778 0.687109375 0.10907118055555554 0.1944010416666666
0 0.11791811342592592 0.4609375 0.11095196759259257 0.12630208333333326
0 0.9386067708333333 0.78828125 0.07162905092592586 0.2464843750000001
0 0.9020182291666667 0.015104166666666669 0.1957320601851853 0.030208333333333337
0 0.3661168981481482 0.025651041666666666 0.10760995370370363 0.05130208333333333
0 0.20477430555555554 0.1939453125 0.19265046296296295 0.186328125