0 0.197265625 0.2509765625 0.1064453125 0.1005859375
0 0.814453125 0.62890625 0.2822265625 0.2529296875
0 0.5869140625 0.302734375 0.1767578125 0.1728515625
0 0.927734375 0.4951171875 0.14453125 0.2373046875
0 0.1650390625 0.361328125 0.0859375 0.0888671875
0 0.1513671875 0.154296875 0.1015625 0.1103515625
0 0.333984375 0.19140625 0.16015625 0.208984375
0 0.470703125 0.203125 0.125 0.158203125
0 0.2685546875 0.037109375 0.1142578125 0.07421875
0 0.3486328125 0.484375 0.13671875 0.10546875
0 0.052734375 0.35546875 0.10546875 0.1435546875
0 0.076171875 0.2255859375 0.1201171875 0.103515625
0 0.0732421875 0.5478515625 0.1455078125 0.22265625