0 0.75 0.50390625 0.1748046875 0.1826171875
0 0.15234375 0.064453125 0.18359375 0.1201171875
0 0.919921875 0.24609375 0.1591796875 0.248046875
0 0.9404296875 0.8994140625 0.119140625 0.1064453125
0 0.7412109375 0.21875 0.1669921875 0.1865234375
0 0.8447265625 0.818359375 0.2197265625 0.17578125
0 0.5751953125 0.7197265625 0.1025390625 0.09765625
0 0.93359375 0.06640625 0.1328125 0.1318359375
0 0.8203125 0.0263671875 0.12890625 0.052734375
0 0.2958984375 0.02734375 0.1923828125 0.0546875
0 0.4423828125 0.66796875 0.166015625 0.130859375
0 0.8759765625 0.4501953125 0.1884765625 0.1826171875
0 0.623046875 0.3515625 0.1640625 0.1298828125
0 0.4599609375 0.3427734375 0.158203125 0.171875
0 0.57421875 0.1201171875 0.171875 0.1669921875
0 0.412109375 0.171875 0.1474609375 0.150390625
0 0.224609375 0.3046875 0.1484375 0.13671875
0 0.052734375 0.291015625 0.10546875 0.1279296875
0 0.1669921875 0.50390625 0.11328125 0.109375
0 0.05078125 0.533203125 0.1015625 0.17578125
0 0.126953125 0.6171875 0.1015625 0.1220703125
0 0.259765625 0.6357421875 0.1123046875 0.1083984375
0 0.087890625 0.787109375 0.17578125 0.171875
0 0.25 0.73828125 0.1484375 0.1630859375
0 0.404296875 0.9580078125 0.1064453125 0.0830078125
0 0.66015625 0.837890625 0.083984375 0.09375
0 0.55859375 0.4326171875 0.1005859375 0.08203125
0 0.6123046875 0.560546875 0.0869140625 0.068359375
0 0.607421875 0.5126953125 0.0625 0.0673828125
0 0.5478515625 0.59375 0.07421875 0.0751953125
0 0.703125 0.6728515625 0.1640625 0.11328125
0 0.904296875 0.580078125 0.095703125 0.0927734375
0 0.9716796875 0.6025390625 0.056640625 0.111328125
0 0.5390625 0.947265625 0.166015625 0.10546875
0 0.3544921875 0.322265625 0.076171875 0.111328125
0 0.1796875 0.181640625 0.1083984375 0.099609375
0 0.1357421875 0.40234375 0.1552734375 0.0859375
0 0.1943359375 0.9501953125 0.220703125 0.099609375
0 0.3505859375 0.7978515625 0.0634765625 0.103515625
0 0.451171875 0.822265625 0.1552734375 0.1220703125
0 0.603515625 0.7890625 0.0859375 0.0947265625
0 0.3046875 0.4814453125 0.0625 0.0703125
0 0.3544921875 0.50390625 0.0576171875 0.0654296875
0 0.419921875 0.5205078125 0.068359375 0.087890625
0 0.287109375 0.1328125 0.0673828125 0.0712890625
0 0.2890625 0.2021484375 0.0703125 0.076171875
0 0.875 0.6943359375 0.1337890625 0.115234375