0 0.2649884259259259 0.181640625 0.12983217592592589 0.12690972222222224
0 0.7844907407407407 0.7127170138888889 0.34220196759259247 0.32339409722222223
0 0.6361979166666667 0.33458478009259257 0.21837384259259274 0.21610243055555556
0 0.9118561921296297 0.6072337962962964 0.1762876157407407 0.27219328703703694
0 0.20713975694444445 0.2813585069444444 0.10823206018518522 0.11096643518518512
0 0.2427155671296296 0.07487702546296296 0.1279369212962963 0.13469328703703703
0 0.41421440972222223 0.15846354166666665 0.21079282407407396 0.24723668981481484
0 0.5463903356481481 0.20631510416666665 0.16349826388888888 0.1899016203703704
0 0.382935474537037 0.022272858796296296 0.12915219907407405 0.03511284722222222
0 0.35876736111111107 0.45057870370370373 0.161183449074074 0.14104456018518519
0 0.10141782407407407 0.24561631944444445 0.1320746527777778 0.1660011574074074
0 0.15130208333333334 0.12527488425925926 0.1435474537037037 0.13297164351851853
0 0.08624855324074074 0.43872974537037035 0.16789641203703703 0.2563657407407407