0 0.48828125 0.6708984375 0.232421875 0.185546875
0 0.6123046875 0.8671875 0.240234375 0.2646484375
0 0.228515625 0.439453125 0.205078125 0.240234375
0 0.8828125 0.419921875 0.234375 0.2412109375
0 0.935546875 0.24609375 0.12890625 0.1728515625
0 0.853515625 0.0771484375 0.29296875 0.154296875
0 0.5810546875 0.1396484375 0.2392578125 0.1904296875
0 0.369140625 0.1396484375 0.2236328125 0.1904296875
0 0.0693359375 0.2431640625 0.138671875 0.15234375
0 0.0927734375 0.09375 0.185546875 0.169921875
0 0.0654296875 0.736328125 0.130859375 0.2548828125
0 0.255859375 0.904296875 0.255859375 0.1904296875
0 0.435546875 0.9189453125 0.1640625 0.162109375
0 0.486328125 0.3896484375 0.2314453125 0.271484375
0 0.7548828125 0.6162109375 0.2734375 0.298828125
0 0.935546875 0.6083984375 0.12890625 0.1728515625
0 0.287109375 0.6904296875 0.15234375 0.1513671875