0 0.484765625 0.7045934606481481 0.2626302083333334 0.23207465277777795
0 0.589670138888889 0.8839409722222222 0.2791666666666668 0.23211805555555554
0 0.24446614583333334 0.42410300925925926 0.24227430555555557 0.2815827546296297
0 0.885546875 0.5219835069444444 0.2289062500000001 0.2854890046296297
0 0.9495442708333333 0.35593894675925924 0.10091145833333348 0.19570312499999998
0 0.8772786458333333 0.1740379050925926 0.24544270833333348 0.20013020833333328
0 0.6303168402777778 0.18851996527777776 0.2705295138888888 0.23644386574074072
0 0.41684027777777777 0.14953703703703702 0.2548611111111112 0.23356481481481484
0 0.10581597222222222 0.19742476851851853 0.15611979166666667 0.17894965277777775
0 0.14609375 0.07887731481481482 0.20625 0.15266203703703704
0 0.07291666666666667 0.6918909143518519 0.12126736111111111 0.2783130787037038
0 0.22549913194444443 0.8862449363425926 0.28402777777777777 0.2275101273148148
0 0.4060329861111111 0.9222547743055556 0.1893663194444445 0.15549045138888884
0 0.5106770833333333 0.42232349537037034 0.2723524305555556 0.3184751157407407
0 0.7596571180555556 0.6984519675925926 0.3199652777777777 0.3544560185185186
0 0.931640625 0.7196686921296296 0.13671875 0.19594907407407414
0 0.27858072916666665 0.6865234375 0.1776475694444445 0.1821759259259259