0 0.9951171875 0.8753616898148149 0.009765625 0.1547164351851853
0 0.23172743055555556 0.2535590277777778 0.15125868055555558 0.1475405092592592
0 0.8865668402777778 0.05342158564814815 0.14032118055555554 0.09474826388888889
0 0.6023871527777778 0.05131655092592593 0.27118055555555554 0.09571759259259259
0 0.08369502314814815 0.3910734953703704 0.13382523148148148 0.2157407407407408
0 0.4262297453703704 0.636668113425926 0.2201967592592593 0.1578124999999999
0 0.9235026041666667 0.8610170717592592 0.15299479166666652 0.21600115740740744
0 0.5161892361111111 0.24395254629629629 0.22783564814814805 0.28671874999999997
0 0.8506438078703704 0.7979456018518518 0.07931134259259265 0.08648726851851851
0 0.9086660879629629 0.1463179976851852 0.1275752314814813 0.11027199074074073
0 0.7248697916666667 0.47098524305555556 0.3529803240740741 0.3559751157407407
0 0.05484664351851852 0.23370225694444444 0.08862847222222223 0.11193576388888887
0 0.13336950231481481 0.8834129050925925 0.1484230324074074 0.23146701388888902
0 0.11998697916666666 0.6246383101851851 0.1810619212962963 0.25513599537037024
0 0.18114149305555555 0.9640263310185185 0.16639178240740737 0.07194733796296293
0 0.9466688368055556 0.3506293402777778 0.10666232638888884 0.10234374999999996
0 0.5525245949074074 0.9704137731481481 0.09550057870370354 0.05917245370370372
0 0.9520399305555556 0.4170283564814815 0.07287326388888893 0.0766782407407407
0 0.9650245949074074 0.6867115162037036 0.06995081018518512 0.22732928240740735
0 0.8335214120370371 0.2619212962962963 0.0913773148148147 0.09243344907407414
0 0.3625217013888889 0.23695746527777778 0.12518807870370374 0.16882233796296298
0 0.4068070023148148 0.8835865162037038 0.30490451388888884 0.23282696759259247
0 0.13962673611111112 0.08302951388888889 0.16607349537037036 0.13398437500000002
0 0.3891999421296296 0.02826244212962963 0.11996527777777777 0.04774305555555556
0 0.99189453125 0.4232711226851852 0.01621093749999991 0.09401041666666665
0 0.2976634837962963 0.09786603009259259 0.2314670138888889 0.183275462962963
0 0.7405454282407408 0.19192708333333333 0.13275462962962958 0.13178530092592594
0 0.35944010416666666 0.4155671296296296 0.20379050925925923 0.2104021990740741
0 0.20284288194444444 0.40855034722222217 0.1684027777777778 0.20623553240740744
0 0.25708912037037035 0.5827039930555555 0.21168981481481475 0.1460358796296295
0 0.6979600694444444 0.8075520833333334 0.29276620370370376 0.3281973379629628
0 0.9395218460648148 0.24516059027777778 0.12095630787037037 0.11027199074074073
0 0.943627025462963 0.5244719328703704 0.11274594907407409 0.161183449074074