0 0.8495732060185186 0.25809461805555556 0.3008535879629628 0.2782552083333333
0 0.6818214699074074 0.12541232638888888 0.3831741898148149 0.2290364583333333
0 0.08275462962962964 0.5482638888888889 0.13208912037037038 0.19418402777777777
0 0.14601417824074076 0.8336154513888889 0.24008969907407407 0.26488715277777786
0 0.1863064236111111 0.18270399305555557 0.2944878472222222 0.363671875
0 0.6399377893518519 0.36451822916666665 0.2329282407407407 0.22960069444444442
0 0.5231481481481481 0.8205295138888888 0.2445746527777779 0.22790798611111107
0 0.31376591435185186 0.7787977430555555 0.22084780092592593 0.2722656250000002
0 0.12008101851851852 0.396875 0.19234664351851855 0.18771701388888884
0 0.4853515625 0.6430772569444445 0.2158564814814814 0.19019097222222214
0 0.3377821180555556 0.9266710069444445 0.18077256944444442 0.138671875
0 0.3155381944444444 0.03628472222222222 0.19357638888888884 0.06284722222222222
0 0.3013599537037037 0.41749131944444445 0.2133246527777778 0.22721354166666663
0 0.22522424768518517 0.5748480902777777 0.185546875 0.2148871527777778
0 0.7169777199074074 0.9340494791666667 0.2338686342592593 0.1319010416666666
0 0.8699363425925926 0.5328559027777778 0.2601273148148149 0.31467013888888884
0 0.6770109953703703 0.5224392361111111 0.2524594907407407 0.2827256944444445
0 0.4090711805555556 0.08519965277777777 0.15407986111111116 0.15564236111111113
0 0.7268880208333334 0.7626085069444444 0.3041087962962963 0.25460069444444455
0 0.9091254340277778 0.7659071180555556 0.18174913194444442 0.2894097222222223