0 0.35080295138888884 0.837890625 0.29911747685185186 0.32421875
0 0.26092303240740744 0.2060546875 0.4761284722222223 0.41015625
0 0.8421947337962963 0.4375 0.2934751157407407 0.27734375
0 0.5817418981481481 0.1923828125 0.19227430555555558 0.234375
0 0.6776982060185186 0.080078125 0.14807581018518512 0.1484375
0 0.05179398148148148 0.873046875 0.10358796296296297 0.220703125
0 0.024377893518518517 0.2880859375 0.048755787037037035 0.255859375
0 0.5257884837962963 0.54296875 0.23893229166666674 0.228515625
0 0.8133318865740741 0.0830078125 0.0771846064814814 0.080078125
0 0.7285517939814815 0.763671875 0.45920138888888884 0.427734375
0 0.048032407407407406 0.52734375 0.09606481481481481 0.23046875
0 0.009006076388888888 0.328125 0.018012152777777776 0.15234375
0 0.7477936921296297 0.1650390625 0.12521701388888884 0.111328125
0 0.030418113425925927 0.1240234375 0.06083622685185185 0.158203125
0 0.9407913773148148 0.25390625 0.08760127314814814 0.255859375
0 0.6597945601851851 0.958984375 0.17816840277777768 0.064453125
0 0.9058883101851851 0.0888671875 0.12123842592592604 0.162109375
0 0.9253110532407407 0.7509765625 0.10264756944444442 0.240234375
0 0.2684461805555556 0.4775390625 0.2529658564814814 0.23828125
0 0.9217303240740741 0.900390625 0.09418402777777768 0.1171875
0 0.07418258101851852 0.7080078125 0.14836516203703703 0.146484375
0 0.11657262731481481 0.5966796875 0.12962962962962962 0.125
0 0.12080439814814814 0.95703125 0.21802662037037035 0.0859375
0 0.6194299768518519 0.3349609375 0.29036458333333326 0.24609375