0 0.08984375 0.1142578125 0.1259765625 0.1435546875
0 0.9501953125 0.2255859375 0.099609375 0.189453125
0 0.876953125 0.07421875 0.203125 0.1474609375
0 0.9443359375 0.796875 0.1103515625 0.1337890625
0 0.9375 0.9580078125 0.125 0.083984375
0 0.5185546875 0.341796875 0.12890625 0.12109375
0 0.16796875 0.4228515625 0.2138671875 0.21484375
0 0.326171875 0.3115234375 0.1826171875 0.1708984375
0 0.634765625 0.740234375 0.2705078125 0.3369140625
0 0.9111328125 0.8828125 0.1318359375 0.123046875
0 0.962890625 0.67578125 0.0712890625 0.1611328125
0 0.087890625 0.92578125 0.1748046875 0.1474609375
0 0.015625 0.033203125 0.03125 0.06640625
0 0.4150390625 0.2001953125 0.16796875 0.1376953125
0 0.1962890625 0.728515625 0.255859375 0.2685546875
0 0.6318359375 0.14453125 0.203125 0.2021484375
0 0.4560546875 0.4736328125 0.19140625 0.16796875
0 0.693359375 0.38671875 0.234375 0.2509765625
0 0.43359375 0.703125 0.1943359375 0.21875
0 0.818359375 0.6767578125 0.14453125 0.1708984375
0 0.056640625 0.3046875 0.11328125 0.19140625
0 0.4462890625 0.9453125 0.158203125 0.109375
0 0.3115234375 0.9404296875 0.0830078125 0.09765625
0 0.9111328125 0.388671875 0.177734375 0.1796875