0 0.9638671875 0.892578125 0.072265625 0.150390625
0 0.23046875 0.2373046875 0.1357421875 0.1396484375
0 0.908203125 0.0556640625 0.1298828125 0.1103515625
0 0.623046875 0.046875 0.26171875 0.09375
0 0.0634765625 0.3671875 0.1201171875 0.208984375
0 0.3818359375 0.6279296875 0.2041015625 0.146484375
0 0.861328125 0.8740234375 0.1455078125 0.20703125
0 0.515625 0.240234375 0.1962890625 0.275390625
0 0.7880859375 0.8076171875 0.0703125 0.08203125
0 0.9189453125 0.1611328125 0.115234375 0.1025390625
0 0.69921875 0.4765625 0.3154296875 0.3369140625
0 0.0478515625 0.208984375 0.0947265625 0.107421875
0 0.0615234375 0.8603515625 0.123046875 0.2236328125
0 0.0771484375 0.6015625 0.154296875 0.24609375
0 0.099609375 0.9560546875 0.1572265625 0.087890625
0 0.9365234375 0.3662109375 0.1015625 0.095703125
0 0.4716796875 0.9697265625 0.087890625 0.060546875
0 0.931640625 0.4326171875 0.064453125 0.072265625
0 0.9443359375 0.7041015625 0.1025390625 0.220703125
0 0.8310546875 0.2724609375 0.08203125 0.0869140625
0 0.3623046875 0.2265625 0.107421875 0.1630859375
0 0.333984375 0.8828125 0.2783203125 0.234375
0 0.1572265625 0.0634765625 0.1513671875 0.1259765625
0 0.4130859375 0.0205078125 0.1142578125 0.041015625
0 0.9833984375 0.44140625 0.03125 0.0927734375
0 0.3134765625 0.0849609375 0.212890625 0.169921875
0 0.7451171875 0.19921875 0.1181640625 0.1240234375
0 0.33984375 0.404296875 0.181640625 0.2001953125
0 0.18359375 0.390625 0.1455078125 0.197265625
0 0.21875 0.56640625 0.1962890625 0.134765625
0 0.634765625 0.810546875 0.2578125 0.3134765625
0 0.94140625 0.2607421875 0.1162109375 0.103515625
0 0.931640625 0.541015625 0.13671875 0.1533203125