0 0.8542787905092593 0.7617838541666666 0.2914424189814815 0.25868055555555536
0 0.8343315972222223 0.31397569444444445 0.33133680555555545 0.2821614583333333
0 0.24908854166666666 0.9419053819444445 0.26096643518518514 0.11618923611111098
0 0.2158709490740741 0.12549913194444445 0.23250868055555557 0.2090277777777778
0 0.5829861111111111 0.23921440972222224 0.22446469907407418 0.20477430555555554
0 0.0816478587962963 0.703927951388889 0.07925347222222223 0.21974826388888902
0 0.6894169560185186 0.07934027777777777 0.2264901620370372 0.10746527777777776
0 0.33465711805555554 0.6343315972222222 0.1766927083333334 0.25329861111111107
0 0.1978009259259259 0.7081163194444444 0.23816550925925928 0.2716145833333332
0 0.9806640625 0.7624782986111112 0.03867187499999991 0.1772135416666667
0 0.05677083333333333 0.16907552083333333 0.10937499999999999 0.26783854166666665
0 0.49044415509259254 0.6334635416666667 0.22575231481481484 0.2593749999999999
0 0.2811342592592593 0.27352430555555557 0.16666666666666663 0.18272569444444442
0 0.6344401041666667 0.203515625 0.15943287037037024 0.1921440972222222
0 0.4716941550925926 0.054079861111111106 0.2051070601851852 0.07534722222222222
0 0.9812861689814815 0.45627170138888884 0.03742766203703707 0.18025173611111112
0 0.10574363425925926 0.8950520833333333 0.07109375000000001 0.2098958333333334
0 0.7237413194444444 0.5435112847222222 0.20815972222222223 0.22547743055555558
0 0.13602430555555556 0.38882378472222223 0.24542824074074077 0.32842881944444446
0 0.503197337962963 0.8847873263888889 0.29962384259259256 0.2304253472222222
0 0.7478949652777778 0.9879448784722222 0.13926504629629632 0.024110243055555536
0 0.9539351851851852 0.9282769097222222 0.09212962962962967 0.14344618055555558
0 0.8719328703703704 0.11861979166666667 0.21652199074074074 0.16935763888888888
0 0.42390769675925927 0.2009765625 0.1957609953703704 0.24635416666666665
0 0.4600766782407407 0.4168619791666667 0.21218171296296306 0.2276041666666666
0 0.8321903935185184 0.92158203125 0.14437210648148158 0.1568359374999999
0 0.2958984375 0.4076171875 0.15354456018518514 0.12565104166666674