0 0.3115234375 0.0595703125 0.2080078125 0.1142578125
0 0.359375 0.67578125 0.1357421875 0.1484375
0 0.3564453125 0.8408203125 0.2041015625 0.18359375
0 0.7470703125 0.6533203125 0.14453125 0.1640625
0 0.595703125 0.07421875 0.1396484375 0.1474609375
0 0.55859375 0.3046875 0.1396484375 0.1640625
0 0.1005859375 0.2734375 0.1748046875 0.205078125
0 0.775390625 0.0673828125 0.22265625 0.134765625
0 0.7216796875 0.48046875 0.162109375 0.1552734375
0 0.111328125 0.609375 0.1552734375 0.1435546875
0 0.1396484375 0.748046875 0.2021484375 0.185546875
0 0.974609375 0.369140625 0.05078125 0.169921875
0 0.7939453125 0.87109375 0.134765625 0.125
0 0.0478515625 0.4814453125 0.095703125 0.1689453125
0 0.8623046875 0.6259765625 0.1474609375 0.109375
0 0.9111328125 0.931640625 0.14453125 0.126953125
0 0.904296875 0.513671875 0.1552734375 0.150390625
0 0.470703125 0.041015625 0.123046875 0.08203125
0 0.9658203125 0.9375 0.068359375 0.1220703125
0 0.91015625 0.7626953125 0.158203125 0.20703125
0 0.3349609375 0.96875 0.150390625 0.0625
0 0.5673828125 0.65234375 0.14453125 0.177734375
0 0.6064453125 0.5224609375 0.1015625 0.10546875
0 0.451171875 0.6298828125 0.103515625 0.2138671875
0 0.9775390625 0.5537109375 0.044921875 0.166015625
0 0.8818359375 0.5732421875 0.1552734375 0.1640625
0 0.064453125 0.9697265625 0.12890625 0.0595703125
0 0.068359375 0.0302734375 0.13671875 0.060546875
0 0.115234375 0.8935546875 0.2294921875 0.1591796875
0 0.9140625 0.1025390625 0.134765625 0.09765625
0 0.755859375 0.970703125 0.1572265625 0.0576171875
0 0.4716796875 0.287109375 0.0927734375 0.1064453125
0 0.7001953125 0.2001953125 0.1396484375 0.1220703125
0 0.884765625 0.275390625 0.2177734375 0.28125
0 0.2822265625 0.4208984375 0.287109375 0.29296875
0 0.603515625 0.87890625 0.23828125 0.2421875
0 0.0751953125 0.1171875 0.150390625 0.13671875
0 0.265625 0.16015625 0.173828125 0.177734375
0 0.447265625 0.181640625 0.1689453125 0.1591796875