0 0.80859375 0.10911458333333333 0.23828125 0.1675925925925926
0 0.603515625 0.7264105902777778 0.17578125 0.18815104166666674
0 0.564453125 0.8832392939814815 0.25390625 0.22055844907407396
0 0.2158203125 0.611060474537037 0.1875 0.20590277777777777
0 0.5166015625 0.07398003472222223 0.177734375 0.14796006944444445
0 0.49609375 0.299291087962963 0.18359375 0.20584490740740735
0 0.927734375 0.37395109953703703 0.14453125 0.25018807870370374
0 0.3349609375 0.052191840277777776 0.259765625 0.10438368055555555
0 0.28515625 0.44011140046296293 0.205078125 0.20225694444444442
0 0.873046875 0.7175347222222221 0.1953125 0.1884403935185186
0 0.80859375 0.8522786458333333 0.251953125 0.24396701388888875
0 0.064453125 0.2666232638888889 0.083984375 0.18483796296296295
0 0.11328125 0.8205873842592593 0.169921875 0.16462673611111112
0 0.9501953125 0.5952980324074074 0.099609375 0.1889756944444445
0 0.1064453125 0.5550636574074074 0.177734375 0.15107060185185195
0 0.0341796875 0.8344545717592593 0.068359375 0.1318721064814814
0 0.0947265625 0.4302372685185185 0.189453125 0.19421296296296298
0 0.6533203125 0.054282407407407404 0.142578125 0.10856481481481481
0 0.0654296875 0.6806712962962963 0.130859375 0.2519386574074074
0 0.3994140625 0.6522858796296296 0.19140625 0.21963252314814818
0 0.392578125 0.5107855902777778 0.130859375 0.1347511574074074
0 0.5224609375 0.657298900462963 0.16015625 0.2465133101851853
0 0.0263671875 0.452734375 0.052734375 0.17656249999999996
0 0.0986328125 0.49560908564814815 0.197265625 0.2080005787037037
0 0.7822265625 0.9415364583333334 0.236328125 0.09725115740740753
0 0.1845703125 0.03829571759259259 0.162109375 0.07659143518518519
0 0.134765625 0.9110894097222222 0.166015625 0.0630063657407407
0 0.587890625 0.30281394675925927 0.12109375 0.13265335648148147
0 0.3779296875 0.15944010416666665 0.171875 0.16074942129629632
0 0.17578125 0.19075520833333334 0.287109375 0.3460503472222222
0 0.748046875 0.4840350115740741 0.3671875 0.3765335648148148
0 0.3095703125 0.853812210648148 0.29296875 0.2699652777777777
0 0.970703125 0.21901765046296295 0.05859375 0.17078993055555558
0 0.830078125 0.2230541087962963 0.220703125 0.22787905092592592
0 0.6396484375 0.20048466435185183 0.2109375 0.208203125