0 0.5299551504629629 0.8681785300925926 0.38546006944444455 0.2636429398148148
0 0.1078269675925926 0.8894820601851852 0.2156539351851852 0.22103587962962967
0 0.2974464699074074 0.9333333333333333 0.2212239583333333 0.1333333333333333
0 0.868214699074074 0.8337818287037038 0.18347800925925917 0.2666956018518518
0 0.18054108796296298 0.20655381944444445 0.36108217592592595 0.3388888888888889
0 0.8247395833333333 0.14769965277777777 0.2372395833333334 0.2526909722222222
0 0.8396484375 0.3418402777777778 0.19344618055555562 0.2046006944444445
0 0.6201822916666666 0.1328342013888889 0.2869791666666668 0.23661747685185186
0 0.31558159722222223 0.05630787037037037 0.19592013888888893 0.08184317129629629
0 0.5665726273148148 0.5587528935185185 0.2841001157407408 0.22093460648148144
0 0.5530815972222223 0.6708550347222222 0.37144097222222205 0.28006365740740735
0 0.43343460648148147 0.24665075231481481 0.29503761574074083 0.273900462962963
0 0.6810040509259259 0.03093894675925926 0.17314814814814827 0.026576967592592593
0 0.8498987268518519 0.548560474537037 0.2559895833333332 0.30588831018518525
0 0.13441116898148148 0.4398003472222222 0.26882233796296295 0.26241319444444444
0 0.3409071180555555 0.4708695023148148 0.26344039351851856 0.267115162037037
0 0.22166521990740742 0.7001663773148148 0.34563078703703703 0.3709346064814816