0 0.4931640625 0.5009765625 0.15625 0.181640625
0 0.5185546875 0.341796875 0.1494140625 0.1591796875
0 0.890625 0.5673828125 0.177734375 0.1435546875
0 0.427734375 0.95703125 0.2353515625 0.0849609375
0 0.6259765625 0.375 0.1015625 0.12109375
0 0.7978515625 0.62890625 0.111328125 0.126953125
0 0.7451171875 0.728515625 0.103515625 0.1103515625
0 0.513671875 0.7626953125 0.3251953125 0.3388671875
0 0.3427734375 0.0546875 0.1171875 0.10546875
0 0.7802734375 0.669921875 0.12109375 0.1611328125
0 0.97265625 0.2392578125 0.0546875 0.1337890625
0 0.1748046875 0.04296875 0.23046875 0.0849609375
0 0.6923828125 0.10546875 0.2109375 0.1943359375
0 0.6171875 0.6630859375 0.13671875 0.142578125
0 0.8974609375 0.693359375 0.1201171875 0.099609375
0 0.759765625 0.4453125 0.111328125 0.1279296875
0 0.28125 0.9658203125 0.1220703125 0.068359375
0 0.673828125 0.4521484375 0.0693359375 0.0908203125
0 0.0322265625 0.1376953125 0.0615234375 0.16796875
0 0.1953125 0.951171875 0.2919921875 0.09765625
0 0.9755859375 0.82421875 0.048828125 0.18359375
0 0.23046875 0.482421875 0.359375 0.3564453125
0 0.20703125 0.76953125 0.296875 0.259765625
0 0.03515625 0.6796875 0.0703125 0.33203125
0 0.81640625 0.8740234375 0.30078125 0.251953125
0 0.8369140625 0.23828125 0.1630859375 0.1787109375
0 0.9384765625 0.43359375 0.123046875 0.1328125
0 0.521484375 0.06640625 0.1572265625 0.1328125
0 0.9375 0.1240234375 0.1240234375 0.1044921875
0 0.9599609375 0.0390625 0.080078125 0.0771484375
0 0.45703125 0.1826171875 0.1787109375 0.162109375
0 0.201171875 0.2060546875 0.2783203125 0.208984375