0 0.2099609375 0.1953125 0.2666015625 0.2275390625
0 0.392578125 0.091796875 0.3427734375 0.1708984375
0 0.9375 0.6015625 0.1240234375 0.169921875
0 0.849609375 0.8759765625 0.2216796875 0.240234375
0 0.8642578125 0.205078125 0.224609375 0.3623046875
0 0.974609375 0.953125 0.05078125 0.09375
0 0.4091796875 0.33203125 0.193359375 0.193359375
0 0.0234375 0.1650390625 0.046875 0.201171875
0 0.474609375 0.791015625 0.2041015625 0.1884765625
0 0.6796875 0.783203125 0.1728515625 0.23828125
0 0.9033203125 0.4443359375 0.1591796875 0.158203125
0 0.5283203125 0.625 0.181640625 0.15625
0 0.033203125 0.9658203125 0.064453125 0.068359375
0 0.642578125 0.9345703125 0.1591796875 0.130859375
0 0.75390625 0.041015625 0.177734375 0.08203125
0 0.728515625 0.435546875 0.1748046875 0.193359375
0 0.78515625 0.599609375 0.1474609375 0.185546875
0 0.2744140625 0.912109375 0.2021484375 0.17578125
0 0.138671875 0.4580078125 0.275390625 0.2685546875
0 0.357421875 0.4775390625 0.203125 0.2421875
0 0.658203125 0.091796875 0.1240234375 0.14453125
0 0.2861328125 0.7021484375 0.2607421875 0.20703125
0 0.0888671875 0.677734375 0.177734375 0.2578125