0 0.255859375 0.443359375 0.1455078125 0.1669921875
0 0.533203125 0.1357421875 0.193359375 0.1708984375
0 0.5908203125 0.57421875 0.1865234375 0.185546875
0 0.41015625 0.3349609375 0.24609375 0.228515625
0 0.0927734375 0.4248046875 0.1767578125 0.1845703125
0 0.0380859375 0.9658203125 0.0751953125 0.0673828125
0 0.5146484375 0.876953125 0.158203125 0.154296875
0 0.798828125 0.5478515625 0.203125 0.1689453125
0 0.6650390625 0.9072265625 0.216796875 0.185546875
0 0.9130859375 0.8974609375 0.1494140625 0.1845703125
0 0.2177734375 0.021484375 0.1552734375 0.04296875
0 0.123046875 0.533203125 0.103515625 0.091796875
0 0.9296875 0.7265625 0.1259765625 0.201171875
0 0.3359375 0.7919921875 0.1416015625 0.15625
0 0.8154296875 0.29296875 0.2607421875 0.2041015625
0 0.0615234375 0.248046875 0.123046875 0.1796875
0 0.2373046875 0.9072265625 0.201171875 0.185546875
0 0.0458984375 0.6396484375 0.0888671875 0.142578125
0 0.4306640625 0.5244140625 0.185546875 0.1611328125
0 0.294921875 0.2861328125 0.11328125 0.1171875
0 0.0751953125 0.0556640625 0.142578125 0.111328125
0 0.23046875 0.6025390625 0.17578125 0.166015625
0 0.5625 0.02734375 0.146484375 0.0546875
0 0.7255859375 0.095703125 0.208984375 0.1904296875
0 0.919921875 0.0888671875 0.16015625 0.177734375
0 0.763671875 0.7275390625 0.1962890625 0.20703125
0 0.05078125 0.833984375 0.1005859375 0.169921875
0 0.3056640625 0.1259765625 0.2255859375 0.18359375
0 0.4677734375 0.7353515625 0.212890625 0.1318359375