0 0.48476562500000003 0.4615162037037037 0.2515625 0.24252025462962967
0 0.736328125 0.8026186342592592 0.3325520833333333 0.3192997685185186
0 0.09134114583333333 0.6117404513888889 0.18268229166666666 0.22573784722222223
0 0.18854166666666666 0.46934317129629627 0.24635416666666665 0.22275752314814812
0 0.8629557291666667 0.5227575231481482 0.2162760416666667 0.2968460648148148
0 0.35514322916666663 0.625802951388889 0.13450520833333335 0.14998553240740753
0 0.5547526041666666 0.9145399305555555 0.19205729166666652 0.10865162037037024
0 0.9563802083333334 0.21568287037037037 0.06666666666666665 0.2412905092592592
0 0.668359375 0.1182761863425926 0.2924479166666667 0.2365523726851852
0 0.10947265625 0.3210648148148148 0.2189453125 0.29456018518518523
0 0.6264322916666667 0.568872974537037 0.2699218750000001 0.2552806712962963
0 0.5069661458333333 0.8434461805555555 0.1898437500000001 0.19217303240740735
0 0.855859375 0.2060763888888889 0.2739583333333333 0.3158275462962963
0 0.4208984375 0.06508246527777778 0.310546875 0.13016493055555556
0 0.205859375 0.7786096643518519 0.2368489583333333 0.2260850694444445
0 0.19069010416666668 0.9186053240740741 0.15924479166666666 0.08336226851851869
0 0.5915364583333333 0.3627821180555556 0.259765625 0.190480324074074
0 0.1814453125 0.10344328703703703 0.254296875 0.20688657407407407
0 0.382421875 0.14367042824074075 0.294921875 0.25092592592592594
0 0.4380859375 0.7239945023148149 0.31510416666666674 0.320211226851852
0 0.7779947916666667 0.3964771412037037 0.2164062499999999 0.21125578703703707
0 0.46451822916666663 0.7944082754629629 0.3407552083333334 0.35480324074074066
0 0.5123046875 0.023524305555555555 0.24882812499999996 0.04704861111111111
0 0.06809895833333333 0.8971788194444446 0.13619791666666667 0.07324942129629619
0 0.31842447916666666 0.9431351273148147 0.16080729166666663 0.07761863425925908
0 0.052018229166666666 0.7700737847222222 0.10403645833333333 0.2840711805555556
0 0.04921875 0.4933666087962963 0.0984375 0.20467303240740742
0 0.3094401041666667 0.3337818287037037 0.3240885416666667 0.2798900462962963
0 0.93515625 0.3589554398148148 0.08333333333333326 0.1411168981481481