0 0.6154224537037037 0.4271267361111111 0.3116319444444444 0.24791666666666667
0 0.18778211805555556 0.8050347222222223 0.1957609953703704 0.22131076388888893
0 0.030208333333333334 0.45546875 0.06041666666666667 0.24921875000000004
0 0.2929398148148148 0.9095920138888889 0.17793692129629624 0.14639756944444438
0 0.12841435185185185 0.015690104166666666 0.1767650462962963 0.03138020833333333
0 0.632863136574074 0.9247178819444444 0.22342303240740735 0.10160590277777759
0 0.9406901041666667 0.34440104166666663 0.10311053240740753 0.2542534722222223
0 0.7022858796296296 0.7870442708333334 0.21006944444444442 0.24340277777777786
0 0.7974537037037037 0.09503038194444444 0.4046296296296297 0.19006076388888887
0 0.12197627314814814 0.9523003472222222 0.17504340277777777 0.048741319444444375
0 0.8436125578703704 0.855859375 0.2152343750000001 0.2202256944444445
0 0.03483072916666667 0.17400173611111108 0.04581886574074073 0.16393229166666667
0 0.06017071759259259 0.7039930555555556 0.12034143518518518 0.31467013888888884
0 0.9543764467592593 0.540798611111111 0.06127025462962954 0.15876736111111112
0 0.8836299189814816 0.29524739583333337 0.17398726851851842 0.21059027777777772
0 0.2823423032407407 0.5101996527777778 0.33804976851851853 0.48120659722222214
0 0.9036892361111111 0.6386284722222222 0.1488859953703705 0.2192274305555557
0 0.41584201388888886 0.13240017361111112 0.3714409722222223 0.26480034722222223
0 0.051352719907407404 0.8897569444444444 0.10270543981481481 0.15407986111111116
0 0.6820746527777778 0.2183810763888889 0.298828125 0.2766059027777778
0 0.5745876736111111 0.6532552083333334 0.32877604166666674 0.3657118055555557