0 0.25788483796296297 0.39960937500000004 0.1752604166666667 0.1972222222222222
0 0.5848668981481482 0.10616319444444444 0.2241608796296295 0.20807291666666666
0 0.5922236689814815 0.5718967013888889 0.22037037037037033 0.22361111111111098
0 0.43297164351851847 0.301953125 0.2891059027777778 0.2759114583333333
0 0.09937789351851851 0.362109375 0.1890625 0.21510416666666665
0 0.47730034722222225 0.8801649305555556 0.18689236111111107 0.18576388888888884
0 0.8138888888888889 0.5650173611111111 0.23587962962962972 0.20833333333333326
0 0.6317780671296296 0.9011501736111112 0.25125868055555545 0.17547743055555554
0 0.8818721064814815 0.9082899305555555 0.16513310185185182 0.14817708333333335
0 0.10805844907407407 0.47912326388888893 0.12190393518518519 0.11206597222222214
0 0.9179253472222222 0.7648871527777777 0.14033564814814814 0.22769097222222223
0 0.3006944444444445 0.7727430555555556 0.16931423611111107 0.18537326388888897
0 0.855222800925926 0.3013237847222222 0.2895543981481481 0.25256076388888893
0 0.09016927083333333 0.1738064236111111 0.12844328703703703 0.20399305555555558
0 0.18520688657407405 0.8729817708333334 0.23192997685185185 0.20238715277777786
0 0.03556857638888889 0.5823133680555556 0.063671875 0.15959201388888888
0 0.4315248842592593 0.5022135416666667 0.2162615740740741 0.19618055555555558
0 0.31724537037037037 0.23810763888888886 0.1338252314814815 0.1396701388888889
0 0.12319878472222222 0.019921875 0.14092881944444444 0.03984375
0 0.21221064814814813 0.5627604166666667 0.20652488425925924 0.19986979166666674
0 0.6261501736111111 0.016373697916666666 0.15656828703703707 0.03274739583333333
0 0.7889467592592593 0.0990234375 0.2416666666666667 0.198046875
0 0.9493923611111111 0.11074218749999999 0.10121527777777772 0.17217881944444444
0 0.7556785300925926 0.7499348958333334 0.23226273148148158 0.24730902777777786
0 0.03218315972222222 0.7845703125 0.054123263888888884 0.18867187500000004
0 0.34933449074074074 0.09229600694444444 0.2611689814814815 0.18459201388888888
0 0.4439308449074074 0.7265842013888889 0.23949652777777786 0.16935763888888888