0 0.38823784722222227 0.4530598958333333 0.29759837962962965 0.24331597222222223
0 0.6924189814814814 0.8741102430555556 0.19104456018518512 0.20933159722222205
0 0.9361617476851851 0.6144748263888888 0.12767650462962976 0.24275173611111112
0 0.5732783564814815 0.9338975694444445 0.17751736111111116 0.13220486111111107
0 0.916919849537037 0.15692274305555556 0.16616030092592604 0.14223090277777778
0 0.26179108796296297 0.9085937500000001 0.21665219907407407 0.1636718749999999
0 0.09125434027777778 0.3053168402777778 0.14930555555555555 0.24062499999999998
0 0.23234953703703703 0.7454427083333333 0.2055121527777778 0.23142361111111098
0 0.29770688657407407 0.11462673611111111 0.39228877314814814 0.22022569444444443
0 0.7179542824074074 0.9937934027777777 0.1655092592592593 0.012413194444444553
0 0.10796440972222222 0.8091362847222222 0.16644965277777776 0.2823350694444444
0 0.9683883101851851 0.3670572916666667 0.06322337962962976 0.16336805555555556
0 0.8819986979166667 0.8292100694444444 0.23600260416666652 0.30941840277777777
0 0.05164930555555556 0.4731987847222222 0.07378472222222222 0.14952256944444442
0 0.17509403935185186 0.27881944444444445 0.17122395833333337 0.2006510416666667
0 0.6714771412037037 0.5982421875 0.33854166666666674 0.45377604166666674
0 0.08756510416666667 0.5742404513888889 0.1402633101851852 0.2070746527777778
0 0.6380931712962963 0.19702690972222223 0.36603009259259256 0.35360243055555557
0 0.8570601851851852 0.9551215277777778 0.23885995370370372 0.08975694444444438
0 0.37319155092592593 0.2574001736111111 0.2867476851851851 0.26623263888888893
0 0.3763020833333333 0.6572699652777778 0.31908275462962965 0.3495659722222222