0 0.7783203125 0.275390625 0.333984375 0.2587890625
0 0.6416015625 0.068359375 0.162109375 0.13671875
0 0.4296875 0.9296875 0.2001953125 0.1396484375
0 0.8359375 0.0712890625 0.2421875 0.142578125
0 0.443359375 0.7666015625 0.1806640625 0.1787109375
0 0.1494140625 0.5927734375 0.162109375 0.1669921875
0 0.49609375 0.4873046875 0.189453125 0.1728515625
0 0.8251953125 0.5087890625 0.21875 0.2490234375
0 0.2763671875 0.05859375 0.2529296875 0.1171875
0 0.21484375 0.7548828125 0.21484375 0.1826171875
0 0.4775390625 0.1982421875 0.177734375 0.1611328125
0 0.0234375 0.5927734375 0.0458984375 0.1689453125
0 0.966796875 0.509765625 0.06640625 0.17578125
0 0.453125 0.2431640625 0.2451171875 0.2236328125
0 0.2861328125 0.9091796875 0.1513671875 0.1455078125
0 0.1044921875 0.0849609375 0.1806640625 0.1689453125
0 0.10546875 0.4609375 0.150390625 0.1748046875
0 0.7548828125 0.666015625 0.1826171875 0.1640625
0 0.794921875 0.96875 0.1845703125 0.0625
0 0.1787109375 0.3056640625 0.154296875 0.1533203125
0 0.77734375 0.8271484375 0.123046875 0.1767578125
0 0.1123046875 0.9052734375 0.224609375 0.189453125