0 0.40013744212962965 0.47834924768518516 0.32103587962962954 0.39094328703703707
0 0.8615451388888888 0.8312789351851851 0.15936053240740744 0.296021412037037
0 0.6558883101851852 0.532103587962963 0.3939525462962963 0.3563368055555556
0 0.24869791666666666 0.27054398148148145 0.29832175925925924 0.30486111111111114
0 0.6224681712962963 0.8281684027777778 0.37369791666666674 0.33666087962962976
0 0.5053168402777778 0.7226200810185186 0.18135127314814814 0.20441261574074066
0 0.6669560185185186 0.10451750578703704 0.3086660879629628 0.2090350115740741
0 0.3491030092592593 0.8809606481481482 0.25274884259259256 0.23423032407407396
0 0.8737340856481481 0.5548972800925926 0.2217158564814814 0.2925781249999999
0 0.6037688078703703 0.2522931134259259 0.30873842592592604 0.26979166666666665
0 0.2126374421296296 0.8224175347222222 0.1488715277777778 0.1709780092592592
0 0.3205295138888889 0.01963252314814815 0.1714409722222222 0.0392650462962963
0 0.1001880787037037 0.47772714120370374 0.2003761574074074 0.2828269675925925
0 0.9423828125 0.15117910879629629 0.10944733796296302 0.1609230324074074
0 0.12196180555555555 0.7929542824074074 0.2439236111111111 0.3125289351851852
0 0.5465856481481481 0.7682002314814815 0.2896412037037037 0.28136574074074083
0 0.15062572337962962 0.46270254629629626 0.30125144675925924 0.2698929398148149
0 0.39876302083333337 0.41001880787037037 0.22207754629629628 0.24962384259259252
0 0.16880063657407407 0.029947916666666668 0.16630497685185186 0.059895833333333336
0 0.140625 0.10439814814814816 0.12594039351851855 0.13175636574074073
0 0.2884837962962963 0.09408998842592593 0.24725115740740744 0.18817997685185187
0 0.4818431712962963 0.06689091435185185 0.18084490740740744 0.1337818287037037
0 0.08134403935185186 0.22882667824074074 0.1349826388888889 0.21773726851851855
0 0.33391203703703703 0.7111979166666667 0.20384837962962965 0.1791956018518519
0 0.0832248263888889 0.6448133680555556 0.1664496527777778 0.20840567129629628
0 0.8327546296296297 0.3433449074074074 0.31915509259259256 0.2874421296296297
0 0.7721354166666666 0.952025462962963 0.21600115740740744 0.08556134259259252