0 0.8195674189814814 0.9174262152777778 0.09440104166666652 0.09188368055555562
0 0.2762803819444445 0.13971354166666666 0.18088831018518525 0.18146701388888892
0 0.9632089120370371 0.10138888888888889 0.06406249999999991 0.10807291666666669
0 0.7210648148148149 0.051009114583333334 0.28938078703703685 0.10201822916666667
0 0.08186487268518519 0.24383680555555554 0.1566840277777778 0.24079861111111112
0 0.31511863425925923 0.5744791666666667 0.2544704861111111 0.21006944444444442
0 0.7318504050925926 0.8804036458333333 0.2080295138888888 0.1787760416666666
0 0.563650173611111 0.1970920138888889 0.2846932870370371 0.3419704861111111
0 0.6756365740740741 0.837109375 0.09696180555555567 0.10368923611111125
0 0.9564959490740741 0.19327256944444443 0.06938657407407423 0.13559027777777777
0 0.6806495949074074 0.47736545138888886 0.42411747685185186 0.43780381944444446
0 0.11380931712962963 0.07873263888888889 0.09827835648148148 0.1290798611111111
0 0.010062210648148145 0.752734375 0.02012442129629629 0.2523437500000001
0 0.06510416666666667 0.48888888888888893 0.13020833333333334 0.28784722222222214
0 0.013570601851851851 0.8510199652777778 0.027141203703703702 0.11827256944444442
0 0.9336877893518518 0.4076605902777778 0.09211516203703707 0.12296006944444438
0 0.3099030671296296 0.9381293402777777 0.10510706018518523 0.07287326388888893
0 0.9300925925925926 0.4769965277777778 0.08854166666666674 0.09162326388888897
0 0.8561414930555555 0.7569878472222222 0.1533854166666666 0.2523437500000001
0 0.8734592013888889 0.29147135416666664 0.10908564814814814 0.11202256944444444
0 0.41291232638888886 0.1541015625 0.15846354166666665 0.19995659722222225
0 0.1941623263888889 0.821484375 0.3551359953703704 0.3100260416666667
0 0.2431785300925926 0.015082465277777778 0.1777054398148148 0.030164930555555556
0 0.9624348958333333 0.4921223958333333 0.024696180555555447 0.10047743055555558
0 0.3970992476851852 0.057356770833333334 0.25658275462962965 0.11471354166666667
0 0.8071325231481481 0.19893663194444444 0.15849247685185164 0.16293402777777777
0 0.3383174189814815 0.3337673611111111 0.24723668981481484 0.25846354166666663
0 0.1837745949074074 0.28899739583333334 0.20756655092592596 0.24500868055555558
0 0.16906828703703702 0.47866753472222223 0.24399594907407407 0.19596354166666674
0 0.5188874421296297 0.7973090277777778 0.356322337962963 0.37048611111111107
0 0.9492259837962963 0.2958984375 0.07298900462962954 0.1299045138888889
0 0.8875144675925926 0.5841145833333333 0.16772280092592595 0.19062500000000004