0 0.6244936342592593 0.5491753472222223 0.3223958333333332 0.34787326388888884
0 0.4027633101851852 0.7223307291666667 0.2600983796296297 0.22026909722222232
0 0.887767650462963 0.4793619791666667 0.22446469907407396 0.24683159722222214
0 0.28878761574074074 0.052300347222222224 0.1869502314814815 0.10460069444444445
0 0.8860170717592593 0.8279730902777778 0.22540509259259256 0.2343315972222222
0 0.5693431712962963 0.15562065972222222 0.2910300925925926 0.31124131944444444
0 0.10708912037037037 0.05368923611111111 0.12433449074074074 0.10737847222222222
0 0.46812789351851847 0.816232638888889 0.1523726851851852 0.13940972222222214
0 0.6944299768518518 0.7973741319444445 0.2216724537037038 0.24001736111111116
0 0.32880497685185184 0.8664279513888888 0.1693865740740741 0.1869791666666667
0 0.5406177662037037 0.9195963541666667 0.1655237268518519 0.12243923611111107
0 0.7897280092592593 0.9114583333333333 0.26886574074074066 0.12118055555555562
0 0.43138020833333335 0.89609375 0.12427662037037046 0.11280381944444451
0 0.13819444444444445 0.7037760416666667 0.24340277777777775 0.3151041666666665
0 0.5709924768518518 0.7236545138888888 0.1650752314814814 0.17313368055555545
0 0.047844328703703705 0.49266493055555555 0.07068865740740742 0.1474826388888889
0 0.8336588541666667 0.26881510416666665 0.3326822916666665 0.27460937500000004
0 0.45734230324074077 0.88125 0.1942563657407408 0.17052951388888893
0 0.9573278356481482 0.9245442708333333 0.04694733796296302 0.07035590277777781
0 0.8648292824074074 0.7679904513888889 0.27034143518518516 0.3598090277777777
0 0.6593605324074074 0.9338758680555556 0.13116319444444446 0.08190104166666656
0 0.41278211805555554 0.3014105902777778 0.24684606481481475 0.29965277777777777
0 0.19056712962962963 0.22719184027777778 0.33135127314814816 0.32096354166666663
0 0.8039930555555556 0.0798611111111111 0.1807002314814814 0.1597222222222222
0 0.9254412615740741 0.14322916666666666 0.14911747685185173 0.2864583333333333
0 0.1726345486111111 0.8430555555555556 0.2533854166666667 0.25703125000000004
0 0.2854962384259259 0.49383680555555554 0.40212673611111116 0.3397135416666668