0 0.6684606481481481 0.06640625 0.1728587962962962 0.1328125
0 0.4481336805555556 0.5126953125 0.09855324074074079 0.12109375
0 0.9201822916666667 0.9580078125 0.11976273148148153 0.083984375
0 0.9460322627314814 0.2822265625 0.10793547453703711 0.17578125
0 0.38451967592592595 0.7578125 0.12607060185185182 0.14453125
0 0.2512008101851852 0.162109375 0.1025173611111111 0.12890625
0 0.21122685185185186 0.302734375 0.15347222222222223 0.15234375
0 0.28173466435185185 0.4609375 0.16535011574074077 0.173828125
0 0.6974898726851851 0.2939453125 0.24581886574074074 0.2265625
0 0.6073061342592593 0.51171875 0.18492476851851847 0.1796875
0 0.4394820601851852 0.1357421875 0.3438078703703704 0.271484375
0 0.1661964699074074 0.8154296875 0.15370370370370368 0.18359375
0 0.9749529803240741 0.927734375 0.05009403935185186 0.087890625
0 0.3920500578703704 0.9833984375 0.08032407407407405 0.033203125
0 0.08481626157407407 0.1123046875 0.16182002314814814 0.224609375
0 0.7834056712962962 0.5546875 0.16537905092592586 0.177734375
0 0.5644024884259259 0.65234375 0.2709780092592593 0.1953125
0 0.943359375 0.095703125 0.11328125 0.19140625
0 0.36027199074074073 0.912109375 0.1611689814814815 0.13671875
0 0.056127025462962964 0.853515625 0.10065104166666668 0.140625
0 0.7511863425925926 0.5556640625 0.1259837962962962 0.1328125
0 0.9242910879629629 0.7587890625 0.15141782407407423 0.212890625
0 0.6521050347222223 0.890625 0.3121672453703703 0.21875
0 0.08366608796296296 0.484375 0.1622974537037037 0.2890625
0 0.5200737847222222 0.3369140625 0.09843749999999996 0.10546875
0 0.9183557581018518 0.5009765625 0.16328848379629646 0.265625
0 0.8187138310185185 0.0478515625 0.12961516203703694 0.095703125
0 0.37566550925925923 0.353515625 0.14962384259259265 0.16015625
0 0.04236834490740741 0.9736328125 0.07068865740740742 0.05078125
0 0.2929832175925926 0.6611328125 0.11222511574074079 0.12109375