0 0.634765625 0.45703125 0.2587890625 0.189453125
0 0.2890625 0.8125 0.1552734375 0.177734375
0 0.0625 0.505859375 0.125 0.21875
0 0.39453125 0.921875 0.1474609375 0.150390625
0 0.140625 0.0576171875 0.1767578125 0.1123046875
0 0.705078125 0.9345703125 0.19140625 0.126953125
0 0.943359375 0.37109375 0.1123046875 0.2177734375
0 0.7509765625 0.7763671875 0.166015625 0.197265625
0 0.767578125 0.111328125 0.3515625 0.2109375
0 0.244140625 0.966796875 0.15625 0.06640625
0 0.8994140625 0.869140625 0.1884765625 0.2470703125
0 0.0498046875 0.2529296875 0.0986328125 0.14453125
0 0.103515625 0.73046875 0.19921875 0.2666015625
0 0.9677734375 0.5478515625 0.064453125 0.1376953125
0 0.8623046875 0.328125 0.13671875 0.1708984375
0 0.3427734375 0.5439453125 0.2587890625 0.400390625
0 0.921875 0.6376953125 0.12109375 0.1826171875
0 0.4228515625 0.1533203125 0.30859375 0.2939453125
0 0.1083984375 0.91796875 0.2158203125 0.1630859375
0 0.6728515625 0.267578125 0.244140625 0.216796875
0 0.62109375 0.662109375 0.2607421875 0.294921875