0 0.5907986111111111 0.5684895833333333 0.36979166666666674 0.40494791666666674
0 0.4241753472222222 0.8048177083333333 0.290625 0.2651041666666667
0 0.8443793402777777 0.4240234375 0.27947048611111125 0.28971354166666663
0 0.0929904513888889 0.144921875 0.1859809027777778 0.153125
0 0.9010633680555555 0.7779296874999999 0.17174479166666679 0.2688802083333335
0 0.40460069444444446 0.18932291666666667 0.32751736111111107 0.3455729166666667
0 0.5202473958333333 0.8826171875 0.1714409722222221 0.1674479166666667
0 0.7411024305555556 0.8024739583333333 0.2558159722222222 0.2783854166666666
0 0.3965494791666667 0.9306640625 0.19301215277777772 0.138671875
0 0.6288628472222222 0.94638671875 0.18276909722222223 0.10722656249999996
0 0.8599826388888889 0.9051432291666667 0.24626736111111125 0.18971354166666665
0 0.5084635416666666 0.9528645833333333 0.13949652777777777 0.0942708333333333
0 0.15709635416666667 0.8421875 0.27660590277777775 0.31562500000000004
0 0.5943576388888889 0.7604166666666667 0.18980034722222205 0.20377604166666652
0 0.7148003472222222 0.22565104166666666 0.379861111111111 0.3315104166666667
0 0.5295789930555556 0.9249348958333333 0.21688368055555562 0.15013020833333335
0 0.8661675347222222 0.7198567708333333 0.24691840277777777 0.40455729166666665
0 0.7552517361111111 0.9497395833333333 0.14496527777777768 0.10052083333333339
0 0.2968532986111111 0.37285156249999996 0.2884982638888889 0.34492187500000004
0 0.1162109375 0.35260416666666666 0.232421875 0.3536458333333333
0 0.6200737847222222 0.0873046875 0.19344618055555562 0.10455729166666666
0 0.7979600694444444 0.136328125 0.24392361111111116 0.18203125000000003
0 0.23064236111111108 0.91875 0.2830729166666667 0.1625000000000001
0 0.23207465277777778 0.6032552083333333 0.44787326388888893 0.408203125