0 0.11662326388888888 0.06774450231481481 0.15347222222222223 0.13548900462962962
0 0.9663845486111111 0.2101779513888889 0.05933159722222214 0.21303530092592593
0 0.9152777777777777 0.07060185185185185 0.16770833333333335 0.1412037037037037
0 0.8934461805555556 0.8161530671296297 0.1049479166666667 0.15986689814814814
0 0.533203125 0.3114872685185185 0.15555555555555545 0.15581597222222232
0 0.15143229166666666 0.38071469907407407 0.25954861111111116 0.27271412037037046
0 0.33426649305555556 0.26967592592592593 0.21935763888888893 0.21903935185185186
0 0.5938368055555555 0.7418258101851851 0.3387586805555556 0.4150752314814814
0 0.8578125 0.8841145833333333 0.14678819444444446 0.1122685185185186
0 0.9333333333333333 0.688404224537037 0.06636284722222219 0.17845775462962976
0 0.046484375 0.8855251736111112 0.09296875 0.13519965277777768
0 0.44503038194444444 0.15520109953703703 0.19904513888888897 0.18243634259259256
0 0.14516059027777778 0.7055844907407407 0.29032118055555556 0.3388310185185186
0 0.6829861111111111 0.11867042824074074 0.2455729166666667 0.23734085648148148
0 0.4472873263888889 0.44849537037037035 0.22712673611111112 0.21766493055555558
0 0.7093750000000001 0.36863425925925924 0.28585069444444455 0.31561053240740733
0 0.3882378472222222 0.6927083333333333 0.24006076388888897 0.27322048611111116
0 0.7969401041666666 0.6838831018518519 0.1782552083333333 0.21209490740740744
0 0.0656467013888889 0.24862557870370372 0.11805555555555558 0.22323495370370372
0 0.36744791666666665 0.9262876157407407 0.1777777777777778 0.10286458333333348
0 0.22623697916666669 0.9191984953703705 0.09748263888888886 0.08716724537037024
0 0.9119140625 0.37995515046296297 0.16089409722222214 0.22055844907407407