0 0.9008825231481481 0.2605251736111111 0.1909432870370371 0.25076678240740746
0 0.4346209490740741 0.8243923611111111 0.35428240740740735 0.3512152777777777
0 0.2697193287037037 0.06359230324074074 0.20274884259259263 0.12209201388888888
0 0.12574146412037038 0.31640625 0.25148292824074076 0.27128182870370365
0 0.8740017361111112 0.11260127314814813 0.18706597222222232 0.11990740740740741
0 0.4173538773148148 0.05991753472222222 0.17310474537037035 0.10993923611111112
0 0.32981770833333335 0.40936053240740744 0.1630063657407408 0.1644531250000001
0 0.47973090277777775 0.22986111111111113 0.38783275462962963 0.37277199074074074
0 0.25773292824074073 0.6330005787037036 0.239771412037037 0.2514901620370371
0 0.832935474537037 0.7401982060185185 0.29719328703703685 0.41047453703703707
0 0.6974681712962962 0.26728153935185184 0.16892361111111098 0.1664930555555556
0 0.9337384259259259 0.4046296296296297 0.11388888888888893 0.15396412037037033
0 0.7173177083333333 0.12493489583333334 0.2265480324074074 0.20053530092592592
0 0.1138816550925926 0.014388020833333333 0.0886429398148148 0.026692708333333332
0 0.17041377314814815 0.11780960648148148 0.17932581018518523 0.18812210648148148
0 0.6616970486111111 0.5842737268518519 0.2567274305555556 0.29664351851851856
0 0.8793764467592593 0.6236472800925926 0.21462673611111116 0.3253038194444444
0 0.09634693287037037 0.5679253472222222 0.19269386574074074 0.2999131944444444
0 0.8134693287037037 0.9615957754629629 0.19010416666666674 0.07680844907407414
0 0.16643518518518519 0.8456090856481482 0.2890046296296296 0.26588541666666665
0 0.0220703125 0.7895399305555555 0.044140625 0.20798611111111098