0 0.4931640625 0.8701171875 0.2880859375 0.244140625
0 0.099609375 0.8955078125 0.1875 0.208984375
0 0.513671875 0.0517578125 0.125 0.0712890625
0 0.517578125 0.1494140625 0.2529296875 0.2197265625
0 0.66796875 0.4775390625 0.123046875 0.1416015625
0 0.4013671875 0.3037109375 0.208984375 0.208984375
0 0.791015625 0.9677734375 0.2265625 0.064453125
0 0.1806640625 0.671875 0.3095703125 0.2568359375
0 0.0361328125 0.59765625 0.0693359375 0.1708984375
0 0.794921875 0.34765625 0.1650390625 0.2001953125
0 0.4921875 0.638671875 0.0693359375 0.07421875
0 0.2861328125 0.67578125 0.3564453125 0.232421875
0 0.8212890625 0.64453125 0.2109375 0.1708984375
0 0.333984375 0.041015625 0.1923828125 0.08203125
0 0.7099609375 0.0283203125 0.166015625 0.0556640625
0 0.859375 0.119140625 0.220703125 0.212890625
0 0.205078125 0.2587890625 0.177734375 0.2080078125
0 0.1044921875 0.06640625 0.1865234375 0.1328125
0 0.5546875 0.5537109375 0.1123046875 0.099609375
0 0.873046875 0.830078125 0.25390625 0.2216796875
0 0.2470703125 0.87890625 0.1474609375 0.1201171875
0 0.1259765625 0.4228515625 0.25 0.2421875
0 0.3828125 0.490234375 0.224609375 0.19140625
0 0.5908203125 0.3486328125 0.169921875 0.2587890625
0 0.0576171875 0.1875 0.115234375 0.15625
0 0.9423828125 0.34765625 0.115234375 0.25390625