0 0.11551649305555556 0.4302734375 0.20186631944444444 0.20429687500000004
0 0.14229600694444444 0.244140625 0.24249131944444446 0.24205729166666667
0 0.10512152777777778 0.9193359375 0.13368055555555558 0.11601562499999996
0 0.2943576388888889 0.4013020833333333 0.2138454861111111 0.2109375
0 0.6468967013888889 0.4686197916666667 0.15407986111111116 0.13684895833333321
0 0.812326388888889 0.2693359375 0.3514322916666668 0.23958333333333337
0 0.37170138888888893 0.9476236979166667 0.17504340277777786 0.10475260416666665
0 0.48422309027777777 0.22604166666666667 0.22157118055555558 0.20950520833333336
0 0.9745225694444444 0.4327473958333333 0.05095486111111125 0.22096354166666665
0 0.8426866319444445 0.44856770833333337 0.23328993055555558 0.21028645833333326
0 0.9381944444444444 0.17578125 0.12361111111111112 0.1723958333333333
0 0.6488498263888889 0.11822916666666666 0.24487847222222214 0.16432291666666665
0 0.9554470486111111 0.9110677083333334 0.08910590277777786 0.17786458333333321
0 0.22727864583333335 0.9730143229166667 0.1737847222222222 0.05397135416666665
0 0.9596571180555555 0.580078125 0.08068576388888893 0.3638020833333333
0 0.516015625 0.5251302083333333 0.251953125 0.19205729166666652
0 0.21048177083333333 0.5076822916666667 0.1516059027777778 0.125
0 0.06727430555555555 0.8126302083333333 0.06961805555555556 0.16432291666666665
0 0.6882595486111112 0.9534505208333333 0.10802951388888893 0.09309895833333348
0 0.08956163194444444 0.06536458333333332 0.11662326388888888 0.1265625
0 0.3199652777777778 0.10117187500000001 0.39383680555555556 0.1859375
0 0.6349392361111111 0.3091145833333333 0.1758246527777778 0.23177083333333326
0 0.8543619791666667 0.6674479166666667 0.273263888888889 0.2772135416666668
0 0.2578125 0.7182291666666667 0.4684027777777777 0.3739583333333334
0 0.6397352430555556 0.789453125 0.3643229166666666 0.310546875
0 0.5647786458333333 0.9668619791666666 0.16636284722222205 0.06627604166666679
0 0.8362847222222223 0.909375 0.24444444444444446 0.1812499999999999