0 0.8090639467592593 0.5667317708333333 0.2572337962962963 0.2645833333333334
0 0.7711226851851851 0.8375 0.16261574074074092 0.18229166666666674
0 0.8994683159722222 0.7711588541666666 0.20106336805555558 0.24531250000000004
0 0.5880714699074074 0.7322265625 0.30598958333333326 0.26588541666666665
0 0.48679832175925924 0.051171875 0.11812789351851849 0.10234375
0 0.0376880787037037 0.224609375 0.06987847222222222 0.30859375
0 0.2955729166666667 0.9494791666666667 0.1587094907407407 0.07682291666666674
0 0.3565538194444444 0.7192708333333333 0.20030381944444442 0.20039062500000004
0 0.9265769675925926 0.22408854166666667 0.14127604166666652 0.184765625
0 0.5595341435185185 0.22604166666666667 0.16796875 0.16901041666666666
0 0.7800925925925926 0.0515625 0.20081018518518512 0.103125
0 0.2976345486111111 0.3179036458333333 0.44646990740740733 0.4291666666666667
0 0.9630353009259259 0.623046875 0.07392939814814814 0.2036458333333333
0 0.7298177083333333 0.198046875 0.22670717592592604 0.22942708333333328
0 0.17957899305555558 0.7780598958333333 0.17050057870370372 0.18476562500000004
0 0.2757161458333333 0.5983723958333333 0.1644965277777778 0.18046874999999996
0 0.4513888888888889 0.07265625 0.1644965277777778 0.1453125
0 0.16630497685185186 0.525390625 0.22938368055555558 0.19648437500000004
0 0.5847800925925926 0.8812500000000001 0.27951388888888884 0.18229166666666652
0 0.06217447916666667 0.0927734375 0.10054976851851852 0.08463541666666669
0 0.9308810763888888 0.4658203125 0.13823784722222232 0.1977864583333333
0 0.8188295717592593 0.3546223958333333 0.14337384259259256 0.18880208333333326
0 0.04955150462962963 0.5713541666666666 0.06394675925925926 0.20104166666666679
0 0.08195891203703703 0.6533854166666666 0.1130642361111111 0.21210937499999982
0 0.16145833333333334 0.07734375 0.1560329861111111 0.109765625
0 0.18153211805555555 0.9629557291666666 0.14460358796296297 0.06419270833333313
0 0.8794487847222223 0.08147786458333334 0.17115162037037024 0.16295572916666667
0 0.42375578703703703 0.5248697916666667 0.21129918981481477 0.23424479166666679
0 0.02821180555555556 0.47096354166666665 0.027777777777777776 0.1713541666666667
0 0.6606626157407407 0.392578125 0.2767650462962963 0.31848958333333344
0 0.34132667824074076 0.8632161458333334 0.2197627314814815 0.1997395833333333
0 0.11201533564814815 0.8833984375 0.07877604166666666 0.1805989583333334
0 0.6223958333333333 0.0447265625 0.23697916666666652 0.089453125
0 0.28747106481481477 0.07542317708333333 0.20666956018518512 0.15084635416666667