0 0.0849609375 0.4833984375 0.169921875 0.1591796875
0 0.10546875 0.3095703125 0.1962890625 0.189453125
0 0.0771484375 0.9443359375 0.154296875 0.111328125
0 0.2490234375 0.431640625 0.171875 0.1650390625
0 0.5703125 0.443359375 0.126953125 0.1044921875
0 0.7109375 0.23828125 0.2978515625 0.171875
0 0.341796875 0.94140625 0.1484375 0.1171875
0 0.4140625 0.244140625 0.1806640625 0.162109375
0 0.9228515625 0.365234375 0.1328125 0.19140625
0 0.74609375 0.3974609375 0.1904296875 0.162109375
0 0.8779296875 0.1064453125 0.205078125 0.1962890625
0 0.5595703125 0.091796875 0.2080078125 0.1826171875
0 0.916015625 0.8349609375 0.146484375 0.212890625
0 0.2109375 0.974609375 0.154296875 0.0498046875
0 0.9189453125 0.5009765625 0.1484375 0.3212890625
0 0.4541015625 0.513671875 0.2099609375 0.142578125
0 0.177734375 0.5400390625 0.1259765625 0.09375
0 0.0419921875 0.8408203125 0.083984375 0.1396484375
0 0.626953125 0.88671875 0.087890625 0.083984375
0 0.0478515625 0.123046875 0.095703125 0.16796875
0 0.259765625 0.1064453125 0.33984375 0.212890625
0 0.552734375 0.298828125 0.134765625 0.1904296875
0 0.765625 0.595703125 0.2197265625 0.2177734375
0 0.2275390625 0.7265625 0.390625 0.279296875
0 0.576171875 0.7373046875 0.30078125 0.236328125
0 0.5185546875 0.947265625 0.140625 0.10546875
0 0.763671875 0.876953125 0.1962890625 0.2451171875