0 0.46838107638888893 0.5355034722222222 0.2050347222222222 0.22743055555555558
0 0.5293836805555556 0.373828125 0.19414062500000018 0.2016059027777778
0 0.8628255208333333 0.6870876736111111 0.20907118055555562 0.18667534722222223
0 0.30499131944444446 0.9648654513888889 0.2574652777777777 0.07026909722222219
0 0.6344618055555555 0.43133680555555554 0.13337673611111112 0.15017361111111116
0 0.7609592013888888 0.7334418402777778 0.1454427083333334 0.15850694444444446
0 0.6833767361111112 0.8278428819444444 0.13294270833333321 0.14040798611111116
0 0.4334635416666667 0.7999131944444444 0.41870659722222214 0.40017361111111116
0 0.40154079861111114 0.05796440972222223 0.14223090277777772 0.08624131944444445
0 0.7327256944444445 0.7742621527777778 0.16271701388888893 0.19631076388888902
0 0.22764756944444445 0.0296875 0.2556423611111111 0.050347222222222224
0 0.7586588541666667 0.16874999999999998 0.2660156250000001 0.23988715277777778
0 0.5624131944444445 0.7314670138888889 0.17569444444444438 0.18129340277777772
0 0.8499565972222223 0.8225260416666667 0.15008680555555554 0.13142361111111112
0 0.7600477430555556 0.5337890625 0.1455295138888888 0.16046006944444446
0 0.14947916666666666 0.9518663194444444 0.13294270833333333 0.05269097222222219
0 0.6676215277777777 0.5218532986111111 0.09266493055555536 0.111328125
0 0.07690972222222223 0.07484809027777778 0.06493055555555555 0.14518229166666669
0 0.11176215277777778 0.9189019097222222 0.22352430555555555 0.11905381944444438
0 0.8889322916666667 0.9371310763888889 0.05425347222222232 0.12573784722222214
0 0.21265190972222223 0.45889756944444443 0.42530381944444445 0.45685763888888886
0 0.14811197916666666 0.7552083333333333 0.2962239583333333 0.3385416666666665
0 0.010568576388888888 0.6268880208333334 0.021137152777777776 0.3592447916666668
0 0.7314670138888889 0.9136284722222222 0.3604166666666666 0.17274305555555558
0 0.8844401041666667 0.33285590277777777 0.21072048611111116 0.22378472222222223
0 0.9244791666666667 0.5547960069444444 0.11232638888888902 0.15898437499999996
0 0.5876953125 0.09657118055555555 0.1917968750000001 0.1488715277777778
0 0.9654296875 0.22784288194444446 0.05837673611111116 0.12929687499999998
0 0.49728732638888884 0.1933376736111111 0.22573784722222223 0.21080729166666667
0 0.22463107638888888 0.16360677083333333 0.3419704861111111 0.28224826388888885