0 0.2041015625 0.595703125 0.166015625 0.146484375
0 0.60546875 0.1005859375 0.1015625 0.109375
0 0.4296875 0.6826171875 0.146484375 0.1884765625
0 0.943359375 0.5576171875 0.11328125 0.212890625
0 0.568359375 0.70703125 0.12890625 0.15234375
0 0.9169921875 0.2998046875 0.1611328125 0.1591796875
0 0.76953125 0.9375 0.1748046875 0.125
0 0.125 0.4814453125 0.185546875 0.138671875
0 0.1201171875 0.25390625 0.1201171875 0.1318359375
0 0.275390625 0.7236328125 0.173828125 0.1640625
0 0.388671875 0.9384765625 0.142578125 0.1220703125
0 0.59375 0.1640625 0.146484375 0.2001953125
0 0.4326171875 0.416015625 0.240234375 0.240234375
0 0.0400390625 0.2197265625 0.0771484375 0.107421875
0 0.4716796875 0.0869140625 0.1181640625 0.12109375
0 0.578125 0.5390625 0.16015625 0.1865234375
0 0.2265625 0.9033203125 0.1767578125 0.1884765625
0 0.7685546875 0.576171875 0.240234375 0.259765625
0 0.0302734375 0.595703125 0.0576171875 0.1787109375
0 0.18359375 0.37109375 0.1455078125 0.12109375
0 0.7802734375 0.1435546875 0.2392578125 0.248046875
0 0.935546875 0.1181640625 0.12890625 0.228515625
0 0.7939453125 0.390625 0.2314453125 0.1875
0 0.6298828125 0.390625 0.1259765625 0.1435546875
0 0.083984375 0.720703125 0.16796875 0.16796875
0 0.0400390625 0.8984375 0.080078125 0.1796875
0 0.779296875 0.7900390625 0.27734375 0.197265625
0 0.9375 0.7255859375 0.0888671875 0.1435546875
0 0.255859375 0.1240234375 0.205078125 0.234375