0 0.56640625 0.07421875 0.2392578125 0.1318359375
0 0.279296875 0.576171875 0.1484375 0.169921875
0 0.03125 0.0966796875 0.05859375 0.173828125
0 0.51953125 0.3818359375 0.1923828125 0.16015625
0 0.8271484375 0.650390625 0.1279296875 0.1376953125
0 0.5810546875 0.2314453125 0.185546875 0.1796875
0 0.04296875 0.2841796875 0.0859375 0.212890625
0 0.171875 0.4658203125 0.1435546875 0.1015625
0 0.029296875 0.54296875 0.056640625 0.173828125
0 0.9306640625 0.0888671875 0.1337890625 0.1669921875
0 0.5341796875 0.54296875 0.2041015625 0.1826171875
0 0.22265625 0.3359375 0.263671875 0.2255859375
0 0.3720703125 0.052734375 0.2099609375 0.10546875
0 0.9541015625 0.6435546875 0.091796875 0.265625
0 0.912109375 0.0546875 0.15234375 0.109375
0 0.251953125 0.8466796875 0.2197265625 0.1845703125
0 0.75 0.8994140625 0.2109375 0.201171875
0 0.544921875 0.7509765625 0.1494140625 0.1689453125
0 0.896484375 0.974609375 0.162109375 0.0498046875
0 0.05078125 0.96875 0.1015625 0.0625
0 0.8212890625 0.205078125 0.2255859375 0.197265625
0 0.3935546875 0.2158203125 0.1640625 0.1669921875
0 0.154296875 0.6474609375 0.2138671875 0.2666015625
0 0.5849609375 0.8720703125 0.2080078125 0.1767578125
0 0.7314453125 0.4716796875 0.1806640625 0.1552734375
0 0.115234375 0.068359375 0.12890625 0.13671875
0 0.2353515625 0.0986328125 0.125 0.197265625
0 0.7509765625 0.048828125 0.1552734375 0.09765625
0 0.4140625 0.8232421875 0.140625 0.248046875
0 0.0478515625 0.861328125 0.095703125 0.1494140625
0 0.90625 0.404296875 0.1865234375 0.2255859375