0 0.873046875 0.8017578125 0.154296875 0.1787109375
0 0.2216796875 0.873046875 0.1611328125 0.185546875
0 0.73828125 0.6748046875 0.185546875 0.1669921875
0 0.537109375 0.44140625 0.208984375 0.20703125
0 0.345703125 0.4345703125 0.181640625 0.1728515625
0 0.5458984375 0.072265625 0.1806640625 0.14453125
0 0.4208984375 0.6611328125 0.23828125 0.2314453125
0 0.2451171875 0.96875 0.16015625 0.0625
0 0.1826171875 0.755859375 0.13671875 0.130859375
0 0.24609375 0.2919921875 0.1767578125 0.169921875
0 0.71484375 0.28125 0.1826171875 0.15234375
0 0.0869140625 0.9482421875 0.15234375 0.1025390625
0 0.7373046875 0.4267578125 0.1943359375 0.1611328125
0 0.0966796875 0.1298828125 0.173828125 0.1767578125
0 0.9482421875 0.634765625 0.103515625 0.1796875
0 0.7607421875 0.041015625 0.2138671875 0.0810546875
0 0.052734375 0.841796875 0.10546875 0.15234375
0 0.4755859375 0.283203125 0.2001953125 0.171875
0 0.9072265625 0.4521484375 0.1845703125 0.134765625
0 0.1826171875 0.501953125 0.1572265625 0.166015625
0 0.123046875 0.6376953125 0.126953125 0.1376953125
0 0.470703125 0.9677734375 0.1650390625 0.064453125
0 0.9365234375 0.025390625 0.1259765625 0.0498046875
0 0.052734375 0.587890625 0.0947265625 0.150390625
0 0.8623046875 0.2265625 0.275390625 0.2578125
0 0.7646484375 0.9189453125 0.173828125 0.162109375
0 0.0791015625 0.2861328125 0.158203125 0.1533203125
0 0.060546875 0.453125 0.12109375 0.158203125
0 0.33984375 0.11328125 0.2578125 0.2265625
0 0.521484375 0.8466796875 0.291015625 0.23046875