0 0.9241608796296297 0.7050998263888888 0.15167824074074066 0.22026909722222232
0 0.2870081018518519 0.9029513888888889 0.20642361111111107 0.18619791666666652
0 0.7819444444444444 0.6038194444444445 0.2281249999999999 0.21597222222222223
0 0.5245876736111111 0.4073567708333333 0.2597222222222222 0.2635416666666668
0 0.3256004050925926 0.44303385416666663 0.22621527777777783 0.22178819444444442
0 0.45944733796296294 0.05855034722222222 0.20795717592592589 0.11710069444444444
0 0.44930555555555557 0.6610243055555556 0.29706307870370374 0.29561631944444455
0 0.32958622685185185 0.9811197916666666 0.17595486111111114 0.02734375
0 0.2228515625 0.8125651041666666 0.16918402777777775 0.16779513888888875
0 0.19184027777777776 0.31805555555555554 0.22032696759259257 0.2177517361111112
0 0.6754340277777777 0.20182291666666669 0.22019675925925908 0.2001736111111111
0 0.1713396990740741 0.9787760416666667 0.15651041666666665 0.03862847222222232
0 0.7292534722222221 0.3471354166666667 0.2359085648148147 0.21223958333333326
0 0.055056423611111106 0.1804470486111111 0.10901331018518519 0.2172309027777778
0 0.9596281828703703 0.5177734375 0.08074363425925934 0.20499131944444438
0 0.674877025462963 0.0035373263888888885 0.22866030092592604 0.007074652777777777
0 0.12107928240740741 0.9183593750000001 0.10859375000000002 0.16059027777777768
0 0.4277560763888889 0.25713975694444446 0.24380787037037033 0.2241319444444445
0 0.8981626157407407 0.3384982638888889 0.19463252314814805 0.17617187499999998
0 0.1701171875 0.5500217013888888 0.1987847222222222 0.2094618055555557
0 0.13707320601851852 0.7041015625 0.16140046296296295 0.17152777777777772
0 0.5628038194444445 0.9515190972222223 0.1821759259259259 0.07630208333333321
0 0.06548032407407407 0.6646701388888889 0.10477430555555556 0.17222222222222205
0 0.8038049768518518 0.13734809027777778 0.31464120370370363 0.27469618055555556
0 0.8589192708333333 0.8423828125 0.2142939814814815 0.19418402777777777
0 0.057233796296296297 0.34253472222222225 0.1107349537037037 0.1860243055555555
0 0.056604456018518524 0.5212890625 0.10681423611111111 0.1839843750000001
0 0.25689380787037036 0.1339626736111111 0.3065104166666667 0.25286458333333334
0 0.594140625 0.8306857638888889 0.34986979166666665 0.3065538194444444