0 0.23828125 0.6689453125 0.2080078125 0.2109375
0 0.32421875 0.9169921875 0.12890625 0.1474609375
0 0.1767578125 0.884765625 0.1865234375 0.1962890625
0 0.4765625 0.7783203125 0.2587890625 0.2001953125
0 0.44140625 0.076171875 0.08984375 0.15234375
0 0.9462890625 0.17578125 0.1064453125 0.2861328125
0 0.796875 0.951171875 0.138671875 0.09765625
0 0.6923828125 0.716796875 0.1640625 0.15625
0 0.0595703125 0.3701171875 0.119140625 0.154296875
0 0.4091796875 0.29296875 0.13671875 0.1337890625
0 0.1611328125 0.130859375 0.1669921875 0.154296875
0 0.6728515625 0.32421875 0.3681640625 0.3330078125
0 0.0625 0.763671875 0.125 0.1748046875
0 0.244140625 0.3046875 0.1845703125 0.181640625
0 0.869140625 0.7333984375 0.13671875 0.1474609375
0 0.7451171875 0.5849609375 0.1318359375 0.14453125
0 0.0341796875 0.064453125 0.068359375 0.12890625
0 0.478515625 0.0947265625 0.12890625 0.177734375
0 0.8349609375 0.4921875 0.1943359375 0.1455078125
0 0.5078125 0.9296875 0.2451171875 0.140625
0 0.8544921875 0.0537109375 0.0859375 0.0791015625
0 0.080078125 0.6064453125 0.1591796875 0.1591796875
0 0.1884765625 0.470703125 0.109375 0.1572265625
0 0.9697265625 0.5126953125 0.05859375 0.1865234375
0 0.9521484375 0.59765625 0.0947265625 0.1865234375
0 0.7587890625 0.0537109375 0.13671875 0.1025390625
0 0.908203125 0.9462890625 0.12109375 0.107421875
0 0.07421875 0.208984375 0.1416015625 0.1650390625
0 0.591796875 0.546875 0.1669921875 0.1884765625
0 0.978515625 0.4130859375 0.0419921875 0.1630859375
0 0.345703125 0.4736328125 0.2197265625 0.2587890625
0 0.7333984375 0.849609375 0.1845703125 0.1513671875
0 0.96484375 0.8203125 0.0703125 0.1640625
0 0.3095703125 0.0791015625 0.2080078125 0.1572265625
0 0.6376953125 0.07421875 0.1787109375 0.1474609375