0 0.18420862268518517 0.3406032986111111 0.36841724537037035 0.3812934027777778
0 0.26056134259259256 0.0915798611111111 0.2074652777777778 0.1831597222222222
0 0.6531756365740741 0.8758318865740741 0.2333622685185186 0.14778645833333326
0 0.10040509259259259 0.15263310185185186 0.20081018518518517 0.21035879629629628
0 0.6123408564814815 0.7425130208333333 0.24291087962962954 0.24782986111111116
0 0.8814742476851851 0.4703414351851852 0.20522280092592604 0.2294560185185185
0 0.49971064814814814 0.47037760416666663 0.25065104166666674 0.24645543981481488
0 0.15411603009259262 0.5982349537037037 0.302734375 0.337962962962963
0 0.6437355324074074 0.02933304398148148 0.2945601851851851 0.05866608796296296
0 0.8443648726851851 0.657154224537037 0.26685474537037024 0.2632378472222223
0 0.45934606481481477 0.1665943287037037 0.23444733796296302 0.22967303240740738
0 0.03184678819444444 0.6414207175925926 0.06369357638888888 0.19958043981481488
0 0.49497251157407407 0.2038845486111111 0.32342303240740744 0.31807002314814814
0 0.8043981481481481 0.8159360532407407 0.1889467592592593 0.1581307870370372
0 0.8155381944444444 0.0230396412037037 0.19314236111111116 0.0460792824074074
0 0.8967737268518519 0.3202039930555556 0.18576388888888884 0.2299623842592593
0 0.2608506944444444 0.740306712962963 0.24052372685185186 0.23596643518518512
0 0.7996600115740741 0.18131510416666666 0.20659722222222232 0.21397569444444448
0 0.26888020833333337 0.8916377314814814 0.1782407407407407 0.1846064814814814
0 0.9106987847222222 0.7593677662037037 0.12377025462962954 0.18641493055555558