0 0.05577256944444444 0.825245949074074 0.11154513888888888 0.185648148148148
0 0.8024811921296297 0.38807146990740743 0.18634259259259256 0.18234953703703705
0 0.7840350115740741 0.9585648148148148 0.17339409722222232 0.08287037037037037
0 0.44259982638888884 0.9462239583333334 0.18583622685185186 0.10755208333333321
0 0.4310980902777778 0.49591290509259256 0.20081018518518512 0.2040364583333334
0 0.47442853009259256 0.22296730324074074 0.18952546296296302 0.1628761574074074
0 0.16417100694444445 0.3160807291666667 0.25383391203703703 0.21263020833333335
0 0.8802806712962963 0.8201244212962963 0.10214120370370372 0.1752459490740741
0 0.855396412037037 0.5950231481481482 0.2592592592592591 0.35911458333333335
0 0.10691550925925926 0.12078993055555555 0.12405960648148148 0.23998842592592592
0 0.6384186921296297 0.06906105324074073 0.2426938657407407 0.1226707175925926
0 0.8650896990740742 0.1750144675925926 0.26576967592592604 0.2186631944444445
0 0.13382523148148148 0.5479817708333333 0.26765046296296297 0.36158854166666665
0 0.9598524305555556 0.2282045717592593 0.06944444444444442 0.1357204861111111
0 0.2681568287037037 0.14662905092592593 0.32696759259259256 0.28984374999999996
0 0.2586082175925926 0.6946397569444445 0.27271412037037035 0.3007523148148148
0 0.6430121527777778 0.6573423032407407 0.353443287037037 0.424927662037037