0 0.33286313657407407 0.781177662037037 0.28125 0.2719473379629629
0 0.10086082175925927 0.5673177083333334 0.194921875 0.21666666666666679
0 0.9121383101851852 0.29454571759259257 0.16627604166666665 0.3036892361111111
0 0.6381004050925926 0.6008101851851853 0.27317708333333335 0.23655960648148167
0 0.1316333912037037 0.37198350694444443 0.2421730324074074 0.26883680555555556
0 0.7501519097222222 0.8335720486111111 0.18684895833333326 0.18127893518518512
0 0.8865017361111112 0.787818287037037 0.13564814814814818 0.12313368055555562
0 0.25115017361111114 0.9482566550925926 0.22345196759259256 0.10348668981481479
0 0.8153935185185185 0.5465060763888889 0.17324942129629628 0.19063946759259265
0 0.09760561342592593 0.9165075231481481 0.11647858796296298 0.1669849537037038
0 0.9378978587962963 0.9583550347222223 0.12420428240740744 0.06833043981481479
0 0.37507957175925927 0.15366030092592595 0.41422164351851853 0.29736689814814815
0 0.048394097222222224 0.7336950231481482 0.06815682870370371 0.2382957175925926
0 0.5712456597222222 0.8019097222222222 0.22058738425925917 0.25452835648148153
0 0.9720775462962963 0.7562717013888889 0.05584490740740744 0.18734085648148158
0 0.11198640046296296 0.09216579861111111 0.22356770833333334 0.12964409722222223
0 0.7200593171296297 0.06624710648148148 0.40886863425925934 0.1019386574074074
0 0.22594762731481483 0.9737630208333333 0.15666956018518519 0.05247395833333335
0 0.7402126736111111 0.9343641493055556 0.243214699074074 0.13127170138888888
0 0.9106987847222222 0.10020978009259258 0.110402199074074 0.14191261574074074
0 0.5196180555555556 0.027112268518518515 0.10564236111111125 0.026562500000000003
0 0.042346643518518516 0.3127097800925926 0.08246527777777778 0.3246383101851852
0 0.9399667245370371 0.522923900462963 0.12006655092592577 0.18919270833333335
0 0.9963179976851853 0.9307942708333333 0.007364004629629495 0.10001446759259269
0 0.5442780671296297 0.9746889467592592 0.1411024305555555 0.05062210648148158
0 0.7374131944444444 0.563722511574074 0.31223958333333335 0.23771701388888888
0 0.9528645833333333 0.8406539351851852 0.0942708333333333 0.18654513888888902
0 0.6273726851851852 0.3388310185185185 0.26145833333333335 0.23621238425925928
0 0.701244212962963 0.16234809027777777 0.1771412037037039 0.18880208333333331
0 0.4374638310185185 0.40350115740740744 0.2285590277777778 0.276244212962963
0 0.2717013888888889 0.5645688657407407 0.17505787037037035 0.17116608796296306
0 0.9053747106481482 0.6654369212962963 0.18925057870370354 0.17369791666666679
0 0.4249059606481481 0.941529224537037 0.1610966435185186 0.11694155092592595