0 0.5151041666666667 0.8325086805555555 0.208984375 0.21665219907407396
0 0.36790364583333335 0.7463324652777777 0.2065104166666667 0.20872395833333335
0 0.8716145833333333 0.20557725694444445 0.1988281249999999 0.23939525462962963
0 0.07473958333333333 0.9181495949074074 0.14947916666666666 0.16370081018518512
0 0.5494791666666667 0.6698350694444445 0.2192708333333333 0.1958622685185185
0 0.6399088541666667 0.9434063946759259 0.18880208333333348 0.11318721064814818
0 0.7302734375 0.5609375000000001 0.2565104166666665 0.2875578703703705
0 0.036458333333333336 0.08624131944444444 0.07291666666666667 0.07482638888888887
0 0.5326822916666667 0.12764756944444444 0.2744791666666666 0.20691550925925928
0 0.8369791666666666 0.9189453125 0.22057291666666679 0.162109375
0 0.7200520833333334 0.28777488425925923 0.2377604166666667 0.2397569444444445
0 0.8771484375 0.44610821759259256 0.21210937499999982 0.29270833333333335
0 0.3385416666666667 0.9200882523148148 0.3377604166666667 0.15982349537037033
0 0.5811197916666667 0.9834309895833333 0.20533854166666665 0.03313802083333339
0 0.9200520833333333 0.7143446180555555 0.08567708333333335 0.20545428240740726
0 0.16627604166666668 0.20618489583333333 0.33255208333333336 0.36940104166666665
0 0.6978515625 0.8266710069444445 0.24973958333333335 0.24435763888888884
0 0.1736328125 0.6782190393518519 0.347265625 0.4072193287037038
0 0.40852864583333337 0.34284577546296297 0.28541666666666665 0.25425347222222217
0 0.4507161458333333 0.5188802083333334 0.31367187500000004 0.2695457175925926
0 0.8966145833333333 0.06587818287037037 0.09348958333333335 0.030830439814814814
0 0.37018229166666666 0.12390046296296296 0.18684895833333337 0.20561342592592594