0 0.8697193287037037 0.11703559027777778 0.23828125 0.22459490740740742
0 0.48083043981481477 0.7773509837962963 0.2994068287037037 0.3490451388888889
0 0.19733796296296297 0.07180989583333333 0.1773003472222222 0.14361979166666666
0 0.1056857638888889 0.35967158564814816 0.2113715277777778 0.24159432870370368
0 0.7767288773148149 0.02236689814814815 0.16919849537037024 0.0447337962962963
0 0.33763744212962965 0.05072337962962963 0.15270543981481488 0.10144675925925926
0 0.31268084490740744 0.3975477430555555 0.13794849537037046 0.14654224537037042
0 0.4253833912037037 0.19598524305555554 0.33181423611111116 0.3295283564814815
0 0.27911603009259256 0.6197554976851852 0.20124421296296302 0.22434895833333335
0 0.9539930555555556 0.02840711805555556 0.07638888888888884 0.05681423611111112
0 0.8505859375 0.5810185185185186 0.26540798611111116 0.37821180555555545
0 0.6365017361111112 0.17860243055555558 0.14380787037037024 0.14688946759259258
0 0.9117476851851851 0.2451171875 0.1532841435185186 0.1396556712962963
0 0.6327039930555556 0.0660011574074074 0.19552951388888884 0.1320023148148148
0 0.02398003472222222 0.9573567708333333 0.04796006944444444 0.08459201388888893
0 0.03989438657407408 0.049385127314814814 0.07978877314814815 0.09263599537037037
0 0.11469184027777776 0.16567563657407405 0.15046296296296297 0.1687210648148148
0 0.6526331018518519 0.47971643518518514 0.21252893518518512 0.26594328703703707
0 0.8822699652777777 0.46221064814814816 0.2079716435185186 0.3007523148148148
0 0.09749348958333333 0.6066261574074074 0.19498697916666666 0.27168692129629624
0 0.8717086226851851 0.8526041666666666 0.19596354166666652 0.1870081018518519
0 0.22779224537037035 0.8478877314814814 0.2510127314814815 0.2526331018518517
0 0.046784577546296294 0.8322337962962962 0.09356915509259259 0.19249131944444464