0 0.2894097222222222 0.7201605902777778 0.2686631944444444 0.2594184027777777
0 0.12879774305555555 0.4988425925925926 0.21979166666666666 0.21171875000000007
0 0.9126302083333333 0.3725260416666667 0.14887152777777768 0.28153935185185186
0 0.6023871527777778 0.6032407407407407 0.25946180555555554 0.22770543981481484
0 0.22198350694444444 0.3306640625 0.23333333333333334 0.2534288194444445
0 0.6392795138888889 0.825072337962963 0.1772135416666667 0.17413194444444446
0 0.7698133680555556 0.8027271412037037 0.1279079861111112 0.1166666666666667
0 0.16807725694444445 0.8861111111111111 0.21193576388888885 0.16644965277777768
0 0.7719401041666667 0.5795572916666667 0.16584201388888875 0.1812499999999999
0 0.05128038194444444 0.8329210069444444 0.10256076388888888 0.23259548611111125
0 0.7860243055555556 0.9420211226851851 0.14921874999999996 0.02637442129629619
0 0.4920789930555556 0.17050781250000002 0.38893229166666665 0.291869212962963
0 0.04691840277777778 0.6342230902777778 0.09383680555555556 0.23155381944444442
0 0.49166666666666664 0.771484375 0.21328124999999998 0.24055266203703707
0 0.8754123263888889 0.7935474537037037 0.11293402777777772 0.1742187500000001
0 0.21931423611111112 0.07374855324074074 0.35434027777777777 0.14749710648148148
0 0.8156032986111111 0.10010127314814815 0.3672309027777778 0.2002025462962963
0 0.14097222222222222 0.9042751736111111 0.14930555555555558 0.11598668981481475
0 0.46469184027777777 0.01427951388888889 0.18389756944444446 0.02855902777777778
0 0.6015407986111111 0.9071759259259259 0.2255642361111112 0.12245370370370368
0 0.9544487847222223 0.19862557870370373 0.07408854166666679 0.13295717592592593
0 0.6577473958333333 0.048379629629629634 0.11050347222222223 0.09675925925925927
0 0.1048828125 0.2599464699074074 0.209765625 0.3168402777777778
0 0.899609375 0.5778356481481481 0.14427083333333335 0.17802372685185186
0 0.8588541666666667 0.9250434027777779 0.07612847222222219 0.047366898148148096
0 0.4181857638888889 0.9345992476851852 0.1322916666666667 0.08381076388888875
0 0.6986545138888889 0.5848741319444444 0.29266493055555554 0.22967303240740744
0 0.8411241319444445 0.8637586805555556 0.15394965277777772 0.17664930555555558
0 0.6623914930555556 0.37079716435185184 0.2476562499999999 0.22505787037037028
0 0.7731336805555555 0.22398003472222222 0.16957465277777772 0.17757523148148147
0 0.4798828125 0.40109230324074074 0.22187500000000004 0.25859374999999996
0 0.29346788194444445 0.5192780671296297 0.16692708333333328 0.16183449074074074
0 0.8347005208333333 0.7014829282407407 0.21210937500000004 0.17035590277777768
0 0.3223958333333333 0.8983940972222222 0.15698784722222225 0.15734953703703702