0 0.87890625 0.82421875 0.1533203125 0.1611328125
0 0.6806640625 0.83203125 0.232421875 0.279296875
0 0.125 0.4453125 0.1630859375 0.16015625
0 0.802734375 0.0693359375 0.2578125 0.138671875
0 0.96875 0.9287109375 0.0625 0.142578125
0 0.375 0.453125 0.1806640625 0.1826171875
0 0.5478515625 0.4248046875 0.1259765625 0.1494140625
0 0.974609375 0.26953125 0.0498046875 0.16015625
0 0.4736328125 0.58984375 0.1591796875 0.16015625
0 0.505859375 0.939453125 0.10546875 0.1162109375
0 0.9560546875 0.087890625 0.087890625 0.1455078125
0 0.23828125 0.6083984375 0.1884765625 0.18359375
0 0.021484375 0.1826171875 0.041015625 0.181640625
0 0.46875 0.814453125 0.19921875 0.140625
0 0.978515625 0.7138671875 0.04296875 0.2099609375
0 0.9716796875 0.5654296875 0.0556640625 0.1669921875
0 0.8740234375 0.6611328125 0.1708984375 0.181640625
0 0.9794921875 0.7822265625 0.041015625 0.205078125
0 0.828125 0.23828125 0.240234375 0.2041015625
0 0.2158203125 0.26171875 0.1357421875 0.12890625
0 0.0927734375 0.255859375 0.126953125 0.1533203125
0 0.0283203125 0.3291015625 0.0556640625 0.09375
0 0.0771484375 0.5302734375 0.154296875 0.216796875
0 0.080078125 0.7373046875 0.16015625 0.146484375
0 0.087890625 0.8759765625 0.17578125 0.1533203125
0 0.2470703125 0.84765625 0.1826171875 0.236328125
0 0.478515625 0.041015625 0.1064453125 0.0732421875
0 0.62109375 0.0458984375 0.08984375 0.091796875
0 0.564453125 0.109375 0.103515625 0.08984375
0 0.5244140625 0.244140625 0.162109375 0.23046875
0 0.2568359375 0.0908203125 0.201171875 0.1806640625
0 0.091796875 0.0810546875 0.158203125 0.162109375
0 0.7138671875 0.3935546875 0.2861328125 0.2646484375
0 0.92578125 0.4697265625 0.1396484375 0.1513671875
0 0.7138671875 0.611328125 0.15625 0.1552734375
0 0.4013671875 0.9365234375 0.162109375 0.126953125