0 0.280078125 0.1564670138888889 0.37734375 0.3129340277777778
0 0.5478877314814814 0.8974247685185186 0.25512152777777786 0.17346643518518512
0 0.19091435185185185 0.5876012731481481 0.3818287037037037 0.4107349537037037
0 0.5590639467592593 0.061125578703703706 0.3389033564814814 0.12225115740740741
0 0.5827763310185186 0.14145688657407407 0.29078414351851833 0.2431278935185185
0 0.09807581018518519 0.07454427083333333 0.12806712962962963 0.14908854166666666
0 0.899486400462963 0.09259259259259259 0.20059317129629628 0.18518518518518517
0 0.10081741898148149 0.887622974537037 0.1945167824074074 0.16341145833333348
0 0.830324074074074 0.5950520833333334 0.25564236111111116 0.24377893518518512
0 0.3410228587962963 0.8826316550925926 0.3804542824074074 0.22301793981481488
0 0.8166160300925926 0.33684172453703703 0.25810185185185164 0.31221064814814814
0 0.8256365740740741 0.8324652777777778 0.287181712962963 0.28399884259259256
0 0.955345775462963 0.5874927662037037 0.08227719907407405 0.2998408564814814
0 0.4774305555555556 0.6559606481481481 0.3106915509259258 0.29463252314814814
0 0.08167679398148148 0.30841290509259256 0.16216724537037036 0.277416087962963
0 0.8218967013888889 0.9419487847222222 0.24845196759259247 0.06387442129629628
0 0.6957465277777778 0.5746527777777777 0.39680266203703707 0.3212528935185186
0 0.47584635416666665 0.34262876157407407 0.37122395833333344 0.294921875
0 0.9506582754629629 0.29770688657407407 0.09564525462962958 0.2593315972222222