0 0.64453125 0.7890625 0.23046875 0.3564453125
0 0.6826171875 0.166015625 0.384765625 0.33203125
0 0.1669921875 0.4326171875 0.2470703125 0.2275390625
0 0.39453125 0.18359375 0.1455078125 0.1982421875
0 0.2998046875 0.091796875 0.1171875 0.1220703125
0 0.939453125 0.748046875 0.12109375 0.19140625
0 0.9482421875 0.2177734375 0.103515625 0.2275390625
0 0.46484375 0.49609375 0.189453125 0.1884765625
0 0.177734375 0.107421875 0.0615234375 0.06640625
0 0.2958984375 0.71484375 0.3662109375 0.3505859375
0 0.9326171875 0.4375 0.134765625 0.2001953125
0 0.9599609375 0.2509765625 0.080078125 0.13671875
0 0.2431640625 0.1748046875 0.1015625 0.0908203125
0 0.93359375 0.0673828125 0.1328125 0.134765625
0 0.51953125 0.9697265625 0.150390625 0.0595703125
0 0.048828125 0.2734375 0.09765625 0.2265625
0 0.369140625 0.9306640625 0.15625 0.138671875
0 0.091796875 0.1220703125 0.1015625 0.13671875
0 0.0751953125 0.724609375 0.150390625 0.20703125
0 0.6923828125 0.412109375 0.203125 0.1953125
0 0.083984375 0.9072265625 0.16796875 0.185546875
0 0.8828125 0.6025390625 0.1181640625 0.12109375
0 0.8369140625 0.505859375 0.103515625 0.103515625
0 0.8583984375 0.8837890625 0.1845703125 0.158203125
0 0.3681640625 0.31640625 0.234375 0.19921875