0 0.42317708333333337 0.08568431712962962 0.2564236111111111 0.15193865740740742
0 0.7581163194444445 0.5998263888888888 0.16618923611111125 0.18437500000000018
0 0.9656032986111112 0.1115089699074074 0.06011284722222232 0.167578125
0 0.49570312499999997 0.40089699074074076 0.21076388888888886 0.17789351851851853
0 0.20279947916666669 0.6789496527777779 0.14127604166666663 0.15047743055555562
0 0.42061631944444444 0.2475043402777778 0.20577256944444455 0.1972511574074074
0 0.9615017361111111 0.2968822337962963 0.07699652777777777 0.22502893518518519
0 0.8583767361111112 0.4857638888888889 0.15525173611111098 0.11383101851851851
0 0.9873914930555556 0.5611906828703703 0.02521701388888875 0.1790653935185187
0 0.06404079861111112 0.1023509837962963 0.12686631944444443 0.1773582175925926
0 0.49429253472222223 0.566652199074074 0.22352430555555558 0.2016782407407407
0 0.7949435763888889 0.35319733796296293 0.2899739583333334 0.2485098379629629
0 0.6194444444444445 0.06906828703703705 0.22326388888888893 0.10804398148148148
0 0.07855902777777779 0.6703920717592593 0.10785590277777779 0.2762731481481482
0 0.07526041666666666 0.0695240162037037 0.14947916666666666 0.1156105324074074
0 0.8084852430555556 0.8773220486111111 0.23923611111111098 0.2040943287037038
0 0.30110677083333337 0.910402199074074 0.23276909722222228 0.1791956018518519
0 0.49887152777777777 0.7793981481481481 0.16805555555555562 0.18247974537037037
0 0.1572482638888889 0.9896918402777778 0.1689236111111111 0.02061631944444442
0 0.9836805555555556 0.9814887152777778 0.032638888888888884 0.037022569444444375
0 0.17272135416666667 0.2216290509259259 0.24765625000000002 0.2179976851851852
0 0.6110243055555555 0.2307146990740741 0.181640625 0.18093171296296295
0 0.8852647569444445 0.6720341435185185 0.22947048611111098 0.2880208333333334
0 0.46935763888888893 0.9036711516203704 0.22717013888888893 0.19265769675925926
0 0.2862630208333333 0.49416956018518515 0.1987847222222222 0.17168692129629626
0 0.8826605902777778 0.08857060185185185 0.14032118055555554 0.12899305555555554
0 0.7629991319444445 0.11720920138888889 0.14318576388888893 0.19344618055555554
0 0.23298611111111112 0.06346932870370371 0.1665364583333333 0.10441261574074076
0 0.6396918402777778 0.8537905092592593 0.16388888888888875 0.26427951388888893
0 0.9812282986111112 0.8879340277777779 0.03754340277777768 0.15839120370370363
0 0.10952690972222222 0.4235894097222222 0.19214409722222223 0.2417100694444444