0 0.46477141203703703 0.47928964120370376 0.23618344907407407 0.21061921296296293
0 0.8189380787037037 0.7369357638888889 0.2758969907407407 0.2987557870370372
0 0.10443793402777778 0.7442057291666666 0.20887586805555555 0.19312789351851833
0 0.17176649305555555 0.5699435763888889 0.23083043981481483 0.19105902777777772
0 0.8743127893518519 0.4246744791666667 0.20970775462962976 0.2748408564814815
0 0.3919994212962963 0.670261863425926 0.12131076388888884 0.13559027777777777
0 0.6991825810185186 0.9158347800925926 0.1845341435185186 0.14581886574074066
0 0.899486400462963 0.11121238425925926 0.14243344907407396 0.20992476851851852
0 0.5248480902777778 0.10355179398148148 0.2706163194444444 0.20111400462962964
0 0.07016782407407407 0.4547092013888889 0.14033564814814814 0.26879340277777775
0 0.6440248842592593 0.5392433449074074 0.2525318287037037 0.22050057870370354
0 0.6175130208333333 0.8311993634259259 0.17455150462962976 0.16916956018518525
0 0.754810474537037 0.1384765625 0.26381655092592604 0.26743344907407407
0 0.2503255208333333 0.08979311342592593 0.302734375 0.16035879629629632
0 0.29419849537037035 0.8561631944444444 0.21954571759259256 0.19683159722222232
0 0.32783564814814814 0.9806857638888888 0.15928819444444442 0.03862847222222232
0 0.5384114583333333 0.35574363425925926 0.25122974537037024 0.15021701388888886
0 0.07273582175925926 0.19196325231481481 0.14547164351851852 0.25111400462962963
0 0.25321903935185186 0.20902054398148145 0.27915219907407407 0.2109375
0 0.5071252893518519 0.7385344328703703 0.29217303240740744 0.2813078703703704
0 0.7354600694444444 0.3337528935185185 0.20290798611111116 0.1830439814814815
0 0.5594979745370371 0.7965711805555555 0.31416377314814814 0.31465567129629624
0 0.3316695601851852 0.03372395833333333 0.2484809027777778 0.06040219907407407
0 0.1912254050925926 0.9919126157407407 0.15169270833333331 0.016174768518518512
0 0.46393952546296297 0.9763020833333333 0.16196469907407407 0.047395833333333304
0 0.08991608796296297 0.8946397569444444 0.17983217592592593 0.21072048611111116
0 0.04116030092592592 0.6420717592592593 0.08232060185185185 0.18447627314814818
0 0.2462745949074074 0.40829716435185187 0.3064236111111111 0.23651620370370374
0 0.9060329861111112 0.2470775462962963 0.12478298611111116 0.12975983796296298