0 0.4641927083333333 0.8887369791666666 0.35335648148148147 0.22252604166666679
0 0.9106192129629629 0.8881510416666667 0.16808449074074083 0.2236979166666666
0 0.7177806712962963 0.9427083333333333 0.20037615740740744 0.11458333333333348
0 0.08798466435185186 0.8828125 0.17596932870370371 0.234375
0 0.7969184027777778 0.17916666666666667 0.4061631944444444 0.27890624999999997
0 0.08581452546296296 0.15807291666666667 0.17162905092592592 0.24973958333333335
0 0.07956090856481482 0.3686848958333333 0.15912181712962964 0.1942708333333334
0 0.282421875 0.12434895833333333 0.25546875 0.22786458333333334
0 0.38851996527777777 0.5740234375 0.2591724537037037 0.2007812499999999
0 0.4159939236111111 0.6901692708333333 0.34153645833333335 0.25117187500000004
0 0.49069733796296294 0.233984375 0.25957754629629626 0.25546874999999997
0 0.20211226851851852 0.018359375 0.17390046296296297 0.021354166666666667
0 0.09895833333333333 0.5867838541666667 0.19791666666666666 0.29466145833333335
0 0.8528645833333333 0.40859375 0.2906828703703703 0.23802083333333335
0 0.6140697337962964 0.4620442708333333 0.22442129629629637 0.25312500000000004
0 0.763794849537037 0.6938151041666667 0.2895978009259259 0.3550781249999999