0 0.5387008101851851 0.8041449652777778 0.3349247685185186 0.3917100694444444
0 0.7250434027777778 0.2060546875 0.48111979166666674 0.36841724537037035
0 0.14353660300925924 0.3454861111111111 0.2870732060185185 0.29427083333333337
0 0.42498553240740744 0.1322699652777778 0.20471643518518512 0.23936631944444442
0 0.3419053819444444 0.050853587962962965 0.14431423611111116 0.08130787037037038
0 0.8455946180555556 0.8391927083333334 0.15111400462962976 0.22569444444444442
0 0.9529079861111112 0.27618634259259256 0.07740162037037024 0.25607638888888884
0 0.4229600694444444 0.47688802083333337 0.24963831018518512 0.24103009259259256
0 0.21639901620370372 0.02662037037037037 0.07892071759259256 0.03993055555555555
0 0.21638093171296297 0.6720558449074074 0.43276186342592593 0.4501591435185186
0 0.9026331018518519 0.5054253472222223 0.1420717592592593 0.23509837962962976
0 0.9627821180555556 0.31474247685185186 0.04463252314814814 0.15552662037037035
0 0.26945891203703703 0.09027777777777778 0.13143807870370372 0.11783854166666666
0 0.9641927083333333 0.15028211805555555 0.06177662037037024 0.09772858796296297
0 0.3642216435185185 0.9694010416666667 0.17346643518518512 0.06119791666666652
0 0.06550202546296297 0.16008391203703703 0.11226851851851852 0.2534722222222222
0 0.21748408564814814 0.9109157986111112 0.1996527777777778 0.17100694444444464
0 0.12015335648148148 0.043619791666666664 0.12688078703703703 0.0826099537037037
0 0.031539351851851846 0.640552662037037 0.06307870370370369 0.24204282407407396
0 0.6837022569444444 0.433666087962963 0.2659866898148149 0.2513744212962963
0 0.017107928240740738 0.8317057291666667 0.034215856481481476 0.21419270833333348
0 0.8352864583333333 0.6742983217592593 0.15747974537037024 0.15386284722222232
0 0.8111617476851851 0.5637297453703703 0.13635706018518512 0.13165509259259256
0 0.7405960648148149 0.9308810763888888 0.23480902777777768 0.13823784722222232
0 0.3661747685185185 0.2652271412037037 0.3017216435185186 0.26048900462962965