0 0.23135127314814813 0.17641782407407408 0.36216724537037037 0.34881365740740744
0 0.6408492476851853 0.9014612268518518 0.24307002314814818 0.1831307870370371
0 0.22218605324074076 0.63203125 0.3902054398148148 0.3609374999999999
0 0.47975260416666665 0.06796875 0.3266927083333333 0.1359375
0 0.5209852430555555 0.16528501157407405 0.2758246527777777 0.208984375
0 0.05198206018518519 0.11847511574074074 0.10234375 0.21226851851851852
0 0.8565972222222222 0.07966579861111112 0.28350694444444446 0.15933159722222223
0 0.21134259259259258 0.9273726851851851 0.1880208333333333 0.14328703703703694
0 0.8467013888888889 0.5651114004629629 0.24296874999999996 0.2143518518518519
0 0.4374348958333333 0.8995876736111111 0.3647424768518519 0.19469039351851847
0 0.7816261574074075 0.3246527777777778 0.24288194444444455 0.2787471064814815
0 0.8765842013888889 0.7988353587962963 0.24683159722222214 0.2679253472222223
0 0.9635561342592592 0.5454788773148148 0.07288773148148153 0.2846498842592593
0 0.5231553819444444 0.6637369791666666 0.2964120370370371 0.26002604166666665
0 0.08409288194444445 0.37994791666666666 0.13809317129629628 0.2557291666666667
0 0.8954716435185185 0.9275535300925926 0.20905671296296302 0.10739293981481479
0 0.714576099537037 0.5621817129629629 0.3793692129629629 0.2768663194444445
0 0.4596064814814815 0.3665653935185185 0.3525896990740741 0.253052662037037
0 0.9286313657407408 0.2685691550925926 0.14273726851851842 0.24243344907407405