0 0.8520254629629629 0.286009837962963 0.2959490740740742 0.2896412037037037
0 0.7098596643518519 0.14029947916666666 0.38590856481481484 0.2535734953703704
0 0.09095052083333333 0.4931568287037037 0.14098668981481483 0.1972511574074074
0 0.14299768518518519 0.7817925347222222 0.21996527777777775 0.2901475694444444
0 0.22530381944444444 0.16727430555555556 0.3217013888888889 0.33263888888888893
0 0.6475405092592592 0.36869212962962966 0.24652777777777768 0.2378472222222222
0 0.49496527777777777 0.7948133680555556 0.2561921296296297 0.23603877314814814
0 0.29476273148148147 0.7352502893518519 0.2387876157407407 0.2767650462962963
0 0.14014756944444445 0.35044126157407407 0.20328414351851853 0.1942708333333334
0 0.47423321759259257 0.6208116319444444 0.22497106481481477 0.19849537037037046
0 0.30281394675925927 0.8905237268518519 0.19415509259259256 0.16876446759259256
0 0.3646990740740741 0.032725694444444446 0.19424189814814818 0.05752314814814814
0 0.31374421296296295 0.3861906828703704 0.22874710648148144 0.23368055555555545
0 0.2265625 0.5302951388888889 0.19864004629629628 0.21762152777777777
0 0.6669415509259259 0.9255787037037038 0.24638310185185186 0.14884259259259247
0 0.8566044560185185 0.5594184027777778 0.28679108796296293 0.33266782407407414
0 0.6701388888888888 0.5222294560185186 0.2705439814814814 0.28699363425925917
0 0.4492115162037037 0.08179253472222223 0.1640480324074074 0.15270543981481483
0 0.6969907407407407 0.7577980324074074 0.31640625 0.2681568287037037
0 0.8853443287037037 0.7841579861111112 0.22931134259259256 0.2964409722222223