0 0.0681640625 0.8333984375 0.136328125 0.19023437499999996
0 0.2611038773148148 0.8498987268518519 0.2783854166666667 0.3002025462962963
0 0.8929325810185185 0.5093026620370371 0.1909866898148147 0.18909143518518512
0 0.20928819444444444 0.0619140625 0.2884548611111111 0.11977719907407407
0 0.6246672453703703 0.49157986111111107 0.21322337962962967 0.21511863425925926
0 0.4433232060185185 0.44320023148148147 0.15151909722222223 0.1742621527777779
0 0.02042824074074074 0.2342086226851852 0.03634259259259259 0.17280092592592594
0 0.5052951388888889 0.6278139467592593 0.18708043981481493 0.1889756944444445
0 0.43548177083333334 0.9639973958333333 0.12162905092592591 0.07200520833333335
0 0.0597583912037037 0.06139322916666667 0.0757957175925926 0.1212818287037037
0 0.7551721643518519 0.6723596643518519 0.2210937500000001 0.21730324074074092
0 0.4864293981481481 0.868677662037037 0.2294704861111112 0.17071759259259256
0 0.006901041666666667 0.5482566550925926 0.013802083333333335 0.18245081018518516
0 0.0855324074074074 0.6609809027777778 0.1710648148148148 0.21258680555555554
0 0.16275318287037038 0.21399016203703702 0.28043981481481484 0.24442997685185186
0 0.8159432870370371 0.3037181712962963 0.1586950231481481 0.15300925925925923
0 0.9341073495370371 0.3072193287037037 0.12032696759259265 0.1752893518518519
0 0.9834056712962963 0.39176070601851853 0.014785879629629628 0.10386284722222228
0 0.9135923032407407 0.6037471064814814 0.14584780092592586 0.24629629629629646
0 0.8914568865740741 0.8230107060185186 0.1455439814814814 0.17018229166666665
0 0.8680193865740741 0.9398292824074075 0.16248553240740748 0.12034143518518503
0 0.7208550347222222 0.8942563657407407 0.2197193287037038 0.2114872685185185
0 0.559620949074074 0.047858796296296295 0.119039351851852 0.06597222222222222
0 0.40130208333333334 0.0470775462962963 0.10364583333333333 0.07332175925925925
0 0.45928096064814816 0.10255353009259259 0.12025462962962963 0.10698784722222224
0 0.4880859375 0.2519748263888889 0.19904513888888886 0.26348379629629637
0 0.7918258101851852 0.12804542824074072 0.2320023148148147 0.19030671296296298
0 0.9373046875 0.13333333333333333 0.12388599537037037 0.16368634259259257
0 0.2689019097222222 0.39209346064814815 0.33519965277777775 0.3143518518518519
0 0.059071180555555554 0.45112847222222224 0.11814236111111111 0.1756944444444445
0 0.24538483796296295 0.625 0.18495370370370368 0.1830584490740741
0 0.5478153935185185 0.9642361111111111 0.18223379629629632 0.07152777777777786