0 0.2216796875 0.72265625 0.2509765625 0.212890625
0 0.1748046875 0.298828125 0.29296875 0.2294921875
0 0.8291015625 0.9140625 0.2314453125 0.171875
0 0.7431640625 0.0947265625 0.1953125 0.173828125
0 0.41015625 0.2177734375 0.1884765625 0.1708984375
0 0.9658203125 0.63671875 0.068359375 0.201171875
0 0.28515625 0.0556640625 0.2041015625 0.111328125
0 0.701171875 0.580078125 0.134765625 0.22265625
0 0.8427734375 0.64453125 0.1904296875 0.2314453125
0 0.056640625 0.7314453125 0.1123046875 0.1572265625
0 0.93359375 0.1259765625 0.1318359375 0.2509765625
0 0.5537109375 0.5859375 0.181640625 0.22265625
0 0.7021484375 0.2373046875 0.1337890625 0.1552734375
0 0.3564453125 0.185546875 0.126953125 0.1650390625
0 0.4892578125 0.03125 0.185546875 0.0625
0 0.0341796875 0.44140625 0.06640625 0.1650390625
0 0.9697265625 0.828125 0.0595703125 0.212890625
0 0.3173828125 0.509765625 0.1689453125 0.19140625
0 0.8779296875 0.341796875 0.234375 0.28515625
0 0.580078125 0.8671875 0.25390625 0.265625
0 0.3583984375 0.9638671875 0.126953125 0.072265625
0 0.11328125 0.8994140625 0.1494140625 0.1396484375
0 0.1044921875 0.0947265625 0.2080078125 0.185546875
0 0.5556640625 0.17578125 0.1533203125 0.212890625
0 0.552734375 0.380859375 0.1728515625 0.193359375
0 0.2685546875 0.876953125 0.115234375 0.14453125
0 0.7060546875 0.365234375 0.130859375 0.1015625