0 0.9350043402777778 0.7978515625 0.12999131944444442 0.22055844907407396
0 0.2847945601851852 0.9159071180555556 0.20370370370370372 0.16818576388888884
0 0.8023726851851851 0.6782407407407407 0.23220486111111116 0.21339699074074092
0 0.5432581018518519 0.44921875 0.2632378472222223 0.2613570601851851
0 0.33893952546296297 0.4621310763888889 0.2285879629629629 0.22106481481481477
0 0.48466435185185186 0.07841435185185186 0.21151620370370372 0.12876157407407407
0 0.46079282407407407 0.6977719907407407 0.30150462962962954 0.2939814814814814
0 0.22667100694444445 0.8275824652777778 0.17194733796296297 0.16630497685185186
0 0.20496961805555555 0.3206380208333333 0.22258391203703703 0.21694155092592593
0 0.7029079861111112 0.2571614583333333 0.22583912037037024 0.19950810185185186
0 0.17028356481481483 0.9865089699074074 0.14366319444444442 0.02698206018518512
0 0.7544487847222222 0.411205150462963 0.23987268518518512 0.20978009259259256
0 0.0634765625 0.1603370949074074 0.123046875 0.21520543981481483
0 0.97265625 0.6118706597222223 0.0546875 0.20580150462962976
0 0.7084418402777778 0.03794126157407408 0.23328993055555558 0.0320457175925926
0 0.12489149305555555 0.9207537615740741 0.09772858796296297 0.15849247685185186
0 0.4474826388888889 0.2857349537037037 0.24819155092592593 0.22374131944444442
0 0.9138635706018519 0.4222728587962963 0.17227285879629628 0.17274305555555558
0 0.17748119212962962 0.5526982060185186 0.20081018518518517 0.20833333333333348
0 0.14026331018518517 0.7063802083333333 0.16247106481481483 0.1737557870370372
0 0.568431712962963 0.9857132523148149 0.18330439814814814 0.02857349537037024
0 0.07411024305555555 0.6580946180555556 0.09223090277777779 0.17310474537037024
0 0.8299334490740741 0.18482349537037038 0.30830439814814814 0.3195891203703704
0 0.8746383101851851 0.91650390625 0.21303530092592604 0.1669921875
0 0.0668041087962963 0.32917390046296297 0.11610243055555555 0.18569155092592593
0 0.06568287037037038 0.5095486111111112 0.10040509259259259 0.18315972222222232
0 0.27629484953703703 0.13993778935185186 0.3135850694444444 0.2515190972222222
0 0.6031177662037037 0.8667534722222222 0.35611979166666674 0.2664930555555556