0 0.05125144675925926 0.788671875 0.10250289351851852 0.19609374999999996
0 0.2158420138888889 0.8179036458333333 0.2964265046296296 0.3208333333333333
0 0.8683376736111111 0.5018446180555556 0.20500578703703698 0.1997395833333333
0 0.2337890625 0.05173611111111111 0.294140625 0.10347222222222222
0 0.6066550925925926 0.4735026041666667 0.22534722222222214 0.2275173611111112
0 0.4316044560185185 0.4198133680555555 0.16151620370370368 0.1812065972222222
0 0.4759403935185185 0.6032769097222221 0.1991464120370371 0.1996093750000001
0 0.3790147569444444 0.9430989583333333 0.12582465277777777 0.09648437499999996
0 0.09339554398148148 0.044270833333333336 0.07492766203703705 0.08854166666666667
0 0.7183449074074074 0.6564453125 0.23517071759259256 0.22968749999999982
0 0.4357349537037037 0.8403428819444445 0.2378038194444444 0.18680555555555545
0 0.0035445601851851853 0.5085720486111112 0.007089120370370371 0.17816840277777768
0 0.07545572916666667 0.6182725694444444 0.15091145833333333 0.22439236111111116
0 0.17416087962962962 0.18253038194444446 0.29463252314814814 0.26028645833333336
0 0.8100766782407407 0.2942925347222222 0.16875000000000018 0.16184895833333335
0 0.925853587962963 0.30635850694444444 0.1342881944444443 0.1845052083333334
0 0.9721643518518519 0.390234375 0.03437499999999982 0.10616319444444444
0 0.8918692129629631 0.5969618055555556 0.18709490740740753 0.2539930555555556
0 0.8503472222222223 0.8125868055555556 0.1830584490740741 0.1836371527777776
0 0.8168619791666667 0.9216579861111112 0.19688946759259274 0.12343750000000009
0 0.6640407986111111 0.8752821180555556 0.23499710648148153 0.22382812500000004
0 0.5788917824074074 0.034266493055555555 0.1234664351851853 0.06853298611111111
0 0.425658275462963 0.03296440972222222 0.10962094907407405 0.06592881944444444
0 0.476685474537037 0.08407118055555556 0.12634548611111107 0.11406249999999998
0 0.4908709490740741 0.23111979166666666 0.21697048611111114 0.2741753472222222
0 0.802734375 0.11391059027777778 0.24447337962962967 0.21427951388888888
0 0.9379557291666667 0.1284722222222222 0.12061631944444429 0.18420138888888893
0 0.26350549768518516 0.3620659722222222 0.35536747685185177 0.3338541666666667
0 0.05864438657407407 0.4136284722222222 0.11728877314814815 0.18055555555555558
0 0.22057291666666667 0.5923611111111111 0.19506655092592595 0.19366319444444446
0 0.4873553240740741 0.9426432291666667 0.18631365740740735 0.09587673611111125