0 0.4267578125 0.494140625 0.2216796875 0.3203125
0 0.94140625 0.7255859375 0.1171875 0.259765625
0 0.6708984375 0.4951171875 0.302734375 0.26953125
0 0.2421875 0.3349609375 0.220703125 0.2392578125
0 0.7158203125 0.806640625 0.275390625 0.3359375
0 0.578125 0.6943359375 0.12890625 0.1650390625
0 0.5859375 0.09375 0.2529296875 0.1748046875
0 0.4755859375 0.8828125 0.1923828125 0.2119140625
0 0.8916015625 0.474609375 0.1787109375 0.2392578125
0 0.9697265625 0.25390625 0.060546875 0.2001953125
0 0.560546875 0.2529296875 0.240234375 0.2021484375
0 0.3359375 0.8369140625 0.1064453125 0.13671875
0 0.244140625 0.05078125 0.14453125 0.1015625
0 0.111328125 0.5537109375 0.22265625 0.2275390625
0 0.8984375 0.0771484375 0.1806640625 0.1494140625
0 0.18359375 0.857421875 0.3037109375 0.26171875
0 0.625 0.7265625 0.2177734375 0.21875
0 0.1875 0.5283203125 0.2529296875 0.2001953125
0 0.41015625 0.4326171875 0.158203125 0.2001953125
0 0.087890625 0.0751953125 0.1708984375 0.150390625
0 0.107421875 0.20703125 0.0927734375 0.10546875
0 0.2392578125 0.166015625 0.1962890625 0.1435546875
0 0.4052734375 0.0791015625 0.1396484375 0.1572265625
0 0.0615234375 0.330078125 0.123046875 0.1875
0 0.419921875 0.7158203125 0.158203125 0.1337890625
0 0.166015625 0.7041015625 0.140625 0.166015625
0 0.80859375 0.2890625 0.2861328125 0.2099609375
0 0.8974609375 0.9140625 0.205078125 0.171875