0 0.9349175347222223 0.07660590277777778 0.12923900462962967 0.15321180555555555
0 0.051540798611111105 0.14449508101851852 0.06749131944444445 0.2074652777777778
0 0.13127170138888888 0.03739872685185185 0.19058159722222223 0.0747974537037037
0 0.017455150462962962 0.7491681134259259 0.034910300925925924 0.15010127314814814
0 0.01304976851851852 0.9172453703703703 0.02609953703703704 0.0873842592592593
0 0.4661458333333333 0.29018373842592593 0.14856770833333333 0.1460503472222222
0 0.828638599537037 0.39583333333333337 0.24976851851851856 0.25716145833333326
0 0.6724320023148148 0.26692708333333337 0.2119068287037038 0.20500578703703698
0 0.2999131944444444 0.7062717013888888 0.32403067129629637 0.3946035879629628
0 0.03430989583333333 0.8422670717592593 0.06861979166666667 0.1435908564814814
0 0.0028573495370370376 0.6218171296296297 0.005714699074074075 0.1704282407407407
0 0.856199363425926 0.9072265625 0.19515335648148158 0.12825520833333326
0 0.5912760416666667 0.14500144675925924 0.19380787037037028 0.16919849537037035
0 0.7652994791666667 0.7183159722222222 0.29949363425925934 0.31951678240740744
0 0.3666594328703704 0.0968967013888889 0.2354311342592592 0.1937934027777778
0 0.5167390046296296 0.43276186342592593 0.2216435185185186 0.20341435185185186
0 0.27622974537037037 0.3284505208333333 0.27573784722222217 0.29716435185185186
0 0.5169994212962963 0.6787109375 0.23026620370370376 0.2583912037037037
0 0.11266637731481483 0.6302445023148149 0.17083333333333334 0.19958043981481488
0 0.9426938657407407 0.27350983796296297 0.10865162037037024 0.21875
0 0.47821180555555554 0.9251302083333333 0.17745949074074074 0.11979166666666652
0 0.6196831597222222 0.9286747685185186 0.09712094907407409 0.09924768518518512
0 0.07452980324074074 0.3193359375 0.14905960648148148 0.2065972222222222