0 0.5166015625 0.8779296875 0.3330078125 0.2353515625
0 0.0888671875 0.861328125 0.1630859375 0.2724609375
0 0.2763671875 0.919921875 0.1884765625 0.1552734375
0 0.8916015625 0.8818359375 0.203125 0.2294921875
0 0.2060546875 0.1455078125 0.38671875 0.2646484375
0 0.8935546875 0.18359375 0.1875 0.2236328125
0 0.884765625 0.3818359375 0.1533203125 0.17578125
0 0.6943359375 0.1328125 0.2412109375 0.2109375
0 0.3994140625 0.0224609375 0.1865234375 0.044921875
0 0.58984375 0.5576171875 0.244140625 0.173828125
0 0.5634765625 0.6669921875 0.3232421875 0.216796875
0 0.494140625 0.228515625 0.244140625 0.2265625
0 0.7685546875 0.0234375 0.166015625 0.046875
0 0.880859375 0.58984375 0.2158203125 0.265625
0 0.14453125 0.373046875 0.2880859375 0.2080078125
0 0.376953125 0.4375 0.2109375 0.2265625
0 0.232421875 0.6484375 0.2724609375 0.318359375