0 0.8345703124999999 0.36790364583333335 0.18126446759259274 0.2027343749999999
0 0.5381221064814814 0.06888020833333333 0.2285879629629628 0.13776041666666666
0 0.46846788194444444 0.5099609375 0.2275752314814814 0.22916666666666652
0 0.6676938657407407 0.2486328125 0.30089699074074083 0.28463541666666664
0 0.9524450231481482 0.3462890625 0.09510995370370368 0.21263020833333335
0 0.5468532986111111 0.8400390625 0.19412615740740735 0.1899739583333333
0 0.24211516203703703 0.4789713541666667 0.2461805555555555 0.21484375
0 0.3838903356481481 0.86953125 0.26445312499999996 0.22773437500000004
0 0.12641059027777776 0.8592447916666667 0.16300636574074073 0.22291666666666665
0 0.9593171296296297 0.4633463541666667 0.08136574074074066 0.1147135416666667
0 0.10651041666666666 0.6723307291666667 0.14635416666666667 0.2373697916666666
0 0.7443142361111111 0.7474609375 0.17471064814814818 0.19062500000000004
0 0.22671440972222223 0.2025390625 0.3130642361111111 0.26015625000000003
0 0.9850332754629629 0.1552734375 0.029933449074074137 0.2016927083333333
0 0.8468460648148148 0.8563151041666667 0.24123263888888902 0.19700520833333335
0 0.6427372685185185 0.4561848958333333 0.2241174768518519 0.2036458333333333
0 0.7939959490740741 0.19609375 0.13896122685185186 0.14544270833333328
0 0.8604962384259259 0.5406901041666667 0.21458333333333335 0.20690104166666679
0 0.3287254050925926 0.05266927083333334 0.24338831018518525 0.10533854166666667
0 0.11881510416666667 0.04303385416666667 0.18294270833333334 0.08606770833333334
0 0.2782769097222222 0.6755859375 0.24263599537037028 0.2535156249999999
0 0.9938187210648148 0.7922526041666667 0.012362557870370328 0.18828124999999996
0 0.784910300925926 0.06809895833333333 0.26397569444444446 0.13619791666666667
0 0.6004412615740741 0.6854817708333334 0.24972511574074074 0.1761718750000001