0 0.1281394675925926 0.7509114583333334 0.2562789351851852 0.2755208333333332
0 0.13826678240740742 0.28151041666666665 0.27556423611111114 0.2934895833333333
0 0.7572482638888889 0.9095052083333333 0.26287615740740744 0.09557291666666679
0 0.7521412037037036 0.09104817708333333 0.23554687499999982 0.18209635416666667
0 0.37170138888888893 0.19765625 0.22764756944444442 0.22005208333333331
0 0.9334129050925926 0.6743489583333333 0.0971354166666667 0.2347656250000001
0 0.2492476851851852 0.04635416666666667 0.2358796296296296 0.09270833333333334
0 0.6505208333333333 0.6063802083333334 0.17374131944444438 0.2691406249999999
0 0.7986762152777778 0.6813802083333333 0.23647280092592604 0.2889322916666668
0 0.9349247685185185 0.12805989583333333 0.12916666666666687 0.25611979166666665
0 0.48658854166666665 0.6085286458333333 0.2245804398148148 0.2764322916666666
0 0.6902994791666667 0.226171875 0.16482928240740735 0.19440104166666666
0 0.3156539351851852 0.16139322916666668 0.15716145833333328 0.20364583333333336
0 0.4780092592592593 0.021744791666666666 0.2119502314814814 0.04348958333333333
0 0.9171513310185185 0.8500651041666667 0.08658854166666674 0.18138020833333335
0 0.23718894675925928 0.5188151041666667 0.2084346064814815 0.240234375
0 0.8611979166666667 0.346484375 0.2706018518518518 0.3536458333333333
0 0.4876953125 0.8630859375 0.29798900462962963 0.22669270833333321
0 0.028761574074074075 0.9107421875 0.05752314814814815 0.10429687499999996
0 0.09836516203703703 0.08307291666666666 0.14701967592592594 0.16614583333333333
0 0.5362413194444444 0.15449218750000002 0.19315682870370376 0.26263020833333334
0 0.5094618055555555 0.38164062499999996 0.2123987268518519 0.24440104166666665
0 0.14273726851851853 0.9016927083333333 0.1386284722222222 0.13802083333333348
0 0.6804036458333333 0.3673177083333333 0.15614872685185177 0.1352864583333333