0 0.15397135416666666 0.40889033564814814 0.20862268518518517 0.18692129629629628
0 0.3558666087962963 0.6890552662037037 0.18930844907407418 0.16283275462962976
0 0.8767180266203703 0.35923032407407407 0.2465639467592593 0.28088831018518523
0 0.7624782986111112 0.5775101273148149 0.2666377314814814 0.18127893518518512
0 0.2189670138888889 0.14250578703703703 0.14250578703703698 0.1357783564814815
0 0.6582392939814814 0.3535517939814815 0.1806278935185186 0.15082465277777768
0 0.2583912037037037 0.4906684027777778 0.14048032407407407 0.1084346064814814
0 0.08756510416666667 0.1960720486111111 0.14228877314814817 0.1591435185185185
0 0.1743706597222222 0.9472294560185186 0.21592881944444442 0.1014901620370372
0 0.1396484375 0.05776186342592593 0.166015625 0.111328125
0 0.27669270833333337 0.02777777777777778 0.14713541666666674 0.040509259259259266
0 0.6984230324074074 0.19921875 0.22381365740740744 0.23423032407407407
0 0.8760850694444444 0.09964554398148148 0.20775462962962976 0.12261284722222221
0 0.9796730324074074 0.4576822916666667 0.04065393518518512 0.1508969907407408
0 0.6557074652777778 0.05642361111111112 0.09013310185185186 0.05982349537037038
0 0.9996021412037037 0.9470124421296297 0.0007957175925925597 0.1059751157407407
0 0.05407262731481482 0.006872106481481482 0.07298900462962964 0.012442129629629631
0 0.7522424768518519 0.05805121527777778 0.12847222222222232 0.051504629629629636
0 0.6593243634259259 0.9065755208333333 0.3216869212962963 0.18684895833333348
0 0.9645905671296297 0.6522352430555556 0.0708188657407407 0.250072337962963
0 0.3601345486111111 0.14189091435185186 0.2202690972222222 0.2126736111111111
0 0.2058376736111111 0.6620732060185185 0.26099537037037035 0.26287615740740744
0 0.9107349537037037 0.834056712962963 0.17853009259259256 0.20876736111111116
0 0.3881293402777778 0.36205150462962965 0.25651041666666674 0.20232928240740744
0 0.383861400462963 0.8747287326388888 0.3177806712962963 0.2505425347222223
0 0.23054108796296297 0.2724609375 0.16833043981481477 0.142578125
0 0.49410445601851855 0.05725549768518519 0.1796151620370371 0.08456307870370369
0 0.5103081597222222 0.5389539930555556 0.2387152777777779 0.22504340277777768
0 0.4868706597222222 0.6958550347222222 0.12123842592592604 0.11161747685185186
0 0.6596498842592593 0.7275752314814814 0.18778935185185186 0.16861979166666652
0 0.8807508680555556 0.6753833912037037 0.13686342592592604 0.11219618055555558