0 0.2294921875 0.1787109375 0.318359375 0.3203125
0 0.5595703125 0.908203125 0.2197265625 0.1826171875
0 0.1767578125 0.6201171875 0.353515625 0.3330078125
0 0.48046875 0.0732421875 0.3037109375 0.146484375
0 0.5087890625 0.1826171875 0.2490234375 0.189453125
0 0.05078125 0.107421875 0.1015625 0.21484375
0 0.845703125 0.0986328125 0.2646484375 0.1796875
0 0.142578125 0.90625 0.16796875 0.1396484375
0 0.7861328125 0.5830078125 0.21484375 0.1962890625
0 0.36328125 0.900390625 0.3359375 0.19921875
0 0.74609375 0.34765625 0.2109375 0.259765625
0 0.833984375 0.810546875 0.2900390625 0.2431640625
0 0.9404296875 0.572265625 0.119140625 0.2705078125
0 0.4658203125 0.6611328125 0.2626953125 0.2373046875
0 0.0634765625 0.369140625 0.1259765625 0.2412109375
0 0.830078125 0.9443359375 0.25 0.111328125
0 0.6591796875 0.5732421875 0.3408203125 0.25
0 0.431640625 0.373046875 0.318359375 0.228515625
0 0.91796875 0.3037109375 0.1640625 0.228515625