0 0.4873046875 0.486328125 0.1943359375 0.18359375
0 0.1357421875 0.7724609375 0.2548828125 0.2626953125
0 0.861328125 0.7080078125 0.208984375 0.1650390625
0 0.7734375 0.546875 0.1953125 0.1640625
0 0.0859375 0.4736328125 0.1689453125 0.2509765625
0 0.564453125 0.6650390625 0.0966796875 0.1220703125
0 0.2734375 0.9345703125 0.1572265625 0.1298828125
0 0.0537109375 0.158203125 0.107421875 0.2197265625
0 0.41796875 0.1123046875 0.23046875 0.2021484375
0 0.9072265625 0.423828125 0.16796875 0.244140625
0 0.3173828125 0.5615234375 0.2099609375 0.1923828125
0 0.3505859375 0.841796875 0.142578125 0.1494140625
0 0.1953125 0.17578125 0.2119140625 0.251953125
0 0.6826171875 0.078125 0.26953125 0.146484375
0 0.6630859375 0.8369140625 0.18359375 0.1708984375
0 0.6376953125 0.9775390625 0.1484375 0.044921875
0 0.4130859375 0.373046875 0.2216796875 0.1220703125
0 0.8994140625 0.16796875 0.1875 0.2255859375
0 0.68359375 0.2041015625 0.2392578125 0.177734375
0 0.4541015625 0.7421875 0.23828125 0.248046875
0 0.2216796875 0.3701171875 0.1669921875 0.1591796875
0 0.40625 0.8037109375 0.2548828125 0.27734375
0 0.6015625 0.0283203125 0.234375 0.056640625
0 0.7685546875 0.9794921875 0.142578125 0.041015625
0 0.5029296875 0.9775390625 0.1494140625 0.0439453125
0 0.8974609375 0.880859375 0.205078125 0.23828125
0 0.9384765625 0.6044921875 0.123046875 0.169921875
0 0.6962890625 0.3974609375 0.2607421875 0.201171875
0 0.052734375 0.3046875 0.10546875 0.1162109375