0 0.543872974537037 0.5150173611111111 0.1884403935185186 0.20241608796296306
0 0.49037905092592593 0.3584997106481481 0.17889178240740744 0.1787471064814814
0 0.16315827546296297 0.6109230324074074 0.20341435185185186 0.16778067129629637
0 0.6892361111111112 0.9536675347222222 0.25014467592592604 0.09266493055555558
0 0.3901186342592593 0.3993778935185185 0.12297453703703698 0.1342158564814815
0 0.265625 0.6656032986111111 0.1333188657407407 0.14231770833333335
0 0.3360460069444444 0.7612340856481481 0.12420428240740744 0.1245081018518519
0 0.5701678240740741 0.7779152199074074 0.38686342592592604 0.3817418981481482
0 0.6120876736111112 0.06783130787037037 0.13433159722222232 0.10337094907407407
0 0.2909794560185185 0.7053313078703705 0.14959490740740744 0.17787905092592604
0 0.04003906250000001 0.2905888310185185 0.04738136574074074 0.13977141203703702
0 0.7778501157407407 0.056177662037037036 0.2432002314814814 0.07346643518518518
0 0.27705439814814814 0.13585792824074075 0.24638310185185186 0.2216724537037037
0 0.4503761574074074 0.6866681134259259 0.16196469907407407 0.1607060185185185
0 0.17932581018518517 0.7371021412037038 0.1371527777777778 0.11514756944444438
0 0.27133969907407407 0.47965856481481484 0.1352719907407407 0.14237557870370376
0 0.8362630208333334 0.9605975115740741 0.13483796296296302 0.07880497685185173
0 0.35713252314814814 0.4802517361111111 0.08535879629629628 0.09997106481481477
0 0.9344618055555556 0.11830873842592593 0.09100115740740744 0.17614293981481483
0 0.8812210648148149 0.9371166087962963 0.23755787037037024 0.12576678240740735
0 0.12514467592592593 0.8738642939814815 0.0822482638888889 0.18952546296296302
0 0.7942165798611112 0.47681568287037035 0.4115668402777777 0.4042679398148148
0 0.8510561342592593 0.7615813078703704 0.2978877314814814 0.29861111111111116
0 0.9809389467592593 0.6584418402777779 0.0381221064814814 0.34003182870370363
0 0.2889539930555556 0.8827329282407408 0.343677662037037 0.23453414351851842
0 0.15809461805555555 0.27947048611111114 0.19610821759259262 0.2006944444444445
0 0.09794560185185185 0.4803674768518518 0.13570601851851852 0.14823495370370365
0 0.43797019675925924 0.08508391203703704 0.1806278935185185 0.1495659722222222
0 0.05862991898148148 0.1732349537037037 0.10047743055555555 0.11990740740740741
0 0.025209780092592594 0.09039351851851851 0.04347511574074074 0.08703703703703702
0 0.5230758101851852 0.19479166666666667 0.20862268518518512 0.18547453703703703
0 0.7796947337962963 0.19947193287037038 0.316333912037037 0.24518229166666666