0 0.6099898726851851 0.45815248842592593 0.3028935185185184 0.3798177083333334
0 0.08684895833333332 0.6390697337962963 0.11443865740740741 0.28826678240740744
0 0.35669849537037035 0.432103587962963 0.37479745370370376 0.344603587962963
0 0.8178819444444445 0.31317274305555554 0.28240740740740744 0.29697627314814823
0 0.2776765046296296 0.7516203703703703 0.36103877314814814 0.4081452546296296
0 0.4331958912037037 0.6485387731481482 0.16954571759259252 0.1996093750000001
0 0.48619068287037037 0.07126736111111111 0.29269386574074074 0.14253472222222222
0 0.5197410300925926 0.8526982060185185 0.2470052083333334 0.2581452546296297
0 0.1316044560185185 0.38598090277777775 0.23311631944444444 0.2866319444444445
0 0.08129340277777777 0.14859664351851853 0.09074074074074073 0.21694155092592593
0 0.4963035300925926 0.19270833333333334 0.2959490740740741 0.26263020833333334
0 0.6698929398148148 0.824341724537037 0.1402343749999999 0.164988425925926
0 0.8427517361111111 0.04382957175925926 0.1654803240740741 0.08765914351851851
0 0.8956090856481482 0.5529079861111111 0.20878182870370354 0.2798321759259259
0 0.16815682870370371 0.03441116898148148 0.20350115740740743 0.06882233796296296
0 0.8188657407407407 0.8310908564814815 0.3622685185185186 0.276244212962963
0 0.3810474537037037 0.6776909722222222 0.27515914351851845 0.27323495370370354
0 0.8509114583333333 0.5198640046296297 0.2981770833333335 0.2612847222222223
0 0.6336877893518518 0.39521122685185184 0.209085648148148 0.24254918981481488
0 0.9509548611111112 0.0796875 0.09809027777777768 0.14589120370370373
0 0.9555772569444445 0.1938946759259259 0.08884548611111098 0.12821180555555556
0 0.8388888888888889 0.13870081018518518 0.23525752314814818 0.19133391203703703
0 0.6739221643518518 0.06339699074074073 0.17274305555555558 0.12679398148148147
0 0.9611111111111111 0.3246021412037037 0.07777777777777772 0.2138454861111112
0 0.5952690972222222 0.6891131365740741 0.19320023148148158 0.17162905092592595
0 0.8597583912037037 0.7057653356481481 0.18333333333333335 0.20227141203703702
0 0.23441116898148148 0.2033492476851852 0.3436342592592592 0.2787326388888889
0 0.12416087962962963 0.8389250578703704 0.1605902777777778 0.21277488425925917