0 0.8583984375 0.908203125 0.2314453125 0.173828125
0 0.8623046875 0.0537109375 0.083984375 0.0927734375
0 0.2265625 0.30078125 0.13671875 0.1357421875
0 0.0751953125 0.8671875 0.138671875 0.162109375
0 0.94921875 0.0625 0.1015625 0.125
0 0.400390625 0.92578125 0.150390625 0.146484375
0 0.5302734375 0.484375 0.1455078125 0.1552734375
0 0.5625 0.2314453125 0.1455078125 0.115234375
0 0.908203125 0.0546875 0.1484375 0.109375
0 0.8154296875 0.3876953125 0.197265625 0.1513671875
0 0.037109375 0.66796875 0.07421875 0.1533203125
0 0.22265625 0.9580078125 0.1884765625 0.0830078125
0 0.107421875 0.4697265625 0.203125 0.2900390625
0 0.703125 0.970703125 0.1787109375 0.0576171875
0 0.9443359375 0.2275390625 0.111328125 0.212890625
0 0.97265625 0.849609375 0.0546875 0.1484375
0 0.4560546875 0.044921875 0.2099609375 0.08984375
0 0.2236328125 0.0859375 0.212890625 0.171875
0 0.83203125 0.61328125 0.2724609375 0.2783203125
0 0.09375 0.11328125 0.103515625 0.1025390625
0 0.765625 0.2109375 0.2490234375 0.212890625
0 0.6337890625 0.7021484375 0.1904296875 0.2353515625
0 0.2998046875 0.5771484375 0.23828125 0.3408203125