0 0.5782913773148148 0.04762731481481482 0.20669849537037033 0.09525462962962963
0 0.4461588541666667 0.5226779513888888 0.13110532407407405 0.15225694444444438
0 0.9725477430555556 0.8350622106481481 0.030367476851851816 0.07313368055555558
0 0.8957320601851853 0.15599681712962962 0.12209201388888902 0.20274884259259257
0 0.4324146412037037 0.7915219907407407 0.16672453703703705 0.18454861111111098
0 0.16569010416666669 0.21472077546296298 0.13906249999999998 0.16225405092592593
0 0.15460069444444444 0.37025462962962963 0.19619502314814813 0.19713541666666667
0 0.26179108796296297 0.5144748263888889 0.21417824074074077 0.2250000000000001
0 0.6574291087962962 0.23041087962962964 0.3109809027777777 0.30205439814814816
0 0.6098234953703704 0.47878327546296295 0.2377604166666667 0.23546006944444442
0 0.35497685185185185 0.16281105324074074 0.4189525462962963 0.3256221064814815
0 0.21807725694444446 0.8954861111111112 0.2040653935185185 0.201273148148148
0 0.04619502314814815 0.21443142361111112 0.0923900462962963 0.25082465277777777
0 0.8021773726851852 0.4750361689814815 0.21618923611111107 0.22896412037037028
0 0.5958043981481481 0.6344039351851851 0.3301070601851852 0.275289351851852
0 0.8527922453703703 0.037109375 0.1264467592592593 0.07421875
0 0.4382306134259259 0.9260561342592593 0.19515335648148147 0.12682291666666679
0 0.1236183449074074 0.9461154513888889 0.11280381944444443 0.10290798611111107
0 0.7688295717592593 0.4857855902777778 0.1626446759259259 0.17271412037037037
0 0.9401114004629629 0.6525101273148148 0.10328414351851856 0.250998263888889
0 0.7333622685185185 0.8372685185185185 0.3671296296296296 0.270529513888889
0 0.09061053240740741 0.5870659722222222 0.18122106481481481 0.33758680555555554
0 0.482298900462963 0.3234519675925926 0.1289207175925926 0.13657407407407407
0 0.9049840856481481 0.3880425347222223 0.18227719907407414 0.3119068287037037
0 0.7302372685185186 0.005931712962962963 0.1528067129629629 0.011863425925925927
0 0.3360532407407407 0.37756799768518523 0.1943576388888889 0.20489004629629637
0 0.3163845486111111 0.716869212962963 0.14678819444444446 0.15662615740740726