0 0.8822482638888889 0.434107349537037 0.2153211805555555 0.20039062500000004
0 0.6573784722222222 0.7062572337962962 0.19713541666666679 0.1727864583333334
0 0.12121310763888889 0.2694299768518519 0.24242621527777777 0.2965277777777777
0 0.22766927083333333 0.5250289351851851 0.27960069444444446 0.19353298611111125
0 0.8243489583333333 0.13823061342592594 0.14769965277777786 0.1447193287037037
0 0.34798177083333337 0.2982204861111111 0.1890624999999999 0.16095196759259256
0 0.7682942708333333 0.506662326388889 0.14509548611111112 0.11539351851851842
0 0.9428385416666667 0.21325231481481483 0.10920138888888875 0.16953125000000002
0 0.8406684027777778 0.9791739004629629 0.22968750000000004 0.04165219907407414
0 0.9108072916666667 0.07210648148148148 0.16983506944444438 0.08647280092592594
0 0.31171875 0.1277054398148148 0.23203125000000002 0.2494502314814815
0 0.12437065972222222 0.03017216435185185 0.20828993055555556 0.059707754629629635
0 0.3238064236111111 0.8987919560185185 0.33268229166666663 0.20241608796296306
0 0.021484375 0.5716796875 0.04296875 0.26445312499999996
0 0.6733289930555555 0.12036313657407408 0.22743055555555536 0.21814236111111113
0 0.8167751736111111 0.6988498263888889 0.26983506944444446 0.28125
0 0.07758246527777778 0.7746961805555556 0.15516493055555555 0.22126736111111112
0 0.6350477430555556 0.34838686342592595 0.26640624999999996 0.2148148148148148
0 0.6200954861111111 0.8834273726851851 0.3276041666666667 0.23314525462962976
0 0.8056640625 0.27569444444444446 0.17517361111111107 0.15098379629629632
0 0.5317708333333333 0.02839265046296296 0.1864583333333334 0.043764467592592594
0 0.49737413194444446 0.5212094907407407 0.24748263888888888 0.24186921296296293
0 0.5169921875 0.693431712962963 0.12565104166666674 0.11901041666666679
0 0.33218315972222223 0.701439525462963 0.1934027777777778 0.18054108796296298
0 0.09971788194444445 0.6120298032407407 0.14127604166666669 0.11924189814814823