0 0.12109375 0.4140625 0.18359375 0.169921875
0 0.3056640625 0.6748046875 0.1689453125 0.1455078125
0 0.841796875 0.3134765625 0.2373046875 0.2568359375
0 0.7080078125 0.5361328125 0.2412109375 0.16015625
0 0.1943359375 0.1494140625 0.1240234375 0.1220703125
0 0.615234375 0.32421875 0.1611328125 0.13671875
0 0.21875 0.4873046875 0.1259765625 0.095703125
0 0.0625 0.2109375 0.125 0.1474609375
0 0.115234375 0.9501953125 0.2177734375 0.099609375
0 0.12109375 0.060546875 0.1494140625 0.1201171875
0 0.255859375 0.0244140625 0.1396484375 0.048828125
0 0.6591796875 0.1708984375 0.1943359375 0.2138671875
0 0.9013671875 0.978515625 0.1318359375 0.0419921875
0 0.837890625 0.05859375 0.189453125 0.1171875
0 0.9560546875 0.4033203125 0.087890625 0.142578125
0 0.625 0.0302734375 0.08203125 0.060546875
0 0.966796875 0.912109375 0.064453125 0.16015625
0 0.0361328125 0.0166015625 0.072265625 0.0322265625
0 0.7177734375 0.025390625 0.1201171875 0.05078125
0 0.595703125 0.89453125 0.2890625 0.2109375
0 0.9404296875 0.595703125 0.119140625 0.2373046875
0 0.33203125 0.138671875 0.193359375 0.1943359375
0 0.1611328125 0.6591796875 0.228515625 0.240234375
0 0.86328125 0.7763671875 0.1943359375 0.189453125
0 0.3505859375 0.3525390625 0.2294921875 0.1806640625
0 0.3271484375 0.8720703125 0.283203125 0.255859375
0 0.201171875 0.275390625 0.150390625 0.1279296875
0 0.4677734375 0.041015625 0.1689453125 0.08203125
0 0.4638671875 0.5166015625 0.2099609375 0.205078125
0 0.43359375 0.671875 0.1064453125 0.1005859375
0 0.6005859375 0.6904296875 0.1650390625 0.1533203125
0 0.8193359375 0.6240234375 0.1220703125 0.099609375