0 0.3466796875 0.0703125 0.166015625 0.140625
0 0.5634765625 0.5068359375 0.09375 0.1162109375
0 0.1142578125 0.94921875 0.1142578125 0.1015625
0 0.06640625 0.2861328125 0.1328125 0.169921875
0 0.626953125 0.744140625 0.1201171875 0.140625
0 0.7509765625 0.1689453125 0.099609375 0.1240234375
0 0.7900390625 0.3046875 0.146484375 0.1455078125
0 0.7236328125 0.4580078125 0.158203125 0.16796875
0 0.3212890625 0.296875 0.2353515625 0.21875
0 0.41015625 0.5068359375 0.1787109375 0.171875
0 0.5703125 0.1376953125 0.330078125 0.275390625
0 0.837890625 0.798828125 0.1474609375 0.17578125
0 0.0478515625 0.908203125 0.072265625 0.083984375
0 0.6220703125 0.9736328125 0.0771484375 0.052734375
0 0.912109375 0.115234375 0.1552734375 0.23046875
0 0.240234375 0.5478515625 0.1591796875 0.171875
0 0.4521484375 0.6416015625 0.2607421875 0.1884765625
0 0.0703125 0.1015625 0.13671875 0.193359375
0 0.6513671875 0.892578125 0.1552734375 0.1337890625
0 0.9482421875 0.837890625 0.1005859375 0.1357421875
0 0.271484375 0.548828125 0.119140625 0.12890625
0 0.0966796875 0.74609375 0.1640625 0.205078125
0 0.37109375 0.884765625 0.30078125 0.23046875
0 0.9189453125 0.482421875 0.1611328125 0.28125
0 0.4931640625 0.337890625 0.0947265625 0.1025390625
0 0.09375 0.49609375 0.1875 0.2578125
0 0.2041015625 0.052734375 0.1259765625 0.10546875
0 0.6318359375 0.353515625 0.142578125 0.154296875
0 0.962890625 0.9638671875 0.07421875 0.072265625
0 0.71484375 0.650390625 0.107421875 0.1171875