0 0.7488570601851852 0.2273726851851852 0.3765046296296295 0.29971064814814813
0 0.6035445601851852 0.05773292824074074 0.18353587962962958 0.11546585648148149
0 0.4146918402777778 0.914793113425926 0.22133969907407403 0.1488859953703705
0 0.7981698495370371 0.05056423611111111 0.26303530092592586 0.10112847222222222
0 0.422974537037037 0.7585720486111112 0.20883969907407418 0.2011574074074074
0 0.12024739583333334 0.6193648726851853 0.18849826388888888 0.1869068287037039
0 0.4681929976851852 0.4725766782407408 0.21642071759259252 0.19748263888888884
0 0.8006293402777778 0.45590277777777777 0.2581597222222223 0.27670717592592586
0 0.23365162037037035 0.0711769386574074 0.27165798611111114 0.1423538773148148
0 0.19198495370370372 0.7741898148148147 0.24445891203703707 0.21001157407407423
0 0.4423538773148148 0.1847873263888889 0.20389178240740735 0.18346354166666667
0 0.013581452546296297 0.6318865740740741 0.027162905092592594 0.17355324074074074
0 0.9371238425925925 0.43918547453703705 0.08107638888888902 0.18372395833333321
0 0.418091724537037 0.23229890046296295 0.2802083333333334 0.25396412037037036
0 0.2684389467592593 0.9152271412037036 0.17492766203703702 0.1553096064814814
0 0.08024450231481481 0.11478587962962963 0.16048900462962962 0.18449074074074073
0 0.08088107638888889 0.4930844907407408 0.16176215277777778 0.19442997685185182
0 0.7352430555555556 0.6216145833333333 0.20998263888888902 0.1875434027777778
0 0.7849754050925926 0.9174696180555555 0.1958043981481481 0.07989004629629637
0 0.1423755787037037 0.32820457175925927 0.1798755787037037 0.17300347222222223
0 0.7618272569444444 0.7816767939814815 0.1498987268518519 0.19356192129629624
0 0.10999710648148148 0.9135416666666667 0.21999421296296295 0.17118055555555545