0 0.6103515625 0.5693359375 0.271484375 0.294921875
0 0.4111328125 0.75390625 0.2275390625 0.1787109375
0 0.87109375 0.4794921875 0.208984375 0.20703125
0 0.23828125 0.0751953125 0.1640625 0.150390625
0 0.89453125 0.8193359375 0.1953125 0.197265625
0 0.9765625 0.052734375 0.046875 0.10546875
0 0.5205078125 0.162109375 0.240234375 0.32421875
0 0.0546875 0.0859375 0.109375 0.171875
0 0.482421875 0.83984375 0.130859375 0.115234375
0 0.7001953125 0.8037109375 0.1865234375 0.203125
0 0.3515625 0.8994140625 0.1416015625 0.16015625
0 0.5634765625 0.943359375 0.150390625 0.11328125
0 0.80859375 0.935546875 0.2431640625 0.1279296875
0 0.453125 0.919921875 0.1083984375 0.0908203125
0 0.126953125 0.7607421875 0.25390625 0.26953125
0 0.5751953125 0.7421875 0.1396484375 0.1474609375
0 0.03515625 0.5576171875 0.0703125 0.134765625
0 0.79296875 0.2802734375 0.30078125 0.2177734375
0 0.478515625 0.904296875 0.1689453125 0.1376953125
0 0.978515625 0.9375 0.04296875 0.125
0 0.8779296875 0.763671875 0.244140625 0.3125
0 0.68359375 0.955078125 0.1181640625 0.08984375
0 0.3818359375 0.34375 0.203125 0.259765625
0 0.1591796875 0.2900390625 0.283203125 0.265625
0 0.7431640625 0.0830078125 0.154296875 0.166015625
0 0.90625 0.1376953125 0.1865234375 0.275390625
0 0.19921875 0.890625 0.2138671875 0.21875
0 0.2763671875 0.541015625 0.3515625 0.2734375