0 0.4993489583333333 0.7935836226851852 0.22057291666666667 0.224609375
0 0.3853949652777778 0.6645688657407407 0.21640625000000002 0.21860532407407396
0 0.9455729166666667 0.34248408564814814 0.1088541666666667 0.2445746527777778
0 0.08524305555555556 0.7333984375 0.11440972222222223 0.205078125
0 0.48148871527777776 0.9744285300925926 0.16106770833333328 0.05114293981481488
0 0.5751736111111111 0.6569733796296297 0.2276041666666666 0.20732060185185186
0 0.5774088541666667 0.9368489583333333 0.1996961805555555 0.12630208333333348
0 0.7724392361111111 0.6204065393518519 0.27261284722222223 0.29868344907407396
0 0.14852430555555557 0.051323784722222224 0.10564236111111114 0.09555844907407407
0 0.7027777777777777 0.14984809027777776 0.27960069444444446 0.2365451388888889
0 0.7829210069444444 0.9498336226851851 0.2613281249999999 0.10033275462962976
0 0.8343098958333333 0.36725983796296297 0.24904513888888902 0.2510127314814815
0 0.9109375 0.565646701388889 0.1781250000000001 0.2982494212962963
0 0.29850260416666663 0.8585973668981481 0.3538628472222223 0.2828052662037037
0 0.5122178819444444 0.9628544560185186 0.208984375 0.0742910879629628
0 0.9036675347222223 0.9899088541666667 0.07061631944444446 0.02018229166666652
0 0.9281250000000001 0.8328631365740741 0.13988715277777786 0.2079716435185186
0 0.29691840277777776 0.14359085648148148 0.4336805555555555 0.28125000000000006
0 0.6725477430555555 0.8516710069444444 0.26102430555555545 0.2573061342592593
0 0.21046006944444443 0.5235460069444444 0.39348958333333334 0.42990451388888884
0 0.5286024305555556 0.3110894097222222 0.2967881944444444 0.27228009259259256
0 0.5217230902777777 0.4853515625 0.3247395833333333 0.2869646990740742
0 0.5498914930555556 0.11006221064814815 0.19353298611111125 0.18655960648148148