0 0.4949869791666667 0.8632957175925926 0.35820312499999996 0.2734085648148148
0 0.8942708333333333 0.9236111111111112 0.2114583333333333 0.15277777777777768
0 0.5499348958333333 0.035308159722222225 0.14283854166666665 0.06352719907407407
0 0.5386067708333333 0.1289279513888889 0.3194010416666666 0.25224247685185186
0 0.34453125 0.4388599537037037 0.16562500000000002 0.17106481481481484
0 0.6438151041666667 0.30149739583333335 0.27083333333333326 0.255787037037037
0 0.17552083333333335 0.9197916666666667 0.23411458333333335 0.08567708333333335
0 0.8248046875 0.7265986689814814 0.35039062499999996 0.32498553240740735
0 0.9735677083333334 0.6711082175925926 0.052864583333333215 0.1900752314814813
0 0.22265625 0.2798321759259259 0.22291666666666665 0.23981481481481481
0 0.5158854166666667 0.6372974537037037 0.08997395833333344 0.09046585648148153
0 0.7307291666666667 0.7120949074074074 0.43229166666666674 0.305787037037037
0 0.166015625 0.5868778935185186 0.26432291666666663 0.216695601851852
0 0.7389322916666667 0.05915798611111111 0.21406249999999982 0.0777199074074074
0 0.183984375 0.08042534722222222 0.2625 0.16006944444444443
0 0.8577473958333333 0.2894169560185185 0.2391927083333334 0.24969618055555554
0 0.9373697916666667 0.12411747685185186 0.12526041666666665 0.12595486111111112
0 0.4575520833333333 0.53828125 0.1429687500000001 0.12404513888888902
0 0.14921875 0.7741608796296297 0.21328124999999998 0.2709780092592593
0 0.7521484375 0.9280164930555556 0.18372395833333321 0.14396701388888888
0 0.8817057291666667 0.4712962962962963 0.23658854166666665 0.2948784722222222
0 0.6463541666666667 0.500636574074074 0.28346354166666665 0.2402633101851852
0 0.43984375 0.31657986111111114 0.2406250000000001 0.30046296296296293
0 0.9704427083333333 0.23664641203703704 0.059114583333333304 0.18214699074074076
0 0.08938802083333333 0.2573712384259259 0.137890625 0.2821325231481482