0 0.8681640625 0.19140625 0.220703125 0.2021484375
0 0.5009765625 0.8076171875 0.2744140625 0.3203125
0 0.2109375 0.08203125 0.1640625 0.158203125
0 0.1142578125 0.3701171875 0.216796875 0.2197265625
0 0.775390625 0.0537109375 0.16015625 0.107421875
0 0.3466796875 0.0654296875 0.142578125 0.1298828125
0 0.3291015625 0.423828125 0.1279296875 0.1328125
0 0.435546875 0.2353515625 0.3076171875 0.2978515625
0 0.30078125 0.6376953125 0.185546875 0.2041015625
0 0.9580078125 0.0693359375 0.083984375 0.138671875
0 0.869140625 0.6474609375 0.2578125 0.349609375
0 0.640625 0.234375 0.1328125 0.1328125
0 0.9189453125 0.3203125 0.15625 0.1259765625
0 0.634765625 0.0966796875 0.1826171875 0.1689453125
0 0.04296875 0.9560546875 0.078125 0.0859375
0 0.0458984375 0.0537109375 0.091796875 0.103515625
0 0.1318359375 0.181640625 0.138671875 0.1533203125
0 0.662109375 0.529296875 0.1943359375 0.244140625
0 0.8935546875 0.5322265625 0.1953125 0.275390625
0 0.115234375 0.611328125 0.1923828125 0.2490234375
0 0.8974609375 0.9140625 0.205078125 0.171875
0 0.2548828125 0.8583984375 0.232421875 0.228515625
0 0.0595703125 0.8291015625 0.1181640625 0.1796875