0 0.3611038773148148 0.8720703125 0.3533998842592593 0.255859375
0 0.027763310185185186 0.826171875 0.05552662037037037 0.18359375
0 0.5609013310185185 0.0419921875 0.14772858796296306 0.083984375
0 0.5447916666666667 0.140625 0.32057291666666665 0.28125
0 0.632884837962963 0.5224609375 0.16474247685185173 0.177734375
0 0.38744936342592595 0.2802734375 0.2715422453703704 0.267578125
0 0.13033130787037037 0.630859375 0.26066261574074073 0.328125
0 0.7986255787037038 0.4091796875 0.22245370370370354 0.25
0 0.4091941550925926 0.658203125 0.09123263888888888 0.09375
0 0.19947916666666668 0.654296875 0.39895833333333336 0.32421875
0 0.758666087962963 0.7333984375 0.2670283564814815 0.2265625
0 0.3707465277777778 0.0234375 0.21944444444444444 0.046875
0 0.7754557291666666 0.0615234375 0.1865596064814814 0.068359375
0 0.8869429976851853 0.1826171875 0.22455150462962958 0.259765625
0 0.18760850694444445 0.1904296875 0.23822337962962964 0.259765625
0 0.15390625 0.0263671875 0.1453125 0.052734375
0 0.49433593750000004 0.580078125 0.1425636574074074 0.130859375
0 0.7708839699074074 0.8974609375 0.3174913194444444 0.205078125
0 0.09281684027777778 0.865234375 0.18563368055555557 0.16015625
0 0.1127097800925926 0.3564453125 0.2254195601851852 0.294921875
0 0.3259620949074074 0.4755859375 0.28498263888888886 0.251953125
0 0.5795211226851852 0.3671875 0.24095775462962954 0.3125
0 0.08851273148148148 0.08984375 0.07291666666666669 0.17578125
0 0.9300130208333333 0.439453125 0.1313512731481481 0.296875