0 0.638671875 0.7568359375 0.2275390625 0.2119140625
0 0.837890625 0.5537109375 0.185546875 0.173828125
0 0.068359375 0.3662109375 0.13671875 0.255859375
0 0.349609375 0.6171875 0.224609375 0.181640625
0 0.7763671875 0.380859375 0.1923828125 0.2138671875
0 0.2734375 0.8310546875 0.150390625 0.1416015625
0 0.1474609375 0.7998046875 0.1103515625 0.0947265625
0 0.73046875 0.9326171875 0.1865234375 0.134765625
0 0.185546875 0.5810546875 0.13671875 0.1513671875
0 0.9052734375 0.896484375 0.166015625 0.20703125
0 0.103515625 0.9677734375 0.1396484375 0.064453125
0 0.5380859375 0.203125 0.345703125 0.2216796875
0 0.9345703125 0.697265625 0.1298828125 0.2060546875
0 0.4287109375 0.791015625 0.173828125 0.2041015625
0 0.044921875 0.7822265625 0.0830078125 0.15625
0 0.8349609375 0.087890625 0.3291015625 0.1748046875
0 0.22265625 0.087890625 0.357421875 0.1728515625
0 0.755859375 0.9521484375 0.1328125 0.091796875
0 0.59765625 0.025390625 0.1748046875 0.0498046875
0 0.2939453125 0.9375 0.2041015625 0.125
0 0.0517578125 0.193359375 0.1005859375 0.1162109375
0 0.3974609375 0.0595703125 0.091796875 0.1005859375
0 0.9130859375 0.3212890625 0.173828125 0.279296875
0 0.0595703125 0.5712890625 0.1181640625 0.154296875
0 0.0322265625 0.9462890625 0.064453125 0.1005859375
0 0.4716796875 0.96484375 0.119140625 0.0703125
0 0.2578125 0.5908203125 0.2587890625 0.1767578125
0 0.064453125 0.8544921875 0.12890625 0.154296875
0 0.33203125 0.384765625 0.212890625 0.181640625
0 0.25 0.2333984375 0.1416015625 0.1484375
0 0.5078125 0.4296875 0.1787109375 0.2216796875
0 0.671875 0.560546875 0.140625 0.1337890625
0 0.1025390625 0.6953125 0.1865234375 0.1318359375
0 0.57421875 0.931640625 0.1318359375 0.1357421875