0 0.5552517361111111 0.055013020833333336 0.25112847222222223 0.11002604166666667
0 0.29431423611111107 0.569140625 0.1621527777777778 0.18828125000000018
0 0.024891493055555554 0.10787760416666667 0.048828125 0.17877604166666666
0 0.5270182291666667 0.3462890625 0.20299479166666679 0.1832031249999999
0 0.8541449652777777 0.5875651041666667 0.13797743055555545 0.15351562499999982
0 0.5792751736111111 0.1892578125 0.19952256944444446 0.20247395833333337
0 0.04470486111111111 0.2953125 0.08107638888888889 0.22578125000000004
0 0.17960069444444446 0.46822916666666664 0.15086805555555555 0.11927083333333333
0 0.040755208333333334 0.5576822916666666 0.060590277777777785 0.18151041666666679
0 0.9216362847222221 0.04876302083333334 0.1401475694444443 0.09752604166666667
0 0.551171875 0.508984375 0.2171875000000001 0.2075520833333333
0 0.22350260416666667 0.33131510416666665 0.2806857638888889 0.25664062499999996
0 0.35865885416666665 0.046875 0.2192274305555556 0.09375
0 0.9635199652777777 0.56796875 0.07296006944444455 0.27708333333333335
0 0.9043402777777778 0.018424479166666667 0.16024305555555562 0.036848958333333334
0 0.2818793402777778 0.8457682291666666 0.2328559027777778 0.2105468749999999
0 0.7884114583333333 0.8423177083333333 0.22717013888888893 0.21796874999999982
0 0.5743923611111111 0.7177083333333334 0.162109375 0.18632812500000018
0 0.9294053819444444 0.9035807291666667 0.14118923611111112 0.05768229166666661
0 0.08719618055555556 0.9751302083333333 0.10052083333333334 0.047656249999999956
0 0.8226128472222223 0.13684895833333333 0.24097222222222214 0.22473958333333333
0 0.3896050347222222 0.19212239583333335 0.1757378472222222 0.18528645833333335
0 0.17198350694444445 0.6535807291666667 0.2327256944444444 0.2924479166666667
0 0.6220486111111111 0.8377604166666667 0.22096354166666665 0.20195312499999996
0 0.7466796875 0.41673177083333335 0.19309895833333335 0.1766927083333334
0 0.10043402777777777 0.07447916666666667 0.13784722222222223 0.14765625000000002
0 0.2221137152777778 0.09840494791666667 0.1372395833333333 0.19680989583333333
0 0.7412109375 0.02194010416666667 0.162109375 0.04388020833333334
0 0.4452907986111111 0.8055338541666667 0.15607638888888897 0.26588541666666665
0 0.07823350694444445 0.8798828125 0.10112847222222221 0.16276041666666674
0 0.9082899305555556 0.32832031250000004 0.18342013888888875 0.2470052083333334