0 0.820703125 0.6512586805555556 0.2695891203703704 0.2734809027777778
0 0.7787977430555555 0.9082248263888889 0.16226851851851842 0.14613715277777772
0 0.8998697916666667 0.8464409722222223 0.17896412037037024 0.21875
0 0.5916521990740741 0.8141927083333333 0.3203703703703704 0.27460937500000004
0 0.4852575231481482 0.08307291666666666 0.12714120370370363 0.14730902777777777
0 0.030439814814814815 0.26924913194444444 0.06087962962962963 0.3197482638888889
0 0.28414351851851855 0.9936631944444445 0.15651041666666665 0.012673611111110983
0 0.3516493055555555 0.7932291666666667 0.210011574074074 0.20577256944444455
0 0.9216001157407407 0.30279947916666666 0.11008391203703694 0.1820746527777778
0 0.5623263888888889 0.2879774305555556 0.17637442129629632 0.1757378472222222
0 0.787962962962963 0.09175347222222222 0.21313657407407405 0.153125
0 0.2904730902777778 0.37278645833333335 0.4693142361111111 0.4438802083333333
0 0.9662760416666667 0.7160373263888888 0.049855324074074225 0.2022135416666666
0 0.7375072337962962 0.2664713541666667 0.2397714120370371 0.23767361111111107
0 0.1681929976851852 0.8458116319444444 0.17853009259259256 0.189453125
0 0.2676070601851852 0.6633897569444445 0.17261284722222214 0.18541666666666679
0 0.8855685763888889 0.031401909722222225 0.045269097222222276 0.024435763888888892
0 0.4507595486111111 0.10379774305555556 0.17660590277777777 0.19136284722222224
0 0.153515625 0.5836805555555555 0.2392505787037037 0.20251736111111107
0 0.5848307291666667 0.9367404513888888 0.281322337962963 0.12651909722222232
0 0.04924045138888889 0.12513020833333333 0.09848090277777778 0.09791666666666665
0 0.9334924768518518 0.5550998263888889 0.12005208333333339 0.19596354166666674
0 0.8307942708333333 0.4316840277777778 0.15319733796296298 0.19279513888888888
0 0.03420862268518519 0.6268229166666667 0.06841724537037037 0.20677083333333335
0 0.06466290509259259 0.7126085069444444 0.1242476851851852 0.21558159722222214
0 0.14777922453703704 0.113671875 0.16585648148148147 0.12473958333333335
0 0.8733072916666667 0.13370225694444443 0.1415653935185186 0.19839409722222223
0 0.42202690972222223 0.592578125 0.2222222222222221 0.23923611111111098
0 0.013375289351851852 0.5238064236111111 0.026750578703703703 0.17651909722222214
0 0.6661820023148148 0.46514756944444446 0.29380787037037037 0.3267361111111111
0 0.3350622106481482 0.9186197916666667 0.2310040509259259 0.16276041666666652
0 0.09560185185185185 0.9304253472222221 0.08802083333333333 0.1391493055555557
0 0.6230396412037037 0.08027343749999999 0.2500144675925926 0.13832465277777778
0 0.2787109375 0.11169704861111111 0.21741898148148153 0.17860243055555555