0 0.2572916666666667 0.0705295138888889 0.24348958333333326 0.12248263888888888
0 0.46208767361111114 0.6974609375 0.18615451388888893 0.1934027777777776
0 0.501150173611111 0.8725477430555555 0.2701822916666665 0.24014756944444438
0 0.8705295138888889 0.5837890625 0.19865451388888888 0.21124131944444446
0 0.5647569444444445 0.04548611111111111 0.17638888888888893 0.09097222222222222
0 0.5791449652777778 0.25203993055555557 0.19466145833333326 0.20920138888888884
0 0.10638020833333334 0.32608506944444443 0.19505208333333335 0.26189236111111114
0 0.7552517361111111 0.023328993055555556 0.26050347222222214 0.04665798611111111
0 0.7989800347222222 0.4035590277777778 0.21792534722222223 0.20581597222222225
0 0.17899305555555556 0.6842013888888889 0.2055989583333333 0.1918836805555557
0 0.24494357638888886 0.8264322916666667 0.2666232638888889 0.24787326388888875
0 0.9432942708333334 0.8055772569444444 0.11341145833333321 0.16731770833333348
0 0.08546006944444444 0.5592013888888889 0.13012152777777777 0.20581597222222214
0 0.9441840277777778 0.5280815972222223 0.11163194444444446 0.1474826388888888
0 0.948828125 0.4029079861111111 0.10234374999999996 0.18229166666666663
0 0.42211371527777775 0.0234375 0.1411024305555555 0.046875
0 0.9794704861111111 0.6689453125 0.04105902777777781 0.2417100694444445
0 0.5019748263888889 0.9790798611111111 0.17087673611111098 0.025260416666666785
0 0.6777560763888888 0.6232638888888888 0.20325520833333321 0.2269531250000001
0 0.6858506944444445 0.4754774305555555 0.13684895833333321 0.1376736111111111
0 0.5479166666666666 0.627126736111111 0.1674479166666667 0.2554253472222223
0 0.9432508680555556 0.47044270833333335 0.11349826388888884 0.20407986111111098
0 0.25277777777777777 0.93671875 0.27864583333333337 0.12326388888888884
0 0.8699652777777778 0.009418402777777777 0.09539930555555554 0.018836805555555555
0 0.9329210069444445 0.8986545138888888 0.13415798611111107 0.05659722222222241
0 0.48246527777777776 0.25418836805555556 0.12903645833333333 0.13749999999999996
0 0.7046874999999999 0.10750868055555557 0.18289930555555545 0.1640625
0 0.8758463541666667 0.16143663194444444 0.22382812500000004 0.3228732638888889
0 0.312890625 0.4417317708333333 0.38784722222222223 0.3851996527777778
0 0.7702690972222221 0.8352864583333333 0.3106336805555556 0.2722656250000002
0 0.05802951388888889 0.16195746527777777 0.10946180555555556 0.17999131944444446
0 0.2292751736111111 0.16597222222222222 0.23476562499999998 0.23350694444444448
0 0.4288194444444444 0.146875 0.22404513888888888 0.21180555555555552