0 0.2399884259259259 0.7087239583333333 0.2084490740740741 0.20520833333333321
0 0.5403718171296297 0.12298177083333334 0.1318721064814814 0.14544270833333334
0 0.4926432291666667 0.7626953125 0.19700520833333335 0.24153645833333326
0 0.9524811921296297 0.5461588541666667 0.08962673611111116 0.240234375
0 0.6411458333333333 0.7638020833333333 0.16935763888888888 0.1986979166666667
0 0.8831163194444445 0.281640625 0.1596209490740741 0.20195312499999996
0 0.8958188657407408 0.9389322916666667 0.19615162037037037 0.12213541666666661
0 0.13135127314814815 0.6018229166666667 0.22599826388888888 0.20247395833333326
0 0.07611762152777778 0.36549479166666665 0.15223524305555555 0.1743489583333333
0 0.342650462962963 0.830859375 0.22031250000000002 0.2255208333333334
0 0.5016710069444444 0.9751953125 0.16268807870370372 0.049609374999999956
0 0.5427951388888889 0.19153645833333333 0.20101273148148158 0.25546875
0 0.4341435185185185 0.4822916666666667 0.30694444444444446 0.32499999999999996
0 0.01752025462962963 0.34401041666666665 0.03504050925925926 0.1294270833333333
0 0.3986400462962963 0.13111979166666668 0.15151909722222223 0.1623697916666667
0 0.6131510416666667 0.5860677083333333 0.21069155092592595 0.24440104166666665
0 0.32407407407407407 0.9498697916666667 0.21374421296296298 0.10026041666666652
0 0.8182725694444444 0.5938802083333333 0.3109953703703705 0.3447916666666666
0 0.06195023148148149 0.7378906249999999 0.09521122685185185 0.2035156250000001
0 0.16647135416666667 0.4771484375 0.1808738425925926 0.17213541666666665
0 0.729564525462963 0.17076822916666667 0.30649594907407396 0.26445312499999996
0 0.8578197337962963 0.1353515625 0.13982928240740744 0.16549479166666664
0 0.8021629050925927 0.39446614583333334 0.28504050925925917 0.26692708333333337
0 0.6329282407407407 0.422265625 0.16537905092592586 0.18867187500000004
0 0.14801793981481481 0.8579427083333333 0.20664062500000002 0.224609375
0 0.13832465277777778 0.9727864583333333 0.1078703703703704 0.05442708333333335
0 0.8527994791666667 0.8130859374999999 0.2851996527777778 0.2884114583333335
0 0.978566261574074 0.7179036458333333 0.03438946759259265 0.16236979166666665
0 0.18411458333333333 0.20572916666666669 0.2697337962962963 0.30885416666666665