0 0.940183738425926 0.49442997685185186 0.1196325231481481 0.19068287037037046
0 0.9051323784722223 0.30852141203703703 0.18973524305555545 0.2295283564814815
0 0.9936921296296296 0.9539207175925926 0.012615740740740788 0.06467013888888884
0 0.8042028356481481 0.45279947916666663 0.2153067129629629 0.20486111111111116
0 0.4652416087962963 0.49482783564814814 0.15512152777777777 0.13440393518518512
0 0.2781032986111111 0.2880859375 0.35138888888888886 0.23524305555555558
0 0.7941333912037037 0.965892650462963 0.1680121527777778 0.06821469907407396
0 0.5937644675925926 0.26663773148148145 0.2250723379629629 0.20522280092592593
0 0.09114583333333333 0.4419849537037037 0.1482638888888889 0.22771990740740744
0 0.2695384837962963 0.46126302083333337 0.23493923611111112 0.2075376157407407
0 0.10287905092592593 0.1607349537037037 0.20170717592592594 0.24334490740740738
0 0.4127459490740741 0.12152777777777778 0.25517939814814816 0.22193287037037038
0 0.1720920138888889 0.9088903356481481 0.18530092592592595 0.18221932870370372
0 0.1191478587962963 0.5872757523148149 0.19636863425925927 0.36595775462962976
0 0.6011429398148148 0.5593171296296297 0.2515046296296297 0.18865740740740744
0 0.9005425347222222 0.5626085069444444 0.15256076388888884 0.12261284722222232
0 0.4869719328703703 0.9612268518518519 0.11022858796296298 0.07754629629629628
0 0.931886574074074 0.11443865740740741 0.0747106481481481 0.16261574074074076
0 0.7330584490740741 0.1333912037037037 0.3997106481481483 0.2272858796296296
0 0.4561631944444444 0.3385416666666667 0.17941261574074074 0.22692418981481477
0 0.2864872685185185 0.6753472222222222 0.27714120370370365 0.26953125
0 0.8221498842592593 0.7642867476851852 0.35570023148148144 0.3619068287037037
0 0.5128472222222222 0.8114149305555556 0.3687065972222223 0.3060619212962963
0 0.6078993055555555 0.9786241319444444 0.15743634259259265 0.04275173611111116
0 0.33527922453703707 0.9133391203703703 0.24173900462962972 0.1733217592592593