0 0.7644458912037038 0.9542824074074074 0.2600260416666669 0.09143518518518512
0 0.9272786458333333 0.18319589120370372 0.10078125000000004 0.11270254629629628
0 0.2501157407407407 0.2788628472222222 0.16289062499999996 0.169921875
0 0.03930121527777778 0.8044704861111112 0.07860243055555556 0.19097222222222232
0 0.9734881365740742 0.20912905092592593 0.04897280092592604 0.14004629629629628
0 0.30713252314814815 0.9208080150462963 0.1767939814814815 0.15838396990740744
0 0.5176432291666667 0.5316116898148148 0.17518807870370368 0.19032118055555558
0 0.5963107638888889 0.2878689236111111 0.16621817129629646 0.15067997685185186
0 0.9435908564814814 0.19419126157407407 0.10934606481481479 0.138671875
0 0.8189814814814815 0.5020616319444444 0.2260850694444443 0.19798900462962976
0 0.021686921296296298 0.5978732638888888 0.043373842592592596 0.16840277777777768
0 0.12339409722222222 0.9222728587962963 0.20240162037037035 0.12217881944444442
0 0.11448929398148149 0.41793258101851855 0.22897858796296297 0.3397714120370371
0 0.5969545717592593 0.9992404513888888 0.18676215277777786 0.001519097222222321
0 0.9471137152777778 0.37257667824074076 0.09466145833333339 0.23502604166666663
0 0.884765625 0.9552589699074074 0.07879050925925934 0.08948206018518512
0 0.5239149305555555 0.08872251157407408 0.22560763888888902 0.11610243055555555
0 0.28686342592592595 0.09563078703703703 0.2426793981481481 0.16608796296296297
0 0.7936848958333333 0.7282262731481481 0.32589699074074074 0.34375
0 0.15362413194444444 0.06716579861111112 0.12243923611111113 0.12015335648148148
0 0.8029658564814814 0.3158998842592593 0.29066840277777795 0.2729311342592593
0 0.5791160300925926 0.7690972222222222 0.234375 0.28045428240740744
0 0.2718532986111111 0.5691912615740741 0.3022424768518518 0.400462962962963