0 0.52734375 0.7666015625 0.1650390625 0.17578125
0 0.392578125 0.6767578125 0.1640625 0.1689453125
0 0.90625 0.197265625 0.166015625 0.2001953125
0 0.0869140625 0.8388671875 0.1513671875 0.162109375
0 0.5546875 0.9716796875 0.1484375 0.056640625
0 0.568359375 0.6142578125 0.1787109375 0.15234375
0 0.640625 0.9169921875 0.158203125 0.1494140625
0 0.7451171875 0.5224609375 0.1982421875 0.23828125
0 0.033203125 0.1259765625 0.06640625 0.146484375
0 0.072265625 0.02734375 0.14453125 0.0546875
0 0.58203125 0.091796875 0.2294921875 0.1767578125
0 0.8427734375 0.90625 0.2138671875 0.1875
0 0.75 0.263671875 0.189453125 0.193359375
0 0.8994140625 0.423828125 0.1748046875 0.248046875
0 0.3544921875 0.8955078125 0.29296875 0.20703125
0 0.5830078125 0.9580078125 0.189453125 0.083984375
0 0.974609375 0.904296875 0.05078125 0.146484375
0 0.9482421875 0.6826171875 0.103515625 0.18359375
0 0.1884765625 0.1484375 0.3515625 0.296875
0 0.7001953125 0.7724609375 0.19921875 0.1962890625
0 0.173828125 0.599609375 0.34765625 0.328125
0 0.4521484375 0.296875 0.232421875 0.201171875
0 0.482421875 0.4658203125 0.2587890625 0.208984375
0 0.9462890625 0.0361328125 0.107421875 0.072265625
0 0.427734375 0.0859375 0.14453125 0.171875