0 0.8891276041666667 0.5169921875000001 0.20442708333333348 0.18012152777777768
0 0.37906539351851853 0.05361328125 0.12481192129629637 0.1072265625
0 0.6619068287037038 0.6413194444444444 0.19103009259259274 0.22274305555555562
0 0.09828559027777779 0.5756293402777778 0.14917534722222223 0.24327256944444442
0 0.5185763888888889 0.6865451388888889 0.1635127314814815 0.1811631944444445
0 0.09449508101851851 0.2951171875 0.16792534722222222 0.19101562500000002
0 0.33905526620370374 0.9388671875 0.20684317129629637 0.11384548611111112
0 0.9223415798611111 0.38300781250000004 0.1553168402777778 0.17178819444444438
0 0.9164568865740741 0.13899739583333334 0.13885995370370363 0.1572048611111111
0 0.8341724537037036 0.663888888888889 0.2153067129629629 0.20182291666666652
0 0.7478949652777778 0.9043619791666666 0.17320601851851847 0.14236111111111116
0 0.4014829282407407 0.11134982638888889 0.19153645833333333 0.22269965277777778
0 0.61484375 0.3559027777777778 0.29994212962962963 0.2914930555555555
0 0.5218098958333333 0.03893229166666667 0.14127604166666652 0.07786458333333333
0 0.4789858217592593 0.5075303819444444 0.20470196759259252 0.2230468750000001
0 0.9033854166666666 0.8448784722222222 0.19322916666666679 0.22144097222222214
0 0.28198061342592595 0.5735026041666667 0.30300925925925926 0.3130208333333333
0 0.8726128472222222 0.27391493055555555 0.17947048611111116 0.1503038194444445
0 0.20054976851851852 0.134375 0.29380787037037037 0.24843750000000003
0 0.05787037037037037 0.13559027777777777 0.11148726851851852 0.19366319444444446
0 0.22292390046296295 0.37732204861111107 0.2833333333333333 0.23454861111111103
0 0.3987702546296297 0.3558159722222222 0.1610532407407408 0.1713541666666667
0 0.9667317708333334 0.6370442708333333 0.06653645833333321 0.19353298611111125
0 0.3057002314814815 0.8046875 0.3329716435185186 0.25125868055555545
0 0.12533275462962964 0.7578559027777778 0.11983506944444444 0.1665364583333333
0 0.7592881944444445 0.0779079861111111 0.24904513888888902 0.1558159722222222