0 0.609375 0.55078125 0.1806640625 0.150390625
0 0.8876953125 0.279296875 0.1826171875 0.1943359375
0 0.591796875 0.7998046875 0.2666015625 0.283203125
0 0.1904296875 0.9443359375 0.216796875 0.111328125
0 0.935546875 0.66796875 0.12890625 0.1806640625
0 0.3681640625 0.3173828125 0.1455078125 0.1611328125
0 0.896484375 0.919921875 0.1513671875 0.154296875
0 0.0849609375 0.2646484375 0.1611328125 0.2509765625
0 0.275390625 0.6923828125 0.189453125 0.18359375
0 0.2705078125 0.0732421875 0.1748046875 0.1455078125
0 0.123046875 0.498046875 0.212890625 0.1962890625
0 0.7060546875 0.044921875 0.2421875 0.08984375
0 0.8173828125 0.82421875 0.1416015625 0.1650390625
0 0.052734375 0.720703125 0.10546875 0.2490234375
0 0.0615234375 0.8095703125 0.123046875 0.208984375
0 0.8916015625 0.0390625 0.1220703125 0.0771484375
0 0.607421875 0.33203125 0.1240234375 0.123046875
0 0.59375 0.1884765625 0.2138671875 0.1884765625
0 0.5107421875 0.111328125 0.19921875 0.185546875
0 0.10546875 0.068359375 0.154296875 0.1357421875
0 0.232421875 0.373046875 0.142578125 0.16796875
0 0.796875 0.5478515625 0.203125 0.30859375
0 0.94921875 0.47265625 0.1015625 0.1767578125
0 0.2177734375 0.203125 0.134765625 0.162109375
0 0.81640625 0.1513671875 0.140625 0.134765625
0 0.9404296875 0.1435546875 0.119140625 0.1083984375
0 0.9677734375 0.052734375 0.064453125 0.10546875
0 0.4287109375 0.59375 0.1865234375 0.21875
0 0.4453125 0.91796875 0.267578125 0.1630859375
0 0.2880859375 0.5703125 0.1142578125 0.1318359375
0 0.388671875 0.1171875 0.1064453125 0.1005859375
0 0.71484375 0.296875 0.1123046875 0.150390625
0 0.55859375 0.4150390625 0.2548828125 0.185546875