0 0.78125 0.2685546875 0.17578125 0.220703125
0 0.9423828125 0.880859375 0.115234375 0.171875
0 0.724609375 0.51171875 0.154296875 0.205078125
0 0.779296875 0.8623046875 0.18359375 0.2421875
0 0.3876953125 0.375 0.162109375 0.1875
0 0.5146484375 0.2236328125 0.17578125 0.205078125
0 0.2373046875 0.3720703125 0.193359375 0.248046875
0 0.0751953125 0.513671875 0.150390625 0.21875
0 0.939453125 0.408203125 0.12109375 0.2734375
0 0.7275390625 0.099609375 0.14453125 0.1640625
0 0.24609375 0.1298828125 0.25 0.224609375
0 0.4296875 0.0625 0.18359375 0.125
0 0.0830078125 0.302734375 0.166015625 0.28515625
0 0.8916015625 0.0927734375 0.162109375 0.185546875
0 0.59375 0.4951171875 0.125 0.1171875
0 0.4775390625 0.4833984375 0.13671875 0.13671875
0 0.919921875 0.6015625 0.16015625 0.18359375
0 0.423828125 0.77734375 0.142578125 0.130859375
0 0.3212890625 0.6328125 0.2890625 0.3671875
0 0.61328125 0.3486328125 0.220703125 0.166015625
0 0.0673828125 0.1025390625 0.134765625 0.142578125
0 0.181640625 0.87890625 0.28515625 0.2421875
0 0.5771484375 0.892578125 0.259765625 0.21484375
0 0.41015625 0.9189453125 0.14453125 0.162109375
0 0.8232421875 0.720703125 0.146484375 0.189453125
0 0.919921875 0.7421875 0.138671875 0.15234375
0 0.099609375 0.708984375 0.181640625 0.1953125
0 0.619140625 0.669921875 0.279296875 0.259765625
0 0.8076171875 0.40234375 0.107421875 0.107421875
0 0.6083984375 0.0537109375 0.208984375 0.107421875