0 0.3935546875 0.6806640625 0.171875 0.22265625
0 0.8935546875 0.8447265625 0.2041015625 0.2890625
0 0.79296875 0.25390625 0.2470703125 0.21484375
0 0.494140625 0.4931640625 0.2333984375 0.2490234375
0 0.0654296875 0.0751953125 0.12890625 0.150390625
0 0.412109375 0.326171875 0.1064453125 0.1103515625
0 0.0595703125 0.9111328125 0.119140625 0.177734375
0 0.4365234375 0.1376953125 0.2548828125 0.232421875
0 0.7705078125 0.673828125 0.1728515625 0.220703125
0 0.255859375 0.4765625 0.15625 0.193359375
0 0.59765625 0.2939453125 0.16796875 0.1572265625
0 0.912109375 0.12109375 0.146484375 0.1591796875
0 0.2685546875 0.8896484375 0.22265625 0.2109375
0 0.583984375 0.9140625 0.2529296875 0.16796875
0 0.9443359375 0.3291015625 0.111328125 0.224609375
0 0.9287109375 0.515625 0.1279296875 0.1884765625
0 0.5908203125 0.1416015625 0.1171875 0.14453125
0 0.6044921875 0.8134765625 0.2412109375 0.318359375
0 0.65625 0.5283203125 0.1484375 0.1181640625
0 0.8251953125 0.4140625 0.08984375 0.099609375
0 0.15625 0.3408203125 0.3125 0.275390625
0 0.0908203125 0.6005859375 0.1806640625 0.1630859375
0 0.1162109375 0.787109375 0.1650390625 0.1669921875
0 0.2734375 0.689453125 0.130859375 0.16015625
0 0.1884765625 0.0888671875 0.134765625 0.16015625
0 0.69921875 0.0693359375 0.1259765625 0.1298828125
0 0.83203125 0.0595703125 0.1572265625 0.1162109375
0 0.6611328125 0.421875 0.08984375 0.0849609375