0 0.3173828125 0.1318359375 0.267578125 0.2392578125
0 0.451171875 0.74609375 0.2919921875 0.2841796875
0 0.6513671875 0.927734375 0.140625 0.14453125
0 0.8759765625 0.8564453125 0.2041015625 0.263671875
0 0.298828125 0.5517578125 0.16796875 0.2177734375
0 0.2333984375 0.9111328125 0.2841796875 0.16796875
0 0.669921875 0.2197265625 0.1337890625 0.1640625
0 0.12890625 0.7421875 0.24609375 0.3212890625
0 0.521484375 0.1865234375 0.19140625 0.2177734375
0 0.4462890625 0.0390625 0.1630859375 0.0771484375
0 0.6416015625 0.083984375 0.1708984375 0.16796875
0 0.08203125 0.0546875 0.1640625 0.109375
0 0.0673828125 0.3583984375 0.1337890625 0.2978515625
0 0.9599609375 0.51953125 0.080078125 0.142578125
0 0.8017578125 0.962890625 0.119140625 0.07421875
0 0.921875 0.3388671875 0.1357421875 0.1962890625
0 0.775390625 0.2041015625 0.1298828125 0.1923828125
0 0.4443359375 0.9482421875 0.166015625 0.103515625
0 0.72265625 0.748046875 0.2109375 0.208984375
0 0.0439453125 0.064453125 0.087890625 0.1279296875
0 0.9423828125 0.0615234375 0.115234375 0.123046875
0 0.158203125 0.6689453125 0.2177734375 0.2421875
0 0.546875 0.541015625 0.1708984375 0.1435546875
0 0.7021484375 0.4755859375 0.1728515625 0.193359375
0 0.8896484375 0.6259765625 0.1376953125 0.1533203125
0 0.189453125 0.3935546875 0.142578125 0.14453125
0 0.79296875 0.0625 0.1875 0.125
0 0.1376953125 0.1826171875 0.1767578125 0.15625
0 0.52734375 0.37890625 0.2470703125 0.2001953125
0 0.8583984375 0.48046875 0.1640625 0.1513671875
0 0.35546875 0.291015625 0.1103515625 0.09375
0 0.2666015625 0.361328125 0.0888671875 0.0654296875
0 0.77734375 0.337890625 0.1181640625 0.126953125