0 0.1962890625 0.63671875 0.1748046875 0.1669921875
0 0.71484375 0.60546875 0.15625 0.1875
0 0.435546875 0.87890625 0.2041015625 0.1474609375
0 0.8369140625 0.3564453125 0.1572265625 0.158203125
0 0.9453125 0.943359375 0.109375 0.1123046875
0 0.4794921875 0.177734375 0.1259765625 0.1552734375
0 0.943359375 0.6064453125 0.1123046875 0.142578125
0 0.9345703125 0.236328125 0.130859375 0.2421875
0 0.5126953125 0.3203125 0.2119140625 0.177734375
0 0.4345703125 0.658203125 0.1357421875 0.1259765625
0 0.05859375 0.6669921875 0.1171875 0.2783203125
0 0.0986328125 0.361328125 0.166015625 0.205078125
0 0.271484375 0.265625 0.1669921875 0.2060546875
0 0.0849609375 0.94140625 0.169921875 0.1171875
0 0.140625 0.1044921875 0.205078125 0.1982421875
0 0.3515625 0.46484375 0.2109375 0.1953125
0 0.94140625 0.451171875 0.1171875 0.16796875
0 0.8994140625 0.0546875 0.189453125 0.109375
0 0.587890625 0.0390625 0.2646484375 0.078125
0 0.1337890625 0.056640625 0.1826171875 0.1123046875
0 0.373046875 0.748046875 0.16796875 0.1357421875
0 0.0244140625 0.0419921875 0.048828125 0.0830078125
0 0.8125 0.9609375 0.212890625 0.078125
0 0.9013671875 0.4072265625 0.142578125 0.1806640625
0 0.41015625 0.5068359375 0.23046875 0.1904296875
0 0.08984375 0.8916015625 0.15625 0.171875
0 0.8271484375 0.8037109375 0.23828125 0.2099609375
0 0.7158203125 0.15234375 0.2255859375 0.220703125
0 0.615234375 0.4794921875 0.1708984375 0.1962890625
0 0.640625 0.869140625 0.185546875 0.2607421875
0 0.265625 0.9091796875 0.1591796875 0.1806640625
0 0.3427734375 0.083984375 0.1826171875 0.16796875
0 0.181640625 0.4814453125 0.123046875 0.1650390625
0 0.537109375 0.626953125 0.123046875 0.10546875