0 0.49135561342592593 0.5084635416666667 0.31867766203703707 0.30379050925925943
0 0.20731336805555556 0.33665364583333335 0.2045862268518518 0.24239004629629624
0 0.7189742476851851 0.05495515046296297 0.2031105324074074 0.10991030092592594
0 0.265234375 0.8815538194444444 0.2094907407407407 0.1782841435185185
0 0.06807002314814815 0.24032118055555557 0.08868634259259259 0.19063946759259254
0 0.7818865740740741 0.6564308449074074 0.3026475694444444 0.2755208333333332
0 0.10866608796296297 0.08253761574074074 0.11967592592592594 0.16507523148148148
0 0.5108362268518518 0.05953414351851852 0.16229745370370363 0.11906828703703703
0 0.6116247106481482 0.8414785879629629 0.39622395833333335 0.26935763888888875
0 0.06424334490740741 0.44385127314814815 0.11737557870370371 0.1513599537037037
0 0.9711805555555555 0.04989872685185186 0.05763888888888902 0.08940972222222224
0 0.5123480902777777 0.34203559027777775 0.2016203703703705 0.17391493055555562
0 0.8582826967592593 0.3623336226851852 0.28343460648148144 0.3470920138888889
0 0.9265914351851852 0.1482638888888889 0.14681712962962967 0.1962962962962963
0 0.8017650462962963 0.15090422453703703 0.20193865740740735 0.19539930555555557
0 0.8928602430555556 0.03652705439814815 0.13000578703703702 0.0730541087962963
0 0.31086516203703707 0.014076967592592592 0.12173032407407414 0.028153935185185185
0 0.10631510416666666 0.6446614583333333 0.1978732638888889 0.31614583333333335
0 0.08196614583333332 0.8484302662037038 0.1414207175925926 0.19376446759259247
0 0.2349826388888889 0.6868851273148149 0.10988136574074076 0.17238136574074092
0 0.32643952546296295 0.7244719328703704 0.20878182870370376 0.2621527777777777
0 0.5591652199074074 0.20339988425925926 0.3359953703703704 0.28725405092592593
0 0.8700593171296296 0.8681929976851852 0.1879484953703705 0.17310474537037024
0 0.33447627314814815 0.27731481481481485 0.1537760416666667 0.23742766203703702
0 0.2360966435185185 0.1023220486111111 0.15640914351851853 0.15172164351851852
0 0.30975115740740744 0.45569299768518523 0.10898437499999991 0.1118344907407407