0 0.327734375 0.12032696759259259 0.32109374999999996 0.24065393518518519
0 0.38457031250000007 0.7663628472222221 0.35768229166666665 0.33612557870370363
0 0.5731770833333334 0.9342592592592593 0.1625000000000001 0.09837962962962976
0 0.8138020833333334 0.8628038194444445 0.22968750000000004 0.22902199074074092
0 0.2498046875 0.5510633680555556 0.21367187499999996 0.2519386574074074
0 0.14596354166666667 0.9074435763888888 0.29192708333333334 0.1636140046296295
0 0.69453125 0.21040943287037037 0.16861979166666652 0.1901765046296296
0 0.0962890625 0.7465856481481481 0.192578125 0.3701099537037038
0 0.5404296875 0.1681929976851852 0.2391927083333334 0.25464409722222225
0 0.47923177083333335 0.027416087962962965 0.1860677083333333 0.05483217592592593
0 0.6813151041666667 0.08109085648148148 0.20494791666666679 0.16218171296296297
0 0.10390625 0.037651909722222224 0.159375 0.07530381944444445
0 0.06171875 0.3319878472222222 0.1234375 0.3321180555555556
0 0.9364583333333334 0.5433883101851852 0.06119791666666652 0.15775462962962972
0 0.7285807291666666 0.9715639467592593 0.12955729166666652 0.013585069444444375
0 0.9194010416666667 0.346043113425926 0.12578124999999996 0.22009548611111107
0 0.809375 0.1982349537037037 0.16875000000000018 0.22136863425925923
0 0.3505859375 0.9544994212962963 0.1860677083333333 0.07178819444444451
0 0.6731119791666667 0.7802300347222222 0.2582031250000001 0.24741030092592586
0 0.06048177083333334 0.044516782407407404 0.07825520833333333 0.08903356481481481
0 0.9657552083333334 0.06024305555555556 0.06458333333333321 0.12048611111111111
0 0.10908203125 0.6710141782407407 0.2181640625 0.2848090277777777
0 0.5149739583333334 0.5500289351851853 0.20442708333333326 0.17174479166666679
0 0.6916666666666667 0.4872902199074074 0.2139322916666666 0.2266059027777778
0 0.8686197916666667 0.6545572916666667 0.16979166666666679 0.17851562499999996
0 0.15618489583333334 0.37645399305555555 0.17513020833333331 0.1708767361111111
0 0.8471354166666667 0.061657262731481484 0.21562499999999996 0.12331452546296297
0 0.1314453125 0.14814814814814814 0.21328125000000003 0.18760127314814812
0 0.5188151041666667 0.3754557291666667 0.2947916666666668 0.2406973379629629
0 0.8576171875 0.4979673032407408 0.19921875 0.18133680555555554
0 0.3482421875 0.27330005787037037 0.1322916666666667 0.11307870370370365
0 0.24303385416666667 0.34561631944444443 0.10468750000000004 0.0791232638888889
0 0.7920572916666666 0.3410445601851852 0.14635416666666679 0.14858217592592593