0 0.3367404513888889 0.12915581597222223 0.26142939814814814 0.25831163194444445
0 0.4946759259259259 0.6917534722222223 0.1723668981481481 0.15341435185185182
0 0.789011863425926 0.6040002893518519 0.1670283564814814 0.17081886574074057
0 0.6309389467592593 0.2749927662037037 0.26837384259259256 0.23236400462962958
0 0.24584780092592595 0.8571903935185186 0.16880787037037037 0.16501736111111098
0 0.3609809027777778 0.9230541087962962 0.1679398148148148 0.13572048611111098
0 0.11121238425925925 0.13232783564814815 0.20759548611111112 0.22275752314814812
0 0.06916956018518519 0.8413773148148148 0.13833912037037038 0.21958912037037037
0 0.11702835648148148 0.2816261574074074 0.23405671296296296 0.29221643518518525
0 0.28680555555555554 0.5944878472222221 0.22430555555555554 0.1939814814814813
0 0.9162109375 0.9212384259259259 0.11433738425925943 0.10486111111111107
0 0.08996672453703704 0.5742838541666666 0.17993344907407408 0.2537760416666668
0 0.6410517939814815 0.009848813657407408 0.1748697916666666 0.019697627314814815
0 0.9132740162037036 0.5593388310185186 0.14775752314814827 0.31074942129629624
0 0.26004774305555556 0.021281828703703702 0.23185763888888888 0.042563657407407404
0 0.11266637731481481 0.9453414351851852 0.22533275462962962 0.10873842592592586
0 0.3501663773148148 0.33307291666666666 0.22132523148148153 0.2251157407407407
0 0.5659939236111111 0.5569444444444445 0.27324942129629637 0.19933449074074083
0 0.6950882523148147 0.7443576388888888 0.25176504629629637 0.1986979166666667
0 0.48899016203703705 0.8177879050925926 0.1361689814814815 0.11721643518518521
0 0.3113208912037037 0.7879267939814815 0.23964120370370368 0.18467881944444442
0 0.8575159143518518 0.07021122685185185 0.13007812499999982 0.10923032407407407
0 0.9228081597222222 0.1717013888888889 0.14859664351851842 0.207349537037037
0 0.885619212962963 0.025651041666666666 0.22876157407407405 0.05130208333333333
0 0.5534215856481481 0.12507957175925927 0.21316550925925926 0.21316550925925926
0 0.7418041087962963 0.4190393518518518 0.22293113425925926 0.21345486111111112
0 0.8357566550925926 0.2777054398148148 0.12042824074074066 0.11284722222222221
0 0.9213324652777778 0.35322627314814814 0.13846932870370376 0.12899305555555562
0 0.912962962962963 0.8003472222222222 0.12905092592592604 0.14042245370370376
0 0.7782624421296296 0.9009331597222222 0.2017216435185185 0.1562355324074074
0 0.5945529513888889 0.910279224537037 0.24641203703703707 0.14975405092592586
0 0.03125 0.0634765625 0.0625 0.126953125
0 0.110546875 0.02480830439814815 0.07962962962962963 0.0496166087962963