0 0.5976924189814815 0.5632378472222221 0.16427951388888884 0.1664062500000001
0 0.9136284722222222 0.48316695601851856 0.17274305555555558 0.25079571759259256
0 0.3196614583333333 0.11893084490740741 0.2016059027777778 0.17281539351851855
0 0.21545862268518517 0.573191550925926 0.20703125 0.21388888888888902
0 0.7181351273148148 0.7055700231481481 0.189453125 0.21362847222222214
0 0.8857060185185186 0.952734375 0.2285879629629628 0.09453124999999996
0 0.2181712962962963 0.3829065393518518 0.2082609953703704 0.194386574074074
0 0.9554398148148149 0.2533781828703704 0.08912037037037024 0.22990451388888888
0 0.8153935185185186 0.8807436342592593 0.16189236111111116 0.15465856481481488
0 0.7388237847222222 0.5262876157407408 0.17910879629629628 0.1451533564814813
0 0.629955150462963 0.43292824074074077 0.15125868055555536 0.13107638888888884
0 0.1450737847222222 0.016789641203703704 0.14171006944444442 0.03138020833333333
0 0.7604166666666667 0.055186631944444446 0.17809606481481488 0.06510416666666667
0 0.3642939814814815 0.7442491319444444 0.197265625 0.16103877314814818
0 0.8737702546296295 0.691283275462963 0.20298032407407396 0.2099247685185186
0 0.15758825231481483 0.7763237847222222 0.2368344907407407 0.2279947916666667
0 0.47562210648148145 0.08708043981481481 0.2754629629629629 0.16414930555555557
0 0.08257378472222224 0.8855034722222221 0.10554108796296297 0.1616319444444443
0 0.9390552662037037 0.09593460648148147 0.12188946759259256 0.10338541666666667
0 0.5495153356481481 0.31656539351851853 0.24153645833333326 0.1968315972222222
0 0.6521629050925926 0.9745225694444444 0.20334201388888884 0.05095486111111125
0 0.07819733796296297 0.5301649305555556 0.12557870370370372 0.22829861111111116
0 0.8370587384259259 0.3061848958333333 0.23784722222222232 0.2553385416666667
0 0.7323857060185186 0.1943431712962963 0.22583912037037024 0.24735243055555556
0 0.6387080439814814 0.11584924768518517 0.2010995370370372 0.21184895833333334
0 0.6354890046296297 0.8722222222222222 0.20920138888888884 0.219777199074074
0 0.44118923611111116 0.6331452546296297 0.15234375 0.16037326388888884
0 0.4212601273148148 0.4639973958333333 0.2183159722222222 0.20234375000000004
0 0.4938151041666667 0.7100549768518518 0.13266782407407407 0.1561776620370372
0 0.5831886574074074 0.7250434027777778 0.11993634259259256 0.12866030092592595
0 0.3715277777777778 0.913013599537037 0.1743344907407407 0.17397280092592604
0 0.27824797453703703 0.9508680555555555 0.12579571759259256 0.07604166666666679
0 0.18666811342592593 0.9290147569444445 0.10908564814814814 0.09921874999999991
0 0.970287181712963 0.8158058449074075 0.05942563657407396 0.1728877314814814
0 0.13809317129629628 0.1708984375 0.23509837962962965 0.2338252314814815