0 0.4833984375 0.4912109375 0.2197265625 0.2197265625
0 0.423828125 0.6865234375 0.166015625 0.16015625
0 0.80078125 0.255859375 0.158203125 0.1728515625
0 0.236328125 0.1728515625 0.162109375 0.1904296875
0 0.4267578125 0.2060546875 0.1953125 0.146484375
0 0.31640625 0.8935546875 0.1640625 0.201171875
0 0.7177734375 0.8505859375 0.1884765625 0.2099609375
0 0.6044921875 0.1044921875 0.197265625 0.19140625
0 0.5234375 0.8642578125 0.224609375 0.2666015625
0 0.939453125 0.3984375 0.12109375 0.2099609375
0 0.1953125 0.8896484375 0.1044921875 0.0947265625
0 0.09765625 0.302734375 0.166015625 0.19921875
0 0.10546875 0.935546875 0.173828125 0.12890625
0 0.1591796875 0.78125 0.1943359375 0.1640625
0 0.0830078125 0.041015625 0.146484375 0.0810546875
0 0.369140625 0.3203125 0.2001953125 0.1728515625
0 0.671875 0.376953125 0.1708984375 0.2177734375
0 0.2529296875 0.5458984375 0.185546875 0.298828125
0 0.3369140625 0.02734375 0.1318359375 0.0537109375
0 0.068359375 0.607421875 0.12890625 0.203125
0 0.84375 0.5908203125 0.2255859375 0.3134765625
0 0.8994140625 0.9072265625 0.201171875 0.185546875
0 0.703125 0.6708984375 0.169921875 0.1630859375
0 0.9130859375 0.1845703125 0.173828125 0.181640625
0 0.8515625 0.0654296875 0.2314453125 0.130859375
0 0.591796875 0.59375 0.0927734375 0.1044921875