0 0.1982421875 0.2919921875 0.1552734375 0.2041015625
0 0.0712890625 0.9140625 0.142578125 0.16796875
0 0.2763671875 0.525390625 0.1357421875 0.1904296875
0 0.2529296875 0.876953125 0.162109375 0.2265625
0 0.5947265625 0.3623046875 0.14453125 0.1728515625
0 0.45703125 0.224609375 0.1572265625 0.189453125
0 0.7421875 0.3466796875 0.1708984375 0.23046875
0 0.9189453125 0.474609375 0.138671875 0.2060546875
0 0.0537109375 0.4443359375 0.1064453125 0.26171875
0 0.2373046875 0.1220703125 0.1298828125 0.1494140625
0 0.7119140625 0.1103515625 0.228515625 0.203125
0 0.52734375 0.0576171875 0.169921875 0.115234375
0 0.9072265625 0.267578125 0.17578125 0.2666015625
0 0.0732421875 0.11328125 0.1455078125 0.205078125
0 0.4033203125 0.498046875 0.11328125 0.1064453125
0 0.5146484375 0.4765625 0.125 0.1240234375
0 0.0849609375 0.6328125 0.1572265625 0.16796875
0 0.5927734375 0.7607421875 0.130859375 0.1171875
0 0.681640625 0.6103515625 0.2568359375 0.33984375
0 0.37109375 0.3564453125 0.205078125 0.14453125
0 0.9130859375 0.0654296875 0.173828125 0.130859375
0 0.841796875 0.8671875 0.2607421875 0.265625
0 0.45703125 0.89453125 0.23828125 0.2021484375
0 0.62109375 0.9130859375 0.1298828125 0.1728515625
0 0.1962890625 0.7392578125 0.12890625 0.17578125
0 0.103515625 0.76953125 0.125 0.1396484375
0 0.9130859375 0.66796875 0.173828125 0.1787109375
0 0.3935546875 0.671875 0.2548828125 0.2353515625
0 0.1845703125 0.42578125 0.09765625 0.09765625
0 0.349609375 0.056640625 0.1982421875 0.1123046875