0 0.6742042824074074 0.5546657986111111 0.22235243055555554 0.1923177083333334
0 0.9426866319444445 0.2865234375 0.11462673611111107 0.22921006944444444
0 0.6334490740740741 0.8252604166666666 0.3383101851851853 0.3494791666666668
0 0.1785083912037037 0.9193793402777778 0.25370370370370365 0.13055555555555554
0 0.9693178530092592 0.7224175347222221 0.06136429398148158 0.2066406249999999
0 0.42549189814814814 0.26319444444444445 0.18547453703703698 0.1993055555555555
0 0.9283420138888889 0.9526909722222222 0.12445023148148149 0.09461805555555558
0 0.12098524305555555 0.16371527777777778 0.2041087962962963 0.3012152777777778
0 0.29095775462962964 0.663259548611111 0.23712384259259256 0.22973090277777786
0 0.33390480324074073 0.037673611111111116 0.20296585648148147 0.06501736111111112
0 0.13951099537037034 0.4266493055555556 0.2610821759259259 0.24782986111111116
0 0.8801576967592593 0.8851996527777778 0.1816840277777778 0.203125
0 0.06652199074074074 0.6641276041666666 0.10225694444444444 0.2891927083333332
0 0.07237413194444445 0.7628255208333333 0.10678530092592592 0.24440104166666665
0 0.6894892939814815 0.31297743055555555 0.1548466435185185 0.15373263888888888
0 0.6856915509259259 0.15186631944444445 0.264699074074074 0.23815104166666667
0 0.5970124421296297 0.09036458333333333 0.24089988425925934 0.15954861111111113
0 0.1508246527777778 0.01799045138888889 0.17664930555555558 0.033203125
0 0.26962528935185187 0.30559895833333334 0.18375289351851853 0.2070746527777778
0 0.8732458043981481 0.5778211805555555 0.2535083912037037 0.3710069444444444
0 0.2679181134259259 0.11623263888888889 0.1737557870370371 0.1990451388888889
0 0.9234302662037037 0.142578125 0.15313946759259256 0.16944444444444445
0 0.46987847222222223 0.5754991319444445 0.23822337962962958 0.26684027777777786
0 0.4585792824074074 0.9122395833333333 0.3178819444444445 0.17552083333333335
0 0.3153428819444445 0.5310763888888889 0.14531249999999996 0.16132812500000004
0 0.4622974537037037 0.056141493055555554 0.12771990740740735 0.09457465277777778
0 0.8107783564814814 0.28932291666666665 0.1459490740740741 0.18281250000000004
0 0.6275824652777778 0.3974826388888889 0.3096788194444444 0.24110243055555558