0 0.787109375 0.119140625 0.140625 0.154296875
0 0.921875 0.412109375 0.1396484375 0.22265625
0 0.2685546875 0.078125 0.150390625 0.15625
0 0.576171875 0.076171875 0.2578125 0.15234375
0 0.7626953125 0.900390625 0.1845703125 0.193359375
0 0.9384765625 0.8798828125 0.123046875 0.2294921875
0 0.580078125 0.904296875 0.1904296875 0.19140625
0 0.43359375 0.3642578125 0.169921875 0.2060546875
0 0.0908203125 0.115234375 0.177734375 0.23046875
0 0.8681640625 0.240234375 0.1640625 0.17578125
0 0.2001953125 0.3134765625 0.2568359375 0.2626953125
0 0.064453125 0.48046875 0.1279296875 0.1640625
0 0.7529296875 0.4345703125 0.1865234375 0.2822265625
0 0.9365234375 0.640625 0.1142578125 0.1884765625
0 0.361328125 0.1796875 0.134765625 0.1396484375
0 0.2744140625 0.810546875 0.353515625 0.37890625
0 0.486328125 0.18359375 0.1494140625 0.1640625
0 0.9404296875 0.1044921875 0.119140625 0.2021484375
0 0.5810546875 0.572265625 0.181640625 0.15234375
0 0.666015625 0.689453125 0.19140625 0.1748046875
0 0.26171875 0.537109375 0.271484375 0.15625
0 0.5986328125 0.3369140625 0.1796875 0.1611328125
0 0.0439453125 0.7685546875 0.087890625 0.201171875
0 0.046875 0.9326171875 0.09375 0.134765625