0 0.6163411458333333 0.5275824652777777 0.20234375000000004 0.19756944444444446
0 0.9261067708333333 0.4920138888888889 0.14778645833333348 0.2830729166666667
0 0.36588541666666663 0.06176215277777778 0.22786458333333326 0.11232638888888889
0 0.20052083333333334 0.47738715277777777 0.25494791666666666 0.2552951388888889
0 0.7291015625 0.6978081597222223 0.23710937499999996 0.250998263888889
0 0.8593098958333334 0.9587456597222221 0.23502604166666652 0.08250868055555571
0 0.22708333333333333 0.2761284722222222 0.2536458333333333 0.23576388888888888
0 0.9850260416666667 0.2552083333333333 0.02994791666666652 0.25277777777777777
0 0.8125651041666666 0.8966362847222222 0.1977864583333333 0.18771701388888884
0 0.7731770833333333 0.5105902777777778 0.21484375 0.18029513888888893
0 0.6650390625 0.3950737847222222 0.18242187499999996 0.16202256944444438
0 0.3419270833333333 0.6823784722222223 0.23750000000000004 0.19835069444444442
0 0.8865234375 0.7064453125000001 0.2269531250000001 0.24934895833333348
0 0.14804687500000002 0.6848958333333333 0.22291666666666665 0.2721354166666665
0 0.5335286458333333 0.06061197916666666 0.2936197916666665 0.10403645833333333
0 0.06985677083333333 0.7991970486111111 0.046223958333333315 0.19605034722222214
0 0.5935546875 0.2589192708333333 0.2891927083333332 0.24240451388888895
0 0.6195963541666667 0.9639105902777778 0.2300781249999999 0.07217881944444438
0 0.08333333333333333 0.41627604166666665 0.12760416666666666 0.2466145833333333
0 0.878125 0.2918836805555555 0.2437499999999999 0.30442708333333335
0 0.8026041666666667 0.1767795138888889 0.2684895833333334 0.25364583333333335
0 0.704296875 0.10633680555555555 0.2231770833333333 0.15902777777777777
0 0.6199869791666667 0.860177951388889 0.2592447916666667 0.2612413194444443
0 0.4392578125 0.5772786458333333 0.18815104166666663 0.189453125
0 0.43684895833333337 0.3948784722222223 0.26588541666666665 0.24383680555555554
0 0.4852213541666667 0.6670355902777778 0.16627604166666665 0.1831163194444443
0 0.5798177083333333 0.6964409722222222 0.14869791666666665 0.15347222222222223
0 0.3277994791666667 0.8653862847222222 0.21276041666666667 0.2075520833333333
0 0.22350260416666667 0.8952473958333333 0.15208333333333335 0.11649305555555545
0 0.12623697916666665 0.8550564236111111 0.13554687499999996 0.13172743055555558
0 0.9704427083333333 0.8506076388888889 0.059114583333333304 0.1830729166666667
0 0.19231770833333334 0.09105902777777777 0.24010416666666667 0.17890625