0 0.5922743055555555 0.07855902777777778 0.24704861111111098 0.13628472222222224
0 0.5729600694444444 0.21966145833333334 0.1919270833333333 0.20338541666666665
0 0.1925998263888889 0.9335503472222222 0.1787760416666666 0.13289930555555562
0 0.5222005208333333 0.4830512152777778 0.2641927083333333 0.2928385416666667
0 0.5546440972222222 0.8810329861111111 0.3414062499999999 0.23793402777777772
0 0.8962022569444444 0.3450737847222222 0.20759548611111112 0.35429687500000007
0 0.7385199652777779 0.3785373263888889 0.2925781249999999 0.3403211805555556
0 0.1525824652777778 0.7608289930555556 0.17408854166666665 0.19127604166666679
0 0.3353949652777778 0.3783637152777778 0.26493055555555556 0.23819444444444438
0 0.36855468750000003 0.15753038194444444 0.27417534722222225 0.30282118055555557
0 0.9847005208333333 0.7404947916666667 0.03059895833333348 0.325173611111111
0 0.32124565972222224 0.5761935763888889 0.19596354166666663 0.20933159722222228
0 0.15494791666666669 0.5158854166666667 0.2950520833333333 0.3638020833333333
0 0.1472873263888889 0.2590060763888889 0.2904079861111111 0.3305121527777778
0 0.817209201388889 0.7131293402777777 0.1917968750000001 0.19752604166666665
0 0.37569444444444444 0.8302083333333333 0.3721788194444444 0.32061631944444446
0 0.6411024305555555 0.6945746527777777 0.2694878472222224 0.267578125
0 0.8453993055555555 0.1368923611111111 0.1898437500000001 0.1974826388888889