0 0.138671875 0.138671875 0.197265625 0.1982421875
0 0.525390625 0.09765625 0.1806640625 0.1826171875
0 0.2001953125 0.3076171875 0.1689453125 0.2001953125
0 0.2109375 0.6142578125 0.208984375 0.271484375
0 0.8779296875 0.947265625 0.244140625 0.10546875
0 0.0888671875 0.3916015625 0.1767578125 0.2236328125
0 0.7060546875 0.1943359375 0.2333984375 0.2412109375
0 0.8720703125 0.314453125 0.234375 0.1806640625
0 0.2294921875 0.9140625 0.1494140625 0.166015625
0 0.9296875 0.552734375 0.140625 0.32421875
0 0.42578125 0.5732421875 0.16796875 0.171875
0 0.939453125 0.837890625 0.12109375 0.1904296875
0 0.0546875 0.744140625 0.109375 0.22265625
0 0.6875 0.48828125 0.123046875 0.1591796875
0 0.7294921875 0.818359375 0.19921875 0.1884765625
0 0.0517578125 0.9462890625 0.0869140625 0.099609375
0 0.0400390625 0.0625 0.0791015625 0.1201171875
0 0.123046875 0.830078125 0.1064453125 0.11328125
0 0.3828125 0.26171875 0.29296875 0.35546875
0 0.5732421875 0.400390625 0.1748046875 0.181640625
0 0.46875 0.7265625 0.2099609375 0.1845703125
0 0.42578125 0.89453125 0.19921875 0.2109375
0 0.6044921875 0.865234375 0.228515625 0.26953125
0 0.578125 0.56640625 0.1201171875 0.1494140625
0 0.73046875 0.650390625 0.1689453125 0.1513671875
0 0.8046875 0.541015625 0.1279296875 0.12890625
0 0.3037109375 0.0625 0.146484375 0.125
0 0.90234375 0.0634765625 0.19140625 0.126953125