0 0.318359375 0.4189453125 0.27734375 0.244140625
0 0.310546875 0.8466796875 0.162109375 0.216796875
0 0.5244140625 0.48046875 0.20703125 0.23046875
0 0.0771484375 0.3076171875 0.154296875 0.181640625
0 0.4482421875 0.2900390625 0.15234375 0.150390625
0 0.4794921875 0.056640625 0.158203125 0.11328125
0 0.4716796875 0.9462890625 0.267578125 0.107421875
0 0.1337890625 0.90625 0.232421875 0.1875
0 0.064453125 0.6591796875 0.12890625 0.31640625
0 0.6845703125 0.4931640625 0.134765625 0.16796875
0 0.7978515625 0.9365234375 0.26953125 0.12109375
0 0.3212890625 0.1708984375 0.392578125 0.314453125
0 0.7939453125 0.4853515625 0.162109375 0.208984375
0 0.08984375 0.068359375 0.1796875 0.12890625
0 0.9736328125 0.8017578125 0.052734375 0.166015625
0 0.9482421875 0.259765625 0.099609375 0.279296875
0 0.6005859375 0.1904296875 0.16015625 0.203125
0 0.55078125 0.8115234375 0.234375 0.212890625
0 0.716796875 0.76953125 0.158203125 0.1796875
0 0.8662109375 0.7734375 0.146484375 0.19921875
0 0.951171875 0.6123046875 0.09765625 0.181640625
0 0.2001953125 0.697265625 0.1484375 0.171875
0 0.76953125 0.134765625 0.185546875 0.169921875
0 0.8916015625 0.0888671875 0.205078125 0.177734375
0 0.6806640625 0.056640625 0.220703125 0.11328125
0 0.6494140625 0.349609375 0.119140625 0.1171875
0 0.7734375 0.322265625 0.13671875 0.1328125
0 0.7978515625 0.619140625 0.1171875 0.107421875
0 0.1357421875 0.4580078125 0.16796875 0.162109375
0 0.361328125 0.5869140625 0.099609375 0.115234375