0 0.5078125 0.5546875 0.263671875 0.23046875
0 0.7958984375 0.4208984375 0.1611328125 0.1943359375
0 0.3583984375 0.07421875 0.17578125 0.1435546875
0 0.6689453125 0.9287109375 0.177734375 0.142578125
0 0.9560546875 0.34375 0.087890625 0.16796875
0 0.2158203125 0.666015625 0.251953125 0.2041015625
0 0.900390625 0.048828125 0.1953125 0.09765625
0 0.9443359375 0.162109375 0.111328125 0.203125
0 0.552734375 0.099609375 0.1337890625 0.15625
0 0.34765625 0.8818359375 0.3359375 0.2333984375
0 0.9345703125 0.5361328125 0.1279296875 0.123046875
0 0.0712890625 0.056640625 0.142578125 0.11328125
0 0.509765625 0.3984375 0.169921875 0.126953125
0 0.1513671875 0.3828125 0.291015625 0.2724609375
0 0.1025390625 0.1767578125 0.205078125 0.150390625
0 0.263671875 0.193359375 0.166015625 0.1484375
0 0.1962890625 0.05078125 0.115234375 0.1005859375
0 0.7470703125 0.0576171875 0.103515625 0.115234375
0 0.888671875 0.72265625 0.22265625 0.2578125
0 0.8955078125 0.9208984375 0.208984375 0.158203125
0 0.7236328125 0.744140625 0.080078125 0.1455078125
0 0.6337890625 0.7705078125 0.16015625 0.212890625
0 0.484375 0.2646484375 0.2822265625 0.2099609375
0 0.0869140625 0.89453125 0.173828125 0.2109375
0 0.6845703125 0.3544921875 0.1123046875 0.2001953125
0 0.80078125 0.19921875 0.1298828125 0.1162109375
0 0.6845703125 0.5224609375 0.087890625 0.0869140625