0 0.16654369212962963 0.5828269675925926 0.20261863425925924 0.20127314814814823
0 0.6905743634259259 0.6190465856481482 0.18712384259259252 0.21838831018518512
0 0.3666087962962963 0.8580873842592593 0.22986111111111107 0.1884114583333334
0 0.8553747106481482 0.3827690972222222 0.18300057870370368 0.1889756944444445
0 0.8629050925925925 0.9478515625 0.12343750000000009 0.05638020833333335
0 0.5270399305555555 0.15719762731481482 0.15169270833333348 0.1802372685185185
0 0.917845775462963 0.6484375 0.13204571759259265 0.1640335648148148
0 0.9411168981481481 0.2747829861111111 0.1152199074074074 0.2650752314814815
0 0.5357060185185185 0.30534577546296293 0.24376446759259252 0.22006655092592586
0 0.40145399305555557 0.6354239004629629 0.15734953703703702 0.15306712962962976
0 0.05204716435185185 0.5950882523148149 0.1040943287037037 0.29810474537037024
0 0.11498842592592592 0.2934027777777778 0.2009403935185185 0.2383246527777778
0 0.30397135416666665 0.21945891203703705 0.20290798611111116 0.24033564814814812
0 0.04975405092592593 0.8705078125 0.09950810185185185 0.13789062500000004
0 0.1966796875 0.07791521990740741 0.235546875 0.15583043981481481
0 0.3512297453703704 0.4299262152777778 0.24388020833333335 0.23569155092592597
0 0.9336588541666666 0.4907769097222222 0.12637442129629628 0.18925057870370376
0 0.9307653356481482 0.09055989583333335 0.1376880787037038 0.13491030092592593
0 0.6548683449074074 0.04701967592592593 0.27620081018518516 0.09403935185185186
0 0.19896556712962962 0.032703993055555554 0.19972511574074076 0.06540798611111111
0 0.325658275462963 0.7187065972222222 0.19065393518518525 0.16772280092592595
0 0.7300708912037037 0.9547164351851851 0.22495659722222228 0.05353009259259256
0 0.9105902777777778 0.44166666666666665 0.17337962962962972 0.20821759259259265
0 0.40260416666666665 0.48015046296296293 0.26341145833333335 0.23627025462962958
0 0.054918981481481485 0.825441261574074 0.10983796296296297 0.2006799768518519
0 0.7709997106481481 0.8334129050925926 0.27527488425925917 0.25614872685185186
0 0.7681640625 0.16176938657407408 0.2636284722222222 0.2655671296296296
0 0.6134982638888888 0.47975983796296295 0.20283564814814814 0.23057002314814823
0 0.5736183449074075 0.8548828125 0.22845775462962958 0.262572337962963
0 0.1908347800925926 0.8623191550925926 0.18899016203703706 0.20672743055555554
0 0.4027488425925926 0.07272135416666667 0.21012731481481484 0.14544270833333334
0 0.17845052083333335 0.4252821180555556 0.15176504629629628 0.1900028935185185
0 0.5099609375 0.6175636574074074 0.14155092592592577 0.12916666666666665