0 0.427734375 0.5361328125 0.140625 0.1474609375
0 0.103515625 0.4296875 0.189453125 0.2255859375
0 0.71875 0.1328125 0.1767578125 0.1494140625
0 0.7978515625 0.583984375 0.1767578125 0.1904296875
0 0.3046875 0.6630859375 0.1611328125 0.1904296875
0 0.125 0.9248046875 0.21484375 0.150390625
0 0.8046875 0.3984375 0.1796875 0.171875
0 0.064453125 0.201171875 0.1279296875 0.216796875
0 0.203125 0.822265625 0.140625 0.13671875
0 0.2939453125 0.486328125 0.1591796875 0.125
0 0.4033203125 0.4072265625 0.1318359375 0.115234375
0 0.89453125 0.0302734375 0.1328125 0.060546875
0 0.2978515625 0.025390625 0.166015625 0.05078125
0 0.64453125 0.7353515625 0.1748046875 0.1396484375
0 0.1552734375 0.6337890625 0.1748046875 0.185546875
0 0.8427734375 0.787109375 0.2060546875 0.2001953125
0 0.5712890625 0.0791015625 0.2490234375 0.1572265625
0 0.9326171875 0.9150390625 0.125 0.166015625
0 0.087890625 0.044921875 0.1748046875 0.08984375
0 0.4873046875 0.3017578125 0.2138671875 0.169921875
0 0.35546875 0.95703125 0.1904296875 0.0849609375
0 0.94140625 0.55859375 0.1171875 0.2109375
0 0.2099609375 0.263671875 0.2021484375 0.228515625
0 0.31640625 0.1650390625 0.19140625 0.2216796875
0 0.4111328125 0.0966796875 0.1728515625 0.1923828125
0 0.376953125 0.83203125 0.1787109375 0.1953125
0 0.5751953125 0.6201171875 0.1298828125 0.1416015625
0 0.603515625 0.45703125 0.1904296875 0.1767578125
0 0.521484375 0.689453125 0.111328125 0.1396484375
0 0.4345703125 0.6943359375 0.1025390625 0.1162109375
0 0.630859375 0.900390625 0.1494140625 0.1533203125
0 0.71875 0.95703125 0.1162109375 0.0859375
0 0.8076171875 0.9375 0.0947265625 0.0966796875
0 0.0380859375 0.7451171875 0.076171875 0.162109375
0 0.8955078125 0.203125 0.208984375 0.2080078125