0 0.6126880787037037 0.692455150462963 0.2465567129629629 0.2748987268518519
0 0.1261574074074074 0.900658275462963 0.24192708333333335 0.1967737268518519
0 0.14052372685185185 0.3396267361111111 0.2810474537037037 0.2855902777777778
0 0.4756438078703704 0.5188585069444445 0.3194155092592592 0.3189091435185185
0 0.8462022569444445 0.035228587962962965 0.13962673611111098 0.07045717592592593
0 0.5359881365740741 0.3237991898148148 0.1450520833333333 0.14265046296296302
0 0.9367332175925926 0.8223017939814814 0.03532986111111125 0.13517071759259247
0 0.47770543981481484 0.14309172453703703 0.3375578703703703 0.28618344907407406
0 0.2097366898148148 0.7745298032407407 0.246556712962963 0.2748987268518519
0 0.7259042245370371 0.4449001736111111 0.2211516203703705 0.24134837962962963
0 0.33331886574074077 0.3355830439814815 0.22297453703703707 0.20625000000000004
0 0.0363353587962963 0.2220630787037037 0.0726707175925926 0.1964988425925926
0 0.7772569444444445 0.8461299189814815 0.2798466435185185 0.21099537037037042
0 0.4465133101851852 0.9281105324074075 0.30060763888888886 0.13324652777777768
0 0.031524884259259256 0.44763454861111107 0.06304976851851851 0.25707465277777786
0 0.05698423032407408 0.6414930555555556 0.11396846064814815 0.22284432870370363
0 0.31558159722222223 0.1738787615740741 0.16678240740740735 0.18004918981481483
0 0.4078920717592593 0.8389178240740741 0.33664641203703705 0.31331018518518516
0 0.3081597222222222 0.5954933449074074 0.19296875000000002 0.16092303240740735
0 0.1099537037037037 0.5154947916666667 0.12264178240740739 0.12670717592592595
0 0.7941044560185185 0.28192274305555554 0.3803240740740741 0.3588396990740741
0 0.8882016782407407 0.5381148726851852 0.17035590277777768 0.2074218750000001
0 0.8871383101851852 0.7371744791666667 0.1493344907407408 0.21491608796296302
0 0.7417173032407407 0.6720052083333333 0.1855179398148148 0.19984085648148153
0 0.7334273726851852 0.06062644675925926 0.18548900462962958 0.12125289351851852
0 0.18882378472222222 0.12306857638888889 0.1718315972222222 0.16646412037037037
0 0.07316984953703703 0.14439380787037037 0.14633969907407407 0.15652488425925926
0 0.28741319444444446 0.48457031250000004 0.11976273148148153 0.11105324074074074