0 0.5166015625 0.919921875 0.1728515625 0.16015625
0 0.8046875 0.490234375 0.1494140625 0.16015625
0 0.4853515625 0.4287109375 0.158203125 0.19140625
0 0.1279296875 0.08984375 0.216796875 0.166015625
0 0.1298828125 0.9208984375 0.189453125 0.158203125
0 0.9296875 0.640625 0.140625 0.294921875
0 0.3349609375 0.130859375 0.1494140625 0.1767578125
0 0.80078125 0.8828125 0.2578125 0.232421875
0 0.751953125 0.2646484375 0.1748046875 0.2099609375
0 0.0439453125 0.732421875 0.087890625 0.16015625
0 0.91015625 0.19921875 0.1552734375 0.2138671875
0 0.5546875 0.23828125 0.1455078125 0.15234375
0 0.2958984375 0.447265625 0.1884765625 0.2919921875
0 0.787109375 0.0478515625 0.2236328125 0.0947265625
0 0.21484375 0.71875 0.205078125 0.173828125
0 0.4482421875 0.7978515625 0.1328125 0.1552734375
0 0.322265625 0.90625 0.166015625 0.1708984375
0 0.9443359375 0.03125 0.111328125 0.0625
0 0.5517578125 0.0849609375 0.2177734375 0.1630859375
0 0.052734375 0.2060546875 0.1044921875 0.1767578125
0 0.6181640625 0.4130859375 0.1259765625 0.1826171875
0 0.962890625 0.869140625 0.0732421875 0.21875
0 0.4169921875 0.251953125 0.15625 0.1689453125
0 0.03515625 0.525390625 0.0703125 0.11328125
0 0.138671875 0.3486328125 0.13671875 0.138671875
0 0.1103515625 0.6015625 0.1357421875 0.125
0 0.560546875 0.55078125 0.1337890625 0.087890625
0 0.6376953125 0.5771484375 0.0625 0.0546875
0 0.7451171875 0.673828125 0.19921875 0.173828125
0 0.4853515625 0.6416015625 0.2890625 0.189453125
0 0.587890625 0.8095703125 0.138671875 0.1396484375
0 0.6484375 0.9580078125 0.1142578125 0.0830078125