0 0.644994212962963 0.53515625 0.2114728009259259 0.173828125
0 0.8738353587962964 0.2275390625 0.22194733796296306 0.21875
0 0.673654513888889 0.7880859375 0.32160011574074066 0.318359375
0 0.29597077546296297 0.95703125 0.23751446759259254 0.0859375
0 0.9546730324074074 0.6123046875 0.09065393518518516 0.197265625
0 0.3613570601851852 0.330078125 0.17666377314814818 0.1796875
0 0.9538700810185186 0.8701171875 0.09225983796296289 0.173828125
0 0.09164496527777778 0.310546875 0.1626880787037037 0.2734375
0 0.33653790509259257 0.71875 0.22527488425925923 0.208984375
0 0.21885127314814815 0.1005859375 0.20273437499999997 0.158203125
0 0.14930555555555555 0.5419921875 0.24768518518518517 0.224609375
0 0.650636574074074 0.037109375 0.2583043981481481 0.07421875
0 0.9030309606481481 0.7861328125 0.17298900462962963 0.18359375
0 0.1240162037037037 0.7744140625 0.140625 0.263671875
0 0.14875578703703704 0.8623046875 0.15186631944444445 0.22265625
0 0.8358289930555556 0.0146484375 0.13259548611111116 0.029296875
0 0.6036530671296296 0.3154296875 0.1488425925925927 0.138671875
0 0.5629195601851852 0.171875 0.25112847222222223 0.216796875
0 0.4661530671296296 0.1044921875 0.23699363425925923 0.208984375
0 0.0712818287037037 0.115234375 0.1374710648148148 0.14453125
0 0.23581452546296297 0.4033203125 0.17712673611111113 0.1875
0 0.8329427083333334 0.509765625 0.26209490740740726 0.3359375
0 0.9508391203703703 0.4140625 0.09832175925925934 0.19140625
0 0.1896122685185185 0.2333984375 0.16689814814814813 0.1796875
0 0.7788266782407407 0.107421875 0.16723090277777786 0.15234375
0 0.8984157986111111 0.08203125 0.1361979166666667 0.123046875
0 0.9124638310185185 0.0224609375 0.07492766203703694 0.044921875
0 0.4730902777777778 0.6005859375 0.22919560185185173 0.2421875
0 0.5462962962962963 0.9130859375 0.2993634259259259 0.173828125
0 0.3272352430555555 0.5947265625 0.13953993055555558 0.146484375
0 0.3452980324074074 0.125 0.1259693287037037 0.115234375
0 0.703298611111111 0.2666015625 0.1406973379629628 0.166015625
0 0.5689380787037037 0.4052734375 0.29225983796296284 0.21875