0 0.482761863425926 0.5032045717592593 0.314453125 0.2725260416666666
0 0.1628978587962963 0.35517939814814814 0.19667245370370368 0.22614293981481481
0 0.6370804398148149 0.030128761574074077 0.1997106481481481 0.060257523148148154
0 0.31611689814814814 0.9102141203703704 0.21031539351851847 0.160257523148148
0 0.8080729166666667 0.6275896990740741 0.29709201388888884 0.24276620370370372
0 0.037608506944444446 0.09067563657407407 0.05568576388888889 0.18135127314814814
0 0.42494212962962963 0.04660734953703704 0.15457175925925926 0.09321469907407408
0 0.6688078703703704 0.852806712962963 0.3941840277777777 0.2690393518518519
0 0.05667679398148148 0.47767650462962963 0.06474247685185186 0.13839699074074074
0 0.9349175347222223 0.012514467592592594 0.13016493055555545 0.02502893518518519
0 0.4764829282407407 0.33121383101851853 0.20008680555555558 0.15215567129629637
0 0.8491898148148148 0.312890625 0.30162037037037037 0.3178530092592593
0 0.8993055555555556 0.08878038194444444 0.20138888888888884 0.1775607638888889
0 0.7410951967592593 0.10815248842592594 0.19756944444444446 0.17547743055555556
0 0.2077835648148148 0.010496238425925926 0.1186921296296296 0.020992476851851852
0 0.11788917824074073 0.6852141203703703 0.17142650462962963 0.29363425925925934
0 0.11878616898148148 0.8984519675925926 0.14104456018518519 0.1757523148148148
0 0.2505425347222222 0.7116102430555555 0.10347222222222219 0.16684027777777777
0 0.35010850694444445 0.7409432870370369 0.19782986111111112 0.2456741898148147
0 0.5010054976851852 0.18374565972222223 0.3325954861111111 0.24966724537037033
0 0.9255497685185186 0.8650101273148147 0.1489004629629629 0.22229456018518512
0 0.2828703703703703 0.28314525462962964 0.14416956018518512 0.2284866898148148
0 0.1504412615740741 0.11195746527777778 0.15435474537037036 0.1371527777777778
0 0.28789062499999996 0.4669126157407408 0.10551215277777781 0.1025607638888889