0 0.3203125 0.408203125 0.263671875 0.232421875
0 0.3056640625 0.82421875 0.1533203125 0.208984375
0 0.5185546875 0.470703125 0.1962890625 0.220703125
0 0.0859375 0.2998046875 0.154296875 0.173828125
0 0.4482421875 0.28515625 0.14453125 0.142578125
0 0.4853515625 0.0576171875 0.1533203125 0.115234375
0 0.462890625 0.9365234375 0.2578125 0.126953125
0 0.1337890625 0.8955078125 0.224609375 0.208984375
0 0.0654296875 0.6376953125 0.1298828125 0.3046875
0 0.673828125 0.486328125 0.12890625 0.1611328125
0 0.779296875 0.9326171875 0.259765625 0.134765625
0 0.3271484375 0.16796875 0.3759765625 0.298828125
0 0.7802734375 0.48046875 0.1533203125 0.2001953125
0 0.09765625 0.0634765625 0.1875 0.126953125
0 0.9619140625 0.791015625 0.076171875 0.16015625
0 0.943359375 0.2646484375 0.1123046875 0.26953125
0 0.5986328125 0.1923828125 0.15234375 0.1943359375
0 0.5380859375 0.79296875 0.224609375 0.2021484375
0 0.7001953125 0.7548828125 0.1494140625 0.171875
0 0.845703125 0.76171875 0.1396484375 0.1904296875
0 0.9423828125 0.6083984375 0.115234375 0.173828125
0 0.201171875 0.6767578125 0.1416015625 0.1650390625
0 0.76171875 0.1396484375 0.1767578125 0.162109375
0 0.892578125 0.0908203125 0.21484375 0.181640625
0 0.6787109375 0.05859375 0.212890625 0.1171875
0 0.642578125 0.3466796875 0.11328125 0.1103515625
0 0.763671875 0.322265625 0.1298828125 0.126953125
0 0.7822265625 0.6103515625 0.11328125 0.1015625
0 0.142578125 0.443359375 0.1611328125 0.154296875
0 0.3583984375 0.572265625 0.0947265625 0.1103515625