0 0.24074797453703706 0.15768229166666667 0.32646122685185186 0.2903645833333333
0 0.508521412037037 0.7316189236111111 0.3665943287037037 0.36349826388888884
0 0.7487123842592593 0.8610026041666666 0.17643229166666652 0.1796440972222222
0 0.9077763310185185 0.7334852430555555 0.16673900462962954 0.31610243055555554
0 0.31168981481481484 0.5749131944444444 0.22455150462962958 0.2646701388888888
0 0.3252242476851852 0.9133680555555556 0.328515625 0.16545138888888888
0 0.6157769097222223 0.14739583333333334 0.1767505787037038 0.2011284722222222
0 0.18132233796296296 0.808203125 0.3297743055555556 0.38220486111111107
0 0.4575593171296296 0.15188802083333333 0.2480758101851852 0.27105034722222227
0 0.35187355324074077 0.04052734375 0.17897858796296306 0.0810546875
0 0.5575954861111111 0.0623046875 0.2051215277777778 0.124609375
0 0.040364583333333336 0.14557291666666666 0.08072916666666667 0.11901041666666667
0 0.06926359953703703 0.43689236111111107 0.13852719907407407 0.33324652777777786
0 0.9559968171296296 0.3780381944444444 0.07845775462962967 0.15598958333333335
0 0.9108217592592592 0.8574001736111111 0.1362123842592593 0.10065104166666661
0 0.8853587962962963 0.2038845486111111 0.16543692129629628 0.22821180555555554
0 0.7198857060185185 0.10965711805555556 0.17910879629629628 0.21931423611111112
0 0.547605613425926 0.9269748263888888 0.19124710648148158 0.12530381944444446
0 0.7848090277777777 0.6649522569444444 0.2655671296296296 0.2655815972222224
0 0.19615162037037037 0.7297743055555556 0.279759837962963 0.30104166666666665
0 0.5607349537037037 0.5020182291666666 0.20978009259259256 0.19014756944444455
0 0.704832175925926 0.39631076388888886 0.22222222222222232 0.2392361111111112
0 0.9161313657407407 0.4990017361111111 0.15512152777777777 0.1908854166666667
0 0.16717303240740738 0.4453559027777778 0.18039641203703705 0.1836371527777778
0 0.7075737847222222 0.022591145833333333 0.20985243055555558 0.045182291666666666
0 0.08874421296296296 0.24605034722222222 0.17748842592592592 0.20321180555555557
0 0.5054615162037037 0.3450954861111111 0.2987702546296296 0.26631944444444444
0 0.8634982638888888 0.3615451388888889 0.20400752314814818 0.19587673611111112
0 0.3138165509259259 0.2995659722222222 0.13457754629629626 0.1220920138888889
0 0.23823784722222224 0.3930121527777778 0.10674189814814816 0.08828124999999998
0 0.7511067708333333 0.2381076388888889 0.15072337962962967 0.15759548611111113