0 0.3515625 0.1484375 0.2451171875 0.2451171875
0 0.51953125 0.697265625 0.162109375 0.142578125
0 0.8017578125 0.62109375 0.15625 0.16015625
0 0.6396484375 0.298828125 0.2529296875 0.216796875
0 0.2841796875 0.849609375 0.1572265625 0.1533203125
0 0.3994140625 0.927734375 0.158203125 0.14453125
0 0.1337890625 0.146484375 0.1943359375 0.208984375
0 0.0966796875 0.830078125 0.1630859375 0.2060546875
0 0.12890625 0.291015625 0.248046875 0.2763671875
0 0.31640625 0.59765625 0.2109375 0.1806640625
0 0.94140625 0.9423828125 0.1171875 0.115234375
0 0.111328125 0.5751953125 0.201171875 0.240234375
0 0.642578125 0.0263671875 0.16796875 0.0517578125
0 0.9287109375 0.583984375 0.142578125 0.294921875
0 0.2744140625 0.0302734375 0.2236328125 0.0595703125
0 0.1494140625 0.9423828125 0.2314453125 0.115234375
0 0.3701171875 0.3466796875 0.2060546875 0.2099609375
0 0.5849609375 0.568359375 0.2578125 0.1845703125
0 0.71484375 0.75390625 0.2373046875 0.1845703125
0 0.517578125 0.8193359375 0.12890625 0.1103515625
0 0.345703125 0.78515625 0.2255859375 0.171875
0 0.8525390625 0.107421875 0.123046875 0.1005859375
0 0.9248046875 0.208984375 0.150390625 0.1953125
0 0.8828125 0.0439453125 0.224609375 0.087890625
0 0.560546875 0.1513671875 0.19921875 0.19921875
0 0.7509765625 0.44140625 0.208984375 0.19921875
0 0.837890625 0.3076171875 0.1142578125 0.1064453125
0 0.9287109375 0.3828125 0.142578125 0.12109375
0 0.93359375 0.814453125 0.1328125 0.1328125
0 0.80078125 0.91796875 0.189453125 0.1630859375
0 0.623046875 0.919921875 0.2353515625 0.1513671875
0 0.041015625 0.068359375 0.08203125 0.13671875
0 0.130859375 0.033203125 0.0751953125 0.0654296875