0 0.5433449074074075 0.4441550925925926 0.2833333333333332 0.2979166666666667
0 0.6483579282407408 0.6312065972222223 0.21245659722222232 0.21757812500000018
0 0.15792824074074074 0.29129050925925926 0.20669849537037033 0.2309027777777778
0 0.7326388888888888 0.08396267361111111 0.21440972222222232 0.16792534722222222
0 0.5407624421296297 0.13389756944444445 0.2397424768518519 0.21138599537037034
0 0.8042607060185185 0.8006004050925926 0.21453993055555554 0.23527199074074057
0 0.37232349537037035 0.8662181712962963 0.24774305555555554 0.2372395833333334
0 0.33705873842592593 0.10343967013888888 0.24377893518518523 0.20687934027777777
0 0.5786241319444445 0.8208043981481481 0.29315682870370363 0.3063078703703703
0 0.06606626157407408 0.47452256944444443 0.13213252314814816 0.25407986111111114
0 0.9303674768518518 0.7755570023148148 0.1278645833333334 0.13057002314814814
0 0.8823350694444445 0.14391637731481483 0.16579861111111116 0.2440972222222222
0 0.9624782986111111 0.7892722800925926 0.06346932870370381 0.13456307870370354
0 0.9107566550925925 0.6556785300925926 0.16957465277777795 0.22675057870370363
0 0.6259114583333333 0.23525028935185185 0.24972511574074074 0.24126157407407406
0 0.3202835648148148 0.38025896990740743 0.2304976851851852 0.2811197916666667
0 0.7971932870370371 0.43692129629629634 0.2643518518518517 0.3709780092592593
0 0.9551866319444444 0.4558666087962963 0.08372395833333335 0.2333767361111111
0 0.18454137731481482 0.6518590856481481 0.3114149305555555 0.39914641203703694
0 0.19419849537037037 0.9294849537037038 0.24305555555555558 0.13153935185185173
0 0.3501663773148148 0.6947554976851852 0.21639178240740742 0.2217158564814814
0 0.06883680555555556 0.2458912037037037 0.13767361111111112 0.23868634259259258
0 0.10037615740740741 0.12489872685185185 0.20075231481481481 0.1603587962962963
0 0.4505642361111111 0.5824074074074075 0.1220630787037037 0.13803530092592586