0 0.7042028356481482 0.4290436921296297 0.33715277777777786 0.3217013888888889
0 0.617896412037037 0.8501736111111111 0.21799768518518525 0.24921875000000004
0 0.48671875 0.45010127314814813 0.2640190972222223 0.2886574074074074
0 0.9313585069444444 0.37089120370370365 0.13728298611111112 0.22439236111111116
0 0.602835648148148 0.27585358796296294 0.1890335648148147 0.19311342592592595
0 0.6222873263888888 0.05951967592592593 0.18598090277777768 0.11903935185185185
0 0.43770254629629635 0.9084201388888888 0.28932291666666665 0.15541087962962963
0 0.7767144097222223 0.8957320601851853 0.2753616898148148 0.14493634259259247
0 0.8984302662037037 0.7169704861111111 0.2031394675925926 0.3504774305555556
0 0.3258101851851852 0.4330150462962963 0.1796730324074074 0.20627893518518525
0 0.1443721064814815 0.8453848379629629 0.24348958333333331 0.18813657407407414
0 0.753638599537037 0.19800708912037038 0.47090567129629624 0.39601417824074076
0 0.2202763310185185 0.4032769097222222 0.21616030092592597 0.2530237268518518
0 0.9477068865740741 0.13159722222222223 0.10458622685185182 0.17549189814814814
0 0.121875 0.1521267361111111 0.16102430555555555 0.3008680555555555
0 0.47387152777777775 0.14854600694444442 0.21403356481481484 0.2470630787037037
0 0.3897352430555555 0.7749565972222222 0.287109375 0.27815393518518516
0 0.2349609375 0.7008246527777777 0.20162037037037034 0.22301793981481488
0 0.10021701388888889 0.675535300925926 0.16698495370370373 0.2387731481481481
0 0.06077112268518518 0.4995732060185185 0.09769965277777778 0.20397858796296298
0 0.7590711805555556 0.7293981481481482 0.19357638888888884 0.2148003472222224
0 0.31909722222222225 0.08550347222222222 0.2280381944444445 0.17100694444444445
0 0.21746961805555556 0.05308159722222222 0.23572048611111113 0.10616319444444444
0 0.4224609375 0.04498697916666666 0.24726562500000004 0.08997395833333333
0 0.3912109375 0.29660734953703705 0.14680266203703707 0.14997106481481481
0 0.2752748842592593 0.2458912037037037 0.1708188657407408 0.17071759259259256
0 0.18701533564814815 0.535083912037037 0.1445601851851852 0.1401041666666667
0 0.875636574074074 0.5042679398148149 0.2089699074074074 0.20779803240740735
0 0.6257957175925926 0.588621238425926 0.12905092592592604 0.1432002314814813