0 0.7929904513888889 0.08031322337962962 0.15147569444444442 0.16062644675925924
0 0.9125651041666667 0.37275752314814814 0.14678819444444446 0.23162615740740744
0 0.26338975694444444 0.0687572337962963 0.16072048611111112 0.1375144675925926
0 0.5788628472222223 0.06297019675925926 0.2719618055555555 0.12594039351851852
0 0.7323567708333334 0.8737340856481481 0.19813368055555536 0.20232928240740744
0 0.904123263888889 0.8478732638888888 0.12369791666666652 0.23857060185185186
0 0.5466796875 0.8835358796296297 0.2036458333333333 0.19473379629629628
0 0.4215711805555556 0.3421947337962963 0.18125000000000002 0.2173032407407407
0 0.0888671875 0.1103515625 0.177734375 0.220703125
0 0.8705295138888889 0.1997974537037037 0.17595486111111103 0.18590856481481483
0 0.18559027777777778 0.2992621527777778 0.2736979166666667 0.279224537037037
0 0.05377604166666666 0.4732711226851852 0.10755208333333333 0.17064525462962965
0 0.74453125 0.40237991898148145 0.20425347222222223 0.29615162037037035
0 0.9168402777777778 0.6056134259259258 0.11805555555555558 0.19936342592592604
0 0.35666232638888884 0.1574074074074074 0.1430555555555555 0.14764178240740738
0 0.23843315972222223 0.7994068287037037 0.37621527777777775 0.3922164351851851
0 0.4834418402777778 0.15661168981481483 0.15980902777777772 0.1736111111111111
0 0.9419053819444445 0.08161530671296297 0.11610243055555536 0.16323061342592593
0 0.5625 0.5495153356481481 0.19249131944444442 0.1631221064814814
0 0.6440755208333333 0.6664134837962963 0.20329861111111125 0.18692129629629628
0 0.23789062500000002 0.526439525462963 0.28446180555555556 0.1704282407407407
0 0.5907552083333333 0.3086299189814815 0.1908854166666667 0.1708622685185186
0 0.027126736111111112 0.7689525462962963 0.054253472222222224 0.20623553240740744
0 0.0255859375 0.9329065393518519 0.051171875 0.13223379629629628