0 0.7270182291666667 0.09919704861111112 0.2391927083333334 0.13540219907407408
0 0.6715060763888889 0.24860387731481481 0.1752459490740741 0.20041956018518525
0 0.10741464120370371 0.9224826388888889 0.1554542824074074 0.15503472222222214
0 0.5651114004629629 0.5134910300925926 0.24033564814814823 0.28969907407407414
0 0.5115740740740741 0.912181712962963 0.3276041666666667 0.17563657407407396
0 0.9539641203703704 0.45274160879629627 0.09207175925925926 0.3583767361111111
0 0.8145471643518518 0.4502821180555555 0.2621817129629629 0.33964120370370376
0 0.11467737268518519 0.7214916087962964 0.15954861111111113 0.1898437500000001
0 0.386328125 0.3626736111111111 0.2515914351851851 0.22780671296296295
0 0.4667751736111111 0.15305989583333335 0.2460503472222222 0.2704716435185185
0 0.02534722222222222 0.12724247685185186 0.05023148148148148 0.19198495370370372
0 0.33219039351851853 0.5658420138888889 0.1791956018518519 0.2064814814814815
0 0.14984809027777776 0.4616970486111111 0.2955295138888889 0.3608940972222222
0 0.18005642361111113 0.19090711805555555 0.32842881944444446 0.32160011574074077
0 0.8299479166666667 0.8161747685185186 0.17714120370370368 0.19270833333333348
0 0.3381438078703704 0.8424117476851852 0.35758101851851853 0.303587962962963
0 0.6469762731481481 0.7588541666666667 0.24986979166666679 0.25895543981481484
0 0.9387876157407408 0.2224392361111111 0.09508101851851847 0.1845486111111111