0 0.09008246527777777 0.19952256944444444 0.1728732638888889 0.24939236111111113
0 0.433984375 0.08956163194444444 0.22734374999999996 0.17912326388888888
0 0.15579427083333336 0.3570746527777778 0.22348090277777777 0.24774305555555554
0 0.24092881944444444 0.6654296875000001 0.2817274305555556 0.33025173611111125
0 0.9290147569444445 0.8325520833333333 0.14197048611111107 0.14461805555555562
0 0.09780815972222222 0.46141493055555555 0.16575520833333332 0.2646701388888889
0 0.6413194444444444 0.1360568576388889 0.30013020833333326 0.2721137152777778
0 0.8386284722222221 0.19952256944444446 0.2856336805555557 0.2427083333333333
0 0.3268229166666667 0.9248263888888889 0.18914930555555554 0.13315972222222228
0 0.9195095486111111 0.4271918402777778 0.16098090277777777 0.3651475694444444
0 0.4491102430555555 0.5720269097222223 0.2163194444444444 0.21818576388888888
0 0.9733940972222221 0.7151909722222223 0.05321180555555571 0.22239583333333313
0 0.13276909722222222 0.8297309027777777 0.1318576388888889 0.2475694444444443
0 0.6938368055555555 0.4202473958333333 0.1665364583333333 0.19453124999999993
0 0.8169053819444444 0.7455078125000001 0.2525173611111111 0.24318576388888902
0 0.20460069444444445 0.9048177083333333 0.13693576388888884 0.1425347222222222
0 0.32983940972222225 0.2661675347222222 0.38789062500000004 0.43828124999999996
0 0.5561197916666667 0.3598307291666667 0.2246527777777778 0.23025173611111116
0 0.530859375 0.7161458333333334 0.2621961805555555 0.2416666666666667
0 0.5241319444444444 0.8730034722222222 0.2515624999999999 0.22170138888888902
0 0.699609375 0.8143229166666667 0.29861111111111116 0.3154079861111112
0 0.6026909722222222 0.5270399305555555 0.16015625 0.1825520833333334
0 0.7769965277777777 0.5740885416666667 0.21154513888888893 0.19848090277777786
0 0.8251085069444444 0.4457248263888889 0.16328124999999982 0.16514756944444442
0 0.20190972222222223 0.09572482638888888 0.17387152777777776 0.14027777777777778
0 0.8108723958333333 0.013671875 0.21549479166666652 0.02734375