0 0.6787109375 0.078125 0.2041015625 0.15625
0 0.615234375 0.2392578125 0.14453125 0.16015625
0 0.06640625 0.8837890625 0.1279296875 0.232421875
0 0.5029296875 0.4716796875 0.1953125 0.234375
0 0.884765625 0.0244140625 0.154296875 0.048828125
0 0.4287109375 0.876953125 0.2783203125 0.22265625
0 0.9072265625 0.42578125 0.1611328125 0.3095703125
0 0.7294921875 0.419921875 0.2119140625 0.275390625
0 0.087890625 0.650390625 0.1298828125 0.15234375
0 0.3544921875 0.3359375 0.2109375 0.17578125
0 0.4423828125 0.1318359375 0.2021484375 0.2587890625
0 0.033203125 0.10546875 0.0654296875 0.1943359375
0 0.9462890625 0.8291015625 0.107421875 0.3173828125
0 0.958984375 0.89453125 0.0810546875 0.2109375
0 0.2919921875 0.515625 0.146484375 0.166015625
0 0.12890625 0.4208984375 0.2578125 0.291015625
0 0.1826171875 0.1796875 0.2734375 0.251953125
0 0.71875 0.74609375 0.146484375 0.1533203125
0 0.2783203125 0.7607421875 0.30078125 0.2333984375
0 0.5595703125 0.69140625 0.2080078125 0.205078125
0 0.8974609375 0.2216796875 0.15234375 0.1552734375