0 0.8280164930555556 0.34759114583333334 0.1904224537037038 0.2427083333333333
0 0.9192635995370371 0.9607421875 0.1582320601851852 0.07851562500000009
0 0.7306134259259259 0.5798828125 0.1684751157407407 0.2256510416666666
0 0.7343388310185186 0.9090494791666667 0.19995659722222214 0.18190104166666665
0 0.4023582175925926 0.35624999999999996 0.1738136574074074 0.2084635416666667
0 0.5566261574074074 0.233984375 0.19001736111111112 0.22903645833333336
0 0.24618778935185184 0.315625 0.21082175925925922 0.2733072916666667
0 0.07488425925925926 0.42213541666666665 0.13171296296296298 0.2348958333333333
0 0.9500868055555556 0.5288411458333333 0.09982638888888884 0.2944010416666667
0 0.7971860532407408 0.1623046875 0.15542534722222223 0.17994791666666665
0 0.2925274884259259 0.1033203125 0.2608362268518518 0.18502604166666667
0 0.4914207175925926 0.07272135416666667 0.18987268518518519 0.09257812500000001
0 0.10071614583333334 0.20846354166666667 0.1728009259259259 0.305859375
0 0.9418981481481481 0.19361979166666665 0.11620370370370381 0.203125
0 0.5975911458333334 0.5310546875 0.13255208333333313 0.13164062500000018
0 0.480396412037037 0.4901041666666667 0.14875578703703707 0.15221354166666656
0 0.9170826099537037 0.7225260416666667 0.16583478009259256 0.20325520833333344
0 0.37970196759259256 0.7757812500000001 0.15243055555555562 0.14466145833333321
0 0.2956814236111111 0.6044921875 0.3160300925925926 0.40312499999999996
0 0.6400969328703704 0.38671875 0.23556134259259265 0.18723958333333335
0 0.10834780092592593 0.03841145833333333 0.14247685185185185 0.071875
0 0.14284577546296295 0.8408854166666666 0.24483506944444444 0.3028645833333332
0 0.5176866319444444 0.9054036458333333 0.2777922453703705 0.18919270833333335
0 0.3411603009259259 0.9137044270833333 0.1576678240740741 0.17259114583333335
0 0.8020109953703703 0.8185546875 0.1582465277777778 0.2093750000000001
0 0.8989293981481481 0.8659505208333333 0.14927662037037037 0.16979166666666679
0 0.08199508101851852 0.6292317708333333 0.13285590277777776 0.20768229166666652
0 0.5981770833333333 0.7152994791666667 0.30107060185185186 0.29296875
0 0.8341652199074074 0.4893229166666666 0.11657986111111107 0.11888020833333335
0 0.6811921296296296 0.09609375 0.21756365740740735 0.10611979166666669