0 0.6943359375 0.121484375 0.181640625 0.16249999999999998
0 0.896484375 0.395703125 0.1953125 0.27864583333333337
0 0.13671875 0.14095052083333331 0.185546875 0.17838541666666663
0 0.4619140625 0.10989583333333333 0.302734375 0.17838541666666669
0 0.82421875 0.9060221354166667 0.2265625 0.1879557291666667
0 0.958984375 0.8705729166666667 0.08203125 0.2320312499999999
0 0.6298828125 0.9194661458333333 0.232421875 0.1610677083333334
0 0.369140625 0.4103515625 0.22265625 0.26874999999999993
0 0.0361328125 0.20162760416666667 0.072265625 0.24309895833333334
0 0.8046875 0.21966145833333334 0.208984375 0.23268229166666665
0 0.13671875 0.3899739583333333 0.2734375 0.35026041666666663
0 0.04296875 0.5809895833333334 0.0859375 0.18932291666666679
0 0.72265625 0.4446614583333333 0.255859375 0.3549479166666666
0 0.939453125 0.6397786458333333 0.12109375 0.23268229166666665
0 0.2548828125 0.22304687499999998 0.171875 0.18723958333333335
0 0.2861328125 0.829296875 0.443359375 0.3414062499999999
0 0.3876953125 0.21041666666666667 0.193359375 0.21796875
0 0.8525390625 0.11933593749999999 0.158203125 0.135546875
0 0.568359375 0.6150390625 0.224609375 0.21419270833333348
0 0.6826171875 0.7300781249999999 0.240234375 0.2406250000000001
0 0.22265625 0.6212890625 0.3203125 0.24401041666666679
0 0.5380859375 0.36009114583333335 0.224609375 0.22200520833333326