0 0.5206163194444444 0.5109375 0.23359375000000004 0.2386718750000001
0 0.5885199652777777 0.7129774305555556 0.17556423611111116 0.17365451388888875
0 0.1872829861111111 0.26197916666666665 0.1680555555555555 0.1869791666666667
0 0.7593967013888889 0.19277343749999998 0.1743055555555557 0.20481770833333335
0 0.5659071180555555 0.2222222222222222 0.2045572916666667 0.16128472222222223
0 0.7083550347222223 0.9088975694444444 0.17647569444444455 0.18220486111111112
0 0.2944878472222222 0.8716145833333333 0.2001302083333334 0.22547743055555558
0 0.3820529513888889 0.11453993055555556 0.2094184027777778 0.20442708333333331
0 0.49578993055555554 0.8732204861111111 0.24036458333333344 0.2535590277777777
0 0.06260850694444445 0.4027777777777778 0.11219618055555555 0.21961805555555558
0 0.8303385416666667 0.9266493055555556 0.10959201388888884 0.10243055555555558
0 0.9048611111111111 0.3289930555555556 0.17842881944444455 0.21475694444444438
0 0.9158745659722223 0.9511610243055555 0.16825086805555545 0.09767795138888902
0 0.8620442708333333 0.8168402777777778 0.20494791666666679 0.17886284722222223
0 0.9128038194444444 0.07178819444444445 0.15373263888888888 0.06927083333333334
0 0.6290147569444444 0.34014756944444446 0.21102430555555562 0.18888888888888888
0 0.3227864583333333 0.38897569444444446 0.18276909722222223 0.23446180555555562
0 0.7571180555555556 0.5731553819444445 0.2021701388888888 0.3172743055555556
0 0.6498480902777778 0.048394097222222224 0.13563368055555558 0.045052083333333326
0 0.9390842013888889 0.6401258680555555 0.12183159722222214 0.2148871527777776
0 0.15679253472222224 0.6020833333333333 0.24353298611111113 0.33472222222222214
0 0.12178819444444444 0.9102864583333333 0.19539930555555557 0.17942708333333335
0 0.3021267361111111 0.6885416666666667 0.17955729166666667 0.177734375
0 0.08311631944444445 0.1841796875 0.16241319444444446 0.196484375
0 0.12842881944444443 0.07204861111111112 0.2390625 0.13355034722222223
0 0.4136067708333333 0.6125217013888888 0.09809027777777768 0.11167534722222205