0 0.8824435763888889 0.6436993634259259 0.20551215277777768 0.20574363425925934
0 0.30909288194444445 0.6090928819444444 0.18841145833333328 0.22631655092592595
0 0.6386935763888889 0.9094979745370371 0.2382378472222222 0.18100405092592586
0 0.15275607638888888 0.33371672453703705 0.18767361111111114 0.19311342592592595
0 0.09351128472222223 0.9566116898148148 0.103515625 0.08677662037037037
0 0.5317274305555555 0.13682002314814815 0.15243055555555562 0.18738425925925928
0 0.06818576388888889 0.6102575231481482 0.11102430555555556 0.16767939814814814
0 0.06002604166666667 0.19917534722222222 0.11736111111111111 0.27725694444444443
0 0.5079210069444444 0.2945818865740741 0.24878472222222214 0.2216435185185185
0 0.6215494791666667 0.667238136574074 0.15950520833333348 0.15458622685185186
0 0.9808159722222223 0.6755859375 0.03836805555555545 0.3111255787037037
0 0.9340603298611111 0.3382450810185185 0.1318793402777778 0.23920717592592589
0 0.7689453125 0.2330078125 0.20060763888888888 0.24840856481481483
0 0.965625 0.9543113425925926 0.06875000000000009 0.0913773148148147
0 0.8841579861111111 0.10632233796296296 0.19800347222222214 0.1312210648148148
0 0.6967881944444445 0.45361689814814815 0.24921874999999982 0.2411747685185185
0 0.06236979166666667 0.436328125 0.10972222222222223 0.19687500000000002
0 0.08578559027777778 0.041514756944444446 0.17087673611111112 0.05177951388888889
0 0.8898871527777779 0.056872106481481485 0.1703993055555557 0.03029513888888888
0 0.6959635416666667 0.7676649305555555 0.19691840277777795 0.17018229166666665
0 0.22858072916666666 0.9720052083333333 0.23962673611111107 0.05598958333333348
0 0.08865017361111112 0.38989438657407405 0.16480034722222223 0.2172887731481481
0 0.6353949652777777 0.5001808449074074 0.2705729166666666 0.236429398148148
0 0.9637152777777778 0.9122685185185185 0.07256944444444446 0.17546296296296293
0 0.20082465277777778 0.8288049768518518 0.280859375 0.26037326388888893
0 0.2720269097222222 0.12628038194444444 0.2645399305555556 0.2283130787037037
0 0.40646701388888884 0.4697771990740741 0.20425347222222223 0.23689236111111112
0 0.4117838541666667 0.8716001157407407 0.22478298611111114 0.2567997685185186
0 0.8284288194444445 0.9164822048611111 0.1917968750000001 0.1670355902777778
0 0.6807291666666666 0.08211805555555557 0.20911458333333321 0.1044849537037037
0 0.8854600694444444 0.4721788194444445 0.14874131944444446 0.19694733796296293
0 0.5056857638888889 0.6329427083333334 0.14531249999999996 0.1304398148148147