0 0.43872974537037035 0.9035590277777779 0.19991319444444455 0.16973379629629637
0 0.1804542824074074 0.4500072337962963 0.1753327546296296 0.1846064814814815
0 0.5257595486111111 0.3910228587962963 0.19062500000000004 0.2162615740740741
0 0.9095558449074075 0.06683304398148149 0.1792679398148147 0.13366608796296298
0 0.8395399305555555 0.9024088541666666 0.1929398148148147 0.14807581018518512
0 0.06262297453703704 0.605222800925926 0.12524594907407408 0.3247106481481481
0 0.7193431712962963 0.08863932291666667 0.17583912037037042 0.17727864583333333
0 0.1472873263888889 0.860597511574074 0.2945746527777778 0.25850694444444455
0 0.2621455439814815 0.20967158564814814 0.20931712962962967 0.2382667824074074
0 0.9306351273148148 0.7251736111111111 0.051880787037037024 0.17314814814814805
0 0.1011574074074074 0.13643663194444444 0.18803530092592594 0.24153645833333337
0 0.47389322916666665 0.18779658564814816 0.17287326388888902 0.1747829861111111
0 0.7253110532407407 0.41631221064814816 0.2334056712962962 0.3267361111111111
0 0.24497974537037037 0.01960358796296296 0.24050925925925926 0.03920717592592592
0 0.7804832175925926 0.7062210648148148 0.23668981481481488 0.20202546296296298
0 0.5238570601851852 0.7850043402777778 0.15734953703703702 0.1762731481481481
0 0.6479166666666667 0.8934606481481482 0.19641203703703702 0.17743055555555554
0 0.4907986111111111 0.05889756944444444 0.24496527777777777 0.11779513888888889
0 0.9704933449074074 0.16333188657407408 0.048885995370370416 0.19061053240740738
0 0.3863498263888889 0.37175202546296293 0.15496238425925923 0.20545428240740748
0 0.01138599537037037 0.8467592592592592 0.02277199074074074 0.24007523148148158
0 0.618236400462963 0.20594618055555555 0.1855034722222224 0.19270833333333331
0 0.9626880787037038 0.5019097222222222 0.025810185185185297 0.12167245370370372
0 0.9012225115740741 0.3145688657407407 0.16034432870370363 0.15881076388888893
0 0.8980396412037037 0.5828052662037038 0.14390914351851847 0.14272280092592604
0 0.43328993055555554 0.5195457175925926 0.15164930555555567 0.10394965277777768
0 0.3490668402777778 0.5454427083333333 0.07355324074074066 0.06458333333333321
0 0.22296006944444444 0.6457103587962962 0.23093171296296294 0.20380497685185173
0 0.5022931134259259 0.6179325810185186 0.3296006944444443 0.22622974537037033
0 0.37516637731481484 0.7942853009259259 0.16239872685185186 0.16082175925925934
0 0.2972583912037037 0.9428530092592593 0.1293547453703704 0.08768807870370354