0 0.6844401041666667 0.8831380208333333 0.22148437499999996 0.1952401620370372
0 0.83515625 0.38317418981481477 0.2026041666666667 0.20428240740740744
0 0.5014322916666667 0.4141348379629629 0.22044270833333335 0.23806423611111116
0 0.09147135416666667 0.1826171875 0.172265625 0.216796875
0 0.29791666666666666 0.9444444444444444 0.23281249999999998 0.10214120370370372
0 0.9430338541666667 0.49873408564814814 0.11393229166666652 0.32935474537037046
0 0.259375 0.1607349537037037 0.2075520833333333 0.22005208333333331
0 0.8920572916666667 0.767578125 0.2158854166666666 0.29282407407407396
0 0.7115885416666667 0.17433449074074073 0.24544270833333348 0.2623697916666667
0 0.16757812500000002 0.8396267361111112 0.12916666666666665 0.18402777777777768
0 0.8423177083333333 0.09675202546296297 0.2158854166666666 0.19350405092592593
0 0.5090494791666667 0.20533130787037038 0.1962239583333334 0.19625289351851855
0 0.32024739583333334 0.4864366319444444 0.2842447916666667 0.347583912037037
0 0.6813151041666667 0.014069733796296295 0.24544270833333348 0.02813946759259259
0 0.3270182291666667 0.7788990162037037 0.26302083333333326 0.23379629629629628
0 0.5813151041666667 0.7900390625 0.18437499999999996 0.1938657407407407
0 0.4881510416666667 0.9050925925925926 0.21953124999999996 0.1659432870370372
0 0.45807291666666666 0.08286313657407407 0.2677083333333333 0.16572627314814814
0 0.04928385416666667 0.31340422453703703 0.069921875 0.20131655092592593
0 0.6270182291666666 0.35955584490740744 0.18619791666666652 0.2212094907407407
0 0.3774739583333333 0.2581741898148148 0.21302083333333344 0.2144097222222222
0 0.09322916666666667 0.634837962962963 0.09635416666666669 0.13020833333333348
0 0.13463541666666667 0.43359375 0.18333333333333335 0.1782407407407407
0 0.187109375 0.6920572916666667 0.178515625 0.16442418981481488
0 0.6137369791666667 0.512767650462963 0.16432291666666665 0.1268807870370372
0 0.6972005208333334 0.516529224537037 0.08085937500000018 0.07313368055555558
0 0.8346354166666667 0.5809461805555556 0.2591145833333335 0.23365162037037024
0 0.5682942708333334 0.624095775462963 0.3553385416666668 0.27423321759259256
0 0.7223307291666667 0.7613208912037037 0.18541666666666679 0.18026620370370372
0 0.8254557291666667 0.8837890625 0.13945312499999996 0.1045283564814814