0 0.8143229166666667 0.4114872685185186 0.29908854166666665 0.31135706018518516
0 0.8412760416666667 0.16039858217592592 0.30247395833333335 0.32079716435185185
0 0.5725260416666667 0.650390625 0.31132812499999996 0.2905815972222223
0 0.9009765625 0.8032118055555555 0.19804687499999996 0.21012731481481461
0 0.47975260416666665 0.9491825810185185 0.208984375 0.06922743055555558
0 0.2983723958333333 0.9184100115740741 0.2865885416666667 0.15305266203703694
0 0.2934895833333333 0.34539930555555554 0.24778645833333335 0.27171585648148144
0 0.17799479166666665 0.7443431712962963 0.2134114583333333 0.22322048611111112
0 0.3715494791666667 0.058441840277777775 0.2040364583333334 0.11688368055555555
0 0.9459635416666667 0.4808883101851852 0.10807291666666652 0.323292824074074
0 0.07877604166666666 0.13800636574074074 0.14765625 0.14195601851851852
0 0.5286458333333334 0.2273726851851852 0.3902343749999999 0.36474247685185185
0 0.5848307291666667 0.46748408564814814 0.2989583333333332 0.2802083333333334
0 0.2991536458333333 0.13637876157407408 0.18541666666666667 0.18284143518518514
0 0.8466796875 0.008991608796296294 0.126953125 0.01798321759259259
0 0.57421875 0.07624421296296297 0.25 0.15248842592592593
0 0.07786458333333333 0.5506076388888889 0.10364583333333335 0.3284722222222223
0 0.94609375 0.39675202546296295 0.10781250000000009 0.32298900462962954
0 0.33255208333333336 0.0951171875 0.24062499999999998 0.190234375
0 0.44798177083333335 0.31093026620370373 0.18424479166666674 0.19445891203703702
0 0.3731770833333333 0.7175636574074074 0.22057291666666667 0.2138599537037038
0 0.9610677083333333 0.5545500578703704 0.07786458333333335 0.20889756944444438
0 0.04401041666666666 0.29267939814814814 0.06979166666666667 0.3169849537037037
0 0.5871744791666667 0.7525245949074073 0.478515625 0.46274594907407396
0 0.7123046875 0.06345486111111111 0.21757812499999996 0.12690972222222222
0 0.12819010416666665 0.3500506365740741 0.17343750000000002 0.2075231481481481
0 0.23268229166666665 0.5945167824074074 0.18684895833333337 0.17513020833333348