0 0.2060546875 0.478515625 0.2119140625 0.232421875
0 0.115234375 0.259765625 0.2099609375 0.2548828125
0 0.4853515625 0.6279296875 0.23046875 0.2080078125
0 0.185546875 0.8974609375 0.2490234375 0.2021484375
0 0.6533203125 0.9306640625 0.1787109375 0.1376953125
0 0.8115234375 0.8740234375 0.2265625 0.234375
0 0.6513671875 0.2880859375 0.171875 0.20703125
0 0.8837890625 0.61328125 0.193359375 0.1669921875
0 0.5029296875 0.0439453125 0.1650390625 0.087890625
0 0.060546875 0.5849609375 0.1201171875 0.275390625
0 0.8310546875 0.041015625 0.205078125 0.08203125
0 0.4111328125 0.2431640625 0.2880859375 0.2626953125
0 0.423828125 0.4697265625 0.2216796875 0.2001953125
0 0.58984375 0.1044921875 0.1337890625 0.134765625
0 0.05078125 0.06640625 0.0986328125 0.1318359375
0 0.03125 0.8984375 0.060546875 0.203125
0 0.3203125 0.0849609375 0.1865234375 0.16796875
0 0.947265625 0.412109375 0.1044921875 0.298828125
0 0.0478515625 0.5078125 0.0947265625 0.2802734375
0 0.966796875 0.7548828125 0.0654296875 0.17578125
0 0.5498046875 0.0751953125 0.1875 0.12890625
0 0.5048828125 0.2958984375 0.1279296875 0.146484375
0 0.6796875 0.63671875 0.1591796875 0.15625
0 0.0654296875 0.65625 0.1259765625 0.166015625
0 0.93359375 0.169921875 0.1328125 0.283203125
0 0.5029296875 0.7470703125 0.3408203125 0.3857421875
0 0.1943359375 0.109375 0.162109375 0.150390625
0 0.798828125 0.25 0.1162109375 0.162109375
0 0.771484375 0.4921875 0.13671875 0.126953125