0 0.6538773148148148 0.6836805555555555 0.20005787037037037 0.24635416666666665
0 0.1365234375 0.84375 0.20175057870370372 0.3125
0 0.19320023148148147 0.20815972222222223 0.2816840277777778 0.24036458333333333
0 0.5328920717592592 0.4761501736111111 0.2680844907407407 0.27907986111111116
0 0.955078125 0.06614583333333333 0.08984375 0.09184027777777778
0 0.6132667824074074 0.29552951388888893 0.1234664351851853 0.12369791666666674
0 0.9803530092592593 0.9223090277777778 0.039293981481481444 0.15538194444444442
0 0.5794849537037037 0.11432291666666666 0.28787615740740735 0.20928819444444446
0 0.24136284722222223 0.6667100694444444 0.20005787037037037 0.24635416666666665
0 0.7926721643518518 0.46338975694444445 0.18281250000000004 0.2147569444444445
0 0.40836950231481484 0.2568359375 0.19250578703703702 0.17595486111111114
0 0.07112991898148148 0.07376302083333333 0.14030671296296296 0.1474826388888889
0 0.8039930555555556 0.8976996527777779 0.2535300925925925 0.2046006944444443
0 0.4605830439814815 0.9190538194444444 0.2880063657407407 0.16189236111111116
0 0.05482494212962963 0.28604600694444443 0.09108796296296295 0.25173611111111116
0 0.07907986111111112 0.4904513888888889 0.1162037037037037 0.20937499999999998
0 0.40752314814814816 0.09001736111111111 0.13710937499999998 0.16106770833333334
0 0.43095341435185186 0.8236545138888889 0.2816984953703703 0.35269097222222223
0 0.35815972222222225 0.5112847222222222 0.17074652777777777 0.13255208333333335
0 0.16613136574074075 0.38216145833333337 0.10332754629629631 0.11154513888888884
0 0.8573386863425926 0.3168185763888889 0.28532262731481484 0.30729166666666663
0 0.9385416666666666 0.6016276041666666 0.12291666666666679 0.18103298611111107
0 0.9349681712962963 0.8045572916666667 0.13006365740740744 0.18532986111111116
0 0.7852430555555556 0.6963541666666666 0.15169270833333348 0.17894965277777786
0 0.8475622106481482 0.07345920138888888 0.15410879629629637 0.1126736111111111
0 0.2889322916666667 0.04153645833333333 0.14036458333333335 0.07335069444444445
0 0.1419921875 0.029492187500000003 0.17450810185185184 0.054600694444444445
0 0.3472005208333333 0.3939887152777778 0.1025173611111112 0.09592013888888884