0 0.794921875 0.43362268518518515 0.275390625 0.2950086805555555
0 0.8349609375 0.18001302083333334 0.259765625 0.31442418981481485
0 0.533203125 0.6523871527777778 0.291015625 0.27364004629629646
0 0.8779296875 0.8453703703703703 0.244140625 0.22251157407407396
0 0.41796875 0.9562355324074074 0.2109375 0.08752893518518512
0 0.240234375 0.9144314236111111 0.28125 0.17113715277777786
0 0.2822265625 0.32826244212962963 0.228515625 0.25950520833333335
0 0.1259765625 0.7157769097222222 0.212890625 0.21446759259259274
0 0.3857421875 0.052662037037037035 0.189453125 0.10101273148148149
0 0.939453125 0.516724537037037 0.12109375 0.3133969907407408
0 0.078125 0.1167896412037037 0.15625 0.10467303240740741
0 0.5263671875 0.2275318287037037 0.36328125 0.34448784722222225
0 0.5625 0.47096354166666665 0.279296875 0.26378761574074083
0 0.3056640625 0.12042824074074074 0.171875 0.17314814814814816
0 0.8583984375 0.022960069444444443 0.099609375 0.03394097222222222
0 0.58984375 0.07663483796296296 0.23046875 0.14623842592592592
0 0.0439453125 0.5179036458333333 0.087890625 0.3287760416666665
0 0.943359375 0.43081597222222223 0.11328125 0.31333912037037037
0 0.080078125 0.8843822337962963 0.05859375 0.19184027777777768
0 0.34375 0.0865306712962963 0.224609375 0.16182002314814814
0 0.4384765625 0.30500578703703707 0.16796875 0.18483796296296295
0 0.330078125 0.7036168981481481 0.205078125 0.20269097222222232
0 0.9501953125 0.5900462962962962 0.099609375 0.19800347222222214
0 0.0302734375 0.2570601851851852 0.060546875 0.3188078703703704
0 0.5419921875 0.7687572337962962 0.447265625 0.46248553240740753
0 0.7236328125 0.07078993055555556 0.205078125 0.13237847222222224
0 0.1171875 0.3192274305555556 0.158203125 0.19843750000000004
0 0.2001953125 0.5708188657407407 0.173828125 0.16535011574074066