0 0.4150101273148148 0.15232204861111112 0.2910734953703704 0.28033854166666666
0 0.47693142361111107 0.721853298611111 0.18806423611111112 0.17816840277777768
0 0.7712528935185186 0.7095269097222222 0.18634259259259256 0.19370659722222228
0 0.6719401041666666 0.3552734375 0.2929108796296296 0.27261284722222223
0 0.21455439814814814 0.8206163194444445 0.18625578703703705 0.18784722222222228
0 0.31277488425925926 0.9154079861111111 0.1821759259259259 0.16918402777777786
0 0.1976996527777778 0.11139322916666666 0.23350694444444442 0.21532118055555555
0 0.06654369212962963 0.7600043402777779 0.13308738425925926 0.2387586805555557
0 0.16655092592592594 0.23509114583333335 0.2996383101851852 0.3314670138888889
0 0.2943576388888889 0.5788845486111112 0.24539930555555556 0.22756076388888902
0 0.8439742476851853 0.9912543402777778 0.13164062500000018 0.017491319444444375
0 0.10859375 0.5108072916666666 0.2171875 0.2833333333333332
0 0.7247757523148148 0.08693576388888889 0.17492766203703702 0.08194444444444446
0 0.8984953703703704 0.6956380208333333 0.18831018518518539 0.32651909722222205
0 0.35907118055555554 0.03648003472222222 0.23107638888888893 0.05125868055555556
0 0.09466869212962963 0.8794704861111111 0.18933738425925925 0.16128472222222223
0 0.3945963541666667 0.3429470486111111 0.24580439814814814 0.2549045138888889
0 0.5655671296296296 0.6095052083333333 0.2924479166666667 0.24136284722222223
0 0.6601707175925926 0.8199001736111111 0.2728587962962963 0.23658854166666665
0 0.4516999421296296 0.8419053819444444 0.1484519675925926 0.13932291666666652
0 0.2876157407407407 0.7701171874999999 0.25703125000000004 0.22222222222222232
0 0.9193287037037037 0.21284722222222224 0.14241898148148158 0.12734374999999998
0 0.9381872106481481 0.3250868055555556 0.11847511574074066 0.22387152777777786
0 0.919191261574074 0.15616319444444443 0.15999710648148158 0.12812500000000004
0 0.6215928819444445 0.19179687499999998 0.2358651620370371 0.24275173611111112
0 0.7555049189814815 0.5192491319444444 0.24761284722222232 0.24522569444444442
0 0.8666160300925926 0.40692274305555554 0.13466435185185177 0.1309027777777778
0 0.926808449074074 0.49950086805555555 0.13492476851851842 0.1484809027777777
0 0.8618344907407407 0.9235785590277779 0.14877025462962967 0.1528428819444443
0 0.7136935763888889 0.9483289930555556 0.2187355324074074 0.10334201388888875
0 0.5361617476851852 0.9302300347222222 0.2621093750000001 0.13953993055555558
0 0.12061631944444445 0.037608506944444446 0.1025173611111111 0.06896701388888889