0 0.9176215277777777 0.121484375 0.16388888888888875 0.24296875
0 0.5608796296296297 0.07180989583333333 0.21808449074074066 0.14361979166666666
0 0.8587962962962963 0.28437500000000004 0.21465567129629637 0.2524739583333333
0 0.7890697337962963 0.6052734375000001 0.2699363425925927 0.33619791666666665
0 0.08685619212962963 0.8709635416666667 0.17371238425925925 0.15260416666666665
0 0.9215277777777777 0.3807291666666667 0.1523148148148148 0.26979166666666665
0 0.35638744212962964 0.13248697916666666 0.2872251157407407 0.2649739583333333
0 0.16435908564814816 0.21256510416666666 0.27708333333333335 0.246875
0 0.714771412037037 0.8845052083333333 0.18654513888888902 0.14713541666666674
0 0.08098234953703703 0.457421875 0.16196469907407407 0.37031250000000004
0 0.5758101851851851 0.5375 0.20662615740740753 0.22265625
0 0.03862123842592593 0.753125 0.07724247685185186 0.2242187499999999
0 0.90703125 0.7565104166666667 0.11704282407407396 0.2518229166666668
0 0.3209563078703704 0.4188151041666667 0.15763888888888888 0.19791666666666674
0 0.21399016203703702 0.759765625 0.24195601851851856 0.2484375000000001
0 0.8764901620370371 0.9264322916666667 0.07638888888888884 0.03437499999999982
0 0.8400318287037036 0.841015625 0.13188657407407423 0.1473958333333334
0 0.6787326388888889 0.21930338541666666 0.37226562500000004 0.4386067708333333
0 0.45624276620370374 0.3395182291666667 0.21647858796296293 0.23502604166666663
0 0.5014467592592593 0.69375 0.25366030092592595 0.24726562500000004
0 0.515870949074074 0.8548177083333333 0.24577546296296293 0.23697916666666652
0 0.33459201388888893 0.8180989583333333 0.2874565972222223 0.3295572916666667
0 0.4188440393518519 0.5128255208333333 0.15366030092592586 0.1878906250000001
0 0.2445746527777778 0.583984375 0.20451388888888888 0.20104166666666656
0 0.18887442129629628 0.4608072916666667 0.15740740740740744 0.16666666666666674
0 0.7952329282407408 0.04996744791666667 0.16686921296296298 0.09993489583333334
0 0.17952835648148147 0.018880208333333332 0.20344328703703707 0.037760416666666664