0 0.662109375 0.88671875 0.107421875 0.115234375
0 0.2138671875 0.6953125 0.1123046875 0.1240234375
0 0.8984375 0.8740234375 0.1025390625 0.1240234375
0 0.720703125 0.560546875 0.1220703125 0.103515625
0 0.119140625 0.4052734375 0.0888671875 0.08984375
0 0.751953125 0.771484375 0.1064453125 0.09375
0 0.916015625 0.091796875 0.1181640625 0.1181640625
0 0.37890625 0.6455078125 0.169921875 0.126953125
0 0.8564453125 0.5693359375 0.0927734375 0.1015625
0 0.1611328125 0.87890625 0.09375 0.0927734375
0 0.7451171875 0.3388671875 0.0615234375 0.0615234375
0 0.27734375 0.5234375 0.12109375 0.13671875
0 0.4072265625 0.3916015625 0.1484375 0.1474609375
0 0.4580078125 0.259765625 0.1181640625 0.16015625
0 0.4404296875 0.9306640625 0.201171875 0.138671875
0 0.5966796875 0.0927734375 0.1064453125 0.1005859375
0 0.0712890625 0.4716796875 0.0869140625 0.0849609375
0 0.5625 0.572265625 0.10546875 0.1123046875
0 0.529296875 0.19140625 0.0830078125 0.087890625
0 0.3134765625 0.0751953125 0.072265625 0.0791015625
0 0.97265625 0.3837890625 0.0537109375 0.0751953125
0 0.68359375 0.4150390625 0.087890625 0.1171875
0 0.0546875 0.703125 0.1005859375 0.1103515625
0 0.923828125 0.58984375 0.052734375 0.0517578125
0 0.0673828125 0.8125 0.109375 0.1171875
0 0.9677734375 0.560546875 0.0537109375 0.0576171875
0 0.0478515625 0.1875 0.0869140625 0.1455078125
0 0.5302734375 0.4140625 0.0693359375 0.0703125
0 0.0322265625 0.4052734375 0.0537109375 0.064453125
0 0.671875 0.66796875 0.1201171875 0.119140625
0 0.9755859375 0.953125 0.0478515625 0.09375
0 0.96484375 0.3330078125 0.0693359375 0.1044921875
0 0.10546875 0.9423828125 0.060546875 0.060546875
0 0.2431640625 0.033203125 0.0703125 0.0556640625
0 0.1474609375 0.291015625 0.07421875 0.0712890625
0 0.67578125 0.0517578125 0.0810546875 0.0869140625
0 0.55859375 0.69921875 0.1279296875 0.1416015625
0 0.498046875 0.0322265625 0.1015625 0.064453125
0 0.869140625 0.42578125 0.1611328125 0.125
0 0.060546875 0.298828125 0.07421875 0.0732421875
0 0.4384765625 0.72265625 0.08203125 0.1611328125
0 0.2236328125 0.3544921875 0.1337890625 0.11328125
0 0.4150390625 0.5478515625 0.052734375 0.052734375
0 0.98046875 0.814453125 0.0390625 0.0859375
0 0.66796875 0.25390625 0.076171875 0.0654296875
0 0.7978515625 0.0224609375 0.103515625 0.044921875
0 0.46875 0.4609375 0.0478515625 0.0498046875
0 0.7021484375 0.1845703125 0.10546875 0.099609375
0 0.259765625 0.1357421875 0.0810546875 0.0810546875
0 0.9482421875 0.744140625 0.0732421875 0.0771484375
0 0.869140625 0.3251953125 0.1083984375 0.0986328125
0 0.3544921875 0.4951171875 0.0546875 0.0595703125
0 0.044921875 0.93359375 0.08984375 0.1025390625
0 0.1513671875 0.07421875 0.130859375 0.1396484375
0 0.0263671875 0.05078125 0.052734375 0.09375
0 0.337890625 0.8173828125 0.0947265625 0.0771484375
0 0.634765625 0.7861328125 0.078125 0.0634765625