0 0.42691695601851853 0.18170572916666666 0.14369212962962963 0.15989583333333335
0 0.5921947337962963 0.35670572916666665 0.18098958333333326 0.18776041666666665
0 0.22044994212962965 0.3758463541666667 0.11017071759259256 0.1147135416666667
0 0.3443287037037037 0.7598958333333333 0.21833043981481481 0.22148437499999996
0 0.937767650462963 0.1923828125 0.12446469907407409 0.1235677083333333
0 0.09895833333333333 0.18229166666666669 0.11469907407407406 0.19895833333333335
0 0.5009331597222222 0.4228515625 0.17520254629629628 0.19713541666666656
0 0.9065321180555556 0.990234375 0.04159432870370372 0.01953125
0 0.6059317129629629 0.6299479166666666 0.19904513888888875 0.2533854166666667
0 0.03088107638888889 0.6111328125 0.053891782407407406 0.1597656249999999
0 0.9349103009259259 0.898828125 0.041724537037036935 0.09843749999999996
0 0.2747757523148148 0.8577473958333333 0.1494212962962963 0.14270833333333321
0 0.399537037037037 0.9498697916666667 0.1610532407407408 0.10026041666666652
0 0.2333984375 0.9379557291666667 0.11385995370370372 0.08567708333333335
0 0.7518735532407408 0.8300130208333334 0.2559895833333332 0.2981770833333335
0 0.07492766203703703 0.3641927083333333 0.1320023148148148 0.1630208333333334
0 0.5658781828703704 0.9995442708333333 0.14868344907407405 0.0009114583333333925
0 0.9699291087962962 0.7508463541666667 0.0400028935185186 0.12955729166666674
0 0.640870949074074 0.6029947916666667 0.16341145833333348 0.1865885416666666
0 0.5648292824074074 0.8790364583333333 0.19891493055555554 0.2358072916666667
0 0.6932002314814815 0.15651041666666668 0.2123553240740741 0.20546875000000003
0 0.09562355324074073 0.9180338541666666 0.1781684027777778 0.07044270833333321