0 0.22636718749999998 0.812890625 0.17122395833333331 0.17947048611111116
0 0.3034794560185185 0.3812065972222222 0.1484664351851852 0.13602430555555556
0 0.786255787037037 0.1515842013888889 0.15271990740740748 0.14782986111111107
0 0.32806712962962964 0.6503689236111111 0.1386429398148148 0.1338541666666666
0 0.6805483217592592 0.9044270833333333 0.20379050925925934 0.1587239583333333
0 0.3415943287037037 0.9090277777777778 0.16513310185185182 0.17152777777777772
0 0.9167679398148147 0.8851779513888889 0.1664641203703705 0.13120659722222228
0 0.9366753472222222 0.3982421875 0.12664930555555554 0.16124131944444442
0 0.921997974537037 0.027278645833333334 0.07446469907407405 0.05455729166666667
0 0.7532769097222223 0.7865234375000001 0.17462384259259256 0.22834201388888875
0 0.8933810763888889 0.7658203125 0.11686921296296293 0.12361111111111112
0 0.15080295138888888 0.5712456597222222 0.16553819444444445 0.18519965277777795
0 0.6754050925925926 0.10965711805555556 0.17077546296296298 0.21931423611111112
0 0.07698929398148147 0.8504123263888889 0.05581597222222223 0.17105034722222223