0 0.13745659722222223 0.8286603009259259 0.13420138888888888 0.12677951388888875
0 0.2694010416666667 0.28326822916666666 0.18975694444444446 0.23721064814814818
0 0.8090277777777778 0.21439525462962963 0.08815104166666665 0.09872685185185187
0 0.6891710069444444 0.3336009837962963 0.1279947916666666 0.1186197916666667
0 0.7825520833333333 0.9728515625 0.12243923611111107 0.05429687499999991
0 0.8356553819444444 0.43040364583333335 0.12486979166666656 0.13596643518518525
0 0.18773871527777777 0.9444299768518518 0.12842881944444445 0.11114004629629637
0 0.1880859375 0.6368127893518518 0.14696180555555555 0.1509114583333333
0 0.6913628472222222 0.7028645833333333 0.11032986111111098 0.11562500000000009
0 0.5143229166666666 0.4123408564814815 0.1914496527777778 0.2314670138888889
0 0.8989366319444444 0.19622395833333334 0.061111111111111116 0.06011284722222221
0 0.9275390625 0.5220124421296296 0.10881076388888888 0.12527488425925926
0 0.53359375 0.24311342592592594 0.08576388888888897 0.0888454861111111
0 0.18194444444444444 0.4445384837962963 0.09375 0.09321469907407409
0 0.4997612847222222 0.9675094039351853 0.08407118055555551 0.0649811921296295
0 0.03203125 0.28344907407407405 0.0640625 0.1098668981481481
0 0.637109375 0.9832212094907408 0.08854166666666674 0.03355758101851847
0 0.2918836805555555 0.6586299189814815 0.10659722222222223 0.11929976851851842
0 0.49984809027777777 0.8041160300925926 0.12256944444444451 0.12803819444444442
0 0.8382161458333333 0.10842013888888888 0.11254340277777786 0.12160011574074076
0 0.6063368055555556 0.8535083912037037 0.07148437500000004 0.07436342592592582
0 0.13838975694444444 0.12471788194444444 0.14448784722222224 0.13907696759259258
0 0.5282335069444444 0.9144820601851852 0.07378472222222232 0.08229166666666665
0 0.3900607638888889 0.6526982060185185 0.07573784722222221 0.08240740740740726
0 0.024153645833333334 0.8539424189814815 0.04830729166666667 0.09894386574074066
0 0.9560546875 0.2769603587962963 0.02170138888888884 0.04998553240740744
0 0.26341145833333335 0.06554542824074074 0.09661458333333328 0.07000868055555556
0 0.40008680555555554 0.47117332175925924 0.080078125 0.09240451388888882
0 0.4741753472222222 0.6988064236111111 0.07769097222222232 0.0825231481481481
0 0.8348741319444444 0.5801649305555556 0.12408854166666661 0.11838831018518503
0 0.4740451388888889 0.6136140046296297 0.08159722222222232 0.08275462962962976
0 0.5455512152777777 0.6129557291666666 0.10394965277777768 0.10355902777777781
0 0.03878038194444444 0.1958478009259259 0.07756076388888888 0.10263310185185182
0 0.20277777777777778 0.7248263888888888 0.07725694444444442 0.0727575231481481
0 0.5706380208333334 0.5331741898148148 0.1118489583333333 0.1059751157407407
0 0.2510199652777778 0.7629340277777779 0.06731770833333339 0.06827256944444438
0 0.31137152777777777 0.9573857060185185 0.09444444444444444 0.08522858796296306
0 0.7645616319444444 0.7522424768518519 0.15256076388888884 0.14539930555555558
0 0.4673394097222222 0.2577907986111111 0.06935763888888902 0.07034143518518521
0 0.8972222222222221 0.9517071759259259 0.12986111111111098 0.09658564814814818
0 0.7126519097222221 0.5983796296296295 0.13576388888888902 0.16193576388888875
0 0.8057074652777778 0.8398654513888889 0.18350694444444438 0.18424479166666674
0 0.6357204861111111 0.06019241898148148 0.1387152777777778 0.05302372685185186
0 0.06614583333333333 0.31822193287037037 0.12282986111111113 0.13389756944444442
0 0.9384765625 0.7605902777777778 0.06367187500000004 0.07390046296296293
0 0.3057942708333333 0.9727213541666666 0.10282118055555556 0.054557291666666785
0 0.03420138888888889 0.05774739583333333 0.06840277777777778 0.029557291666666666
0 0.026844618055555554 0.7188295717592592 0.05368923611111111 0.07229456018518521
0 0.14327256944444444 0.43343460648148147 0.0771701388888889 0.0708043981481481
0 0.43187934027777775 0.9234592013888889 0.08763020833333335 0.08700810185185182
0 0.5745442708333333 0.7096498842592593 0.07157118055555545 0.07631655092592604
0 0.10217013888888889 0.6092013888888889 0.06315104166666666 0.06218171296296293
0 0.3849609375 0.1726200810185185 0.11158854166666665 0.1001157407407407
0 0.356640625 0.03875868055555555 0.09852430555555558 0.025318287037037035
0 0.5616319444444444 0.05286458333333333 0.06032986111111116 0.042534722222222224
0 0.011393229166666666 0.12184606481481482 0.022786458333333332 0.12650462962962963
0 0.01906467013888889 0.8733000578703703 0.03812934027777778 0.07481192129629632
0 0.019596354166666666 0.5203486689814815 0.03919270833333333 0.07975983796296293
0 0.9705512152777778 0.6557653356481481 0.010112847222222276 0.09605034722222205
0 0.9216362847222221 0.08203125 0.06688368055555571 0.05850694444444443
0 0.028862847222222224 0.42602719907407405 0.05772569444444445 0.1098668981481481
0 0.04690755208333333 0.6119864004629629 0.09381510416666666 0.1279224537037038
0 0.04832899305555556 0.5208260995370371 0.07634548611111111 0.09607928240740726
0 0.4125 0.9740415219907408 0.061718750000000044 0.05191695601851842
0 0.5214626736111111 0.14154369212962964 0.11488715277777772 0.08667534722222225