0 0.33966290509259256 0.23365162037037038 0.13302951388888884 0.13932291666666669
0 0.5084635416666666 0.7901475694444444 0.18359375 0.1645688657407407
0 0.48224103009259256 0.9665798611111112 0.11335358796296302 0.06684027777777768
0 0.0769314236111111 0.3680555555555556 0.11161747685185186 0.16579861111111116
0 0.5120442708333334 0.43091724537037035 0.171875 0.16413483796296302
0 0.5418475115740741 0.33365885416666663 0.14626736111111116 0.13396990740740744
0 0.4818070023148148 0.8904441550925926 0.11762152777777779 0.11537905092592604
0 0.6511140046296295 0.9482602719907407 0.11566840277777768 0.1034794560185186
0 0.25112123842592593 0.4845558449074074 0.09259259259259256 0.09302662037037035
0 0.6596860532407407 0.6097366898148149 0.15465856481481488 0.14207175925925908
0 0.9343171296296295 0.14952256944444445 0.06264467592592604 0.10944733796296297
0 0.1281105324074074 0.07291666666666667 0.08702256944444442 0.04412615740740741
0 0.1365379050925926 0.8834997106481481 0.050564236111111105 0.07783564814814814
0 0.7877242476851851 0.050600405092592594 0.09497974537037024 0.04636863425925926
0 0.7469256365740741 0.8145616319444444 0.19111689814814814 0.21354166666666652
0 0.13606770833333334 0.7851200810185185 0.09989872685185186 0.1127748842592593
0 0.8751085069444444 0.7086226851851851 0.24978298611111116 0.3040364583333335
0 0.09378616898148148 0.5167100694444444 0.11957465277777779 0.11545138888888884
0 0.7022569444444444 0.5139250578703703 0.08868634259259256 0.09288194444444442
0 0.7791160300925926 0.9548068576388888 0.13794849537037024 0.09038628472222232
0 0.12604890046296297 0.610423900462963 0.11089409722222221 0.1034432870370372