0 0.4340277777777778 0.9254629629629629 0.13260995370370376 0.12881944444444438
0 0.8597222222222223 0.6460141782407407 0.1411168981481481 0.15248842592592604
0 0.1853226273148148 0.9435836226851853 0.13002025462962963 0.10727719907407396
0 0.3092158564814815 0.6056351273148148 0.1483506944444445 0.13318865740740726
0 0.9011284722222221 0.3281032986111111 0.11060474537037024 0.11060474537037046
0 0.3177951388888889 0.8292100694444444 0.1303674768518519 0.11899594907407396
0 0.04567418981481482 0.15601128472222223 0.08625578703703704 0.14500868055555555
0 0.6783058449074074 0.6259765625 0.20201099537037037 0.1660011574074074
0 0.17049334490740742 0.6410228587962963 0.11686921296296293 0.12445023148148149
0 0.945873119212963 0.8241608796296296 0.10825376157407396 0.11468460648148149
0 0.23899739583333335 0.3799768518518518 0.07641782407407405 0.07641782407407405
0 0.7609664351851853 0.4798466435185185 0.15324074074074057 0.1665075231481482
0 0.6002965856481481 0.3682942708333333 0.18300057870370368 0.18300057870370368
0 0.522287326388889 0.2425636574074074 0.15393518518518512 0.18994502314814815
0 0.6691767939814814 0.9116536458333333 0.23061342592592604 0.14343171296296298
0 0.34592737268518514 0.0962890625 0.13054108796296293 0.12485532407407407
0 0.9550745081018519 0.3849609375 0.08985098379629619 0.1045138888888889
0 0.4748263888888889 0.5870442708333333 0.1328993055555555 0.13858506944444438
0 0.4345847800925926 0.1855396412037037 0.10462962962962963 0.10652488425925927
0 0.6350911458333333 0.03520688657407407 0.09049479166666652 0.07041377314814815
0 0.030461516203703704 0.46728153935185185 0.03569155092592593 0.0849681712962963
0 0.3192057291666667 0.44797453703703705 0.11342592592592593 0.13995949074074066
0 0.981394675925926 0.6245008680555555 0.03721064814814801 0.12857349537037033
0 0.10406539351851853 0.6752459490740741 0.06435185185185185 0.064351851851852
0 0.9839916087962963 0.7387297453703703 0.03201678240740735 0.1382812499999999
0 0.059338831018518515 0.6501808449074074 0.056655092592592604 0.06802662037037033
0 0.9185112847222222 0.09007523148148149 0.08872974537037037 0.16264467592592594
0 0.4775752314814815 0.4159143518518519 0.08647280092592591 0.08647280092592591
0 0.977785011574074 0.30921585648148153 0.03718171296296302 0.06940104166666661
0 0.3806423611111111 0.7071252893518518 0.14875578703703707 0.14686053240740726
0 0.034758391203703706 0.41437355324074077 0.0484519675925926 0.12047164351851847
0 0.9913917824074074 0.8713975694444445 0.01721643518518512 0.06377314814814827
0 0.8498625578703703 0.21428674768518519 0.09043692129629632 0.08854166666666663
0 0.25616319444444446 0.06864872685185185 0.09859664351851849 0.10049189814814816
0 0.5040943287037037 0.7171513310185185 0.16122685185185182 0.17259837962962976
0 0.43561197916666666 0.02957175925925926 0.11731770833333333 0.05914351851851852
0 0.12901475694444445 0.4946614583333333 0.1921296296296296 0.16180555555555554
0 0.937550636574074 0.2048466435185185 0.07877604166666652 0.09014756944444446
0 0.6321397569444445 0.7172670717592593 0.11665219907407409 0.18298611111111107
0 0.7828414351851852 0.2944661458333333 0.16236979166666665 0.14531249999999996
0 0.6217881944444444 0.5328414351851852 0.06636284722222219 0.06636284722222219
0 0.09946469907407407 0.9158275462962963 0.03988715277777777 0.09484953703703702
0 0.30339988425925923 0.27739438657407406 0.09221643518518519 0.08274016203703705
0 0.1251880787037037 0.06861979166666667 0.11685474537037033 0.05810185185185185
0 0.551027199074074 0.45381221064814814 0.05837673611111116 0.060271990740740744
0 0.2545572916666667 0.21237702546296294 0.13054108796296293 0.12485532407407407
0 0.7030309606481482 0.07495659722222221 0.1005497685185186 0.10054976851851852
0 0.11085069444444445 0.8382740162037037 0.09055266203703705 0.09244791666666652
0 0.11026475694444444 0.3896556712962963 0.1324363425925926 0.12296006944444449
0 0.6755135995370369 0.4657624421296296 0.06848958333333321 0.0722800925925926
0 0.8060763888888889 0.03611111111111111 0.15902777777777777 0.07222222222222222
0 0.7546875 0.7957392939814815 0.11416377314814818 0.09900173611111107
0 0.44167390046296295 0.8206524884259259 0.09411168981481488 0.08084490740740735