0 0.9029296875 0.32925347222222223 0.11128472222222219 0.1337673611111111
0 0.03826678240740741 0.07647569444444445 0.07607060185185185 0.1282986111111111
0 0.583810763888889 0.35809461805555554 0.1489149305555557 0.17057291666666674
0 0.11040219907407407 0.5921657986111111 0.1090133101851852 0.11219618055555558
0 0.7927589699074074 0.2804036458333333 0.08919270833333348 0.091796875
0 0.3398292824074074 0.9073784722222222 0.1269675925925926 0.13836805555555554
0 0.8737051504629629 0.8631293402777778 0.09924768518518512 0.11176215277777768
0 0.8082103587962963 0.6637586805555555 0.1250723379629628 0.1421874999999999
0 0.26221064814814815 0.1534939236111111 0.12679398148148147 0.12664930555555554
0 0.22393663194444444 0.8021050347222223 0.09924768518518517 0.11176215277777768
0 0.2806640625 0.4096788194444444 0.10729166666666667 0.12773437499999996
0 0.2410300925925926 0.5707248263888889 0.14836516203703703 0.13346354166666674
0 0.08012152777777778 0.9228298611111111 0.10956307870370369 0.14930555555555558
0 0.6270833333333333 0.6405381944444444 0.1880063657407407 0.17426215277777768
0 0.7334273726851852 0.4970486111111111 0.123148148148148 0.1440538194444445
0 0.9501591435185185 0.41705729166666666 0.08927951388888888 0.09765625
0 0.3778501157407408 0.05249565972222222 0.11892361111111116 0.10499131944444444
0 0.4257740162037037 0.5742404513888889 0.11338252314814812 0.1436197916666666
0 0.5125506365740741 0.23129340277777777 0.12714120370370363 0.15008680555555554
0 0.5610677083333333 0.9337022569444444 0.16921296296296306 0.09144965277777772
0 0.658203125 0.6303602430555555 0.1191261574074074 0.13606770833333348
0 0.14970341435185186 0.012890625 0.09794560185185186 0.023871527777777776
0 0.9537254050925925 0.7742621527777778 0.09254918981481497 0.15694444444444455
0 0.9474103009259258 0.09958767361111111 0.0922164351851853 0.16414930555555554
0 0.45915798611111114 0.0026475694444444437 0.10190972222222228 0.005295138888888887
0 0.43019386574074076 0.14700520833333333 0.08942418981481481 0.107421875
0 0.30047019675925923 0.6912109375 0.09921874999999991 0.10980902777777768
0 0.964720775462963 0.6526475694444445 0.07055844907407405 0.10902777777777772
0 0.8573206018518518 0.21890190972222223 0.09508101851851869 0.09401041666666665
0 0.44850260416666665 0.3934244791666667 0.08135127314814816 0.08949652777777772
0 0.37439959490740743 0.01712239583333333 0.09249131944444444 0.03424479166666666
0 0.21403356481481484 0.33153211805555555 0.07339409722222223 0.07938368055555556
0 0.9429470486111111 0.9196614583333333 0.07106481481481475 0.053906250000000044
0 0.020030381944444446 0.36263020833333337 0.03161168981481481 0.15755208333333326
0 0.03419415509259259 0.7909939236111111 0.031119791666666674 0.12434895833333326
0 0.4045066550925926 0.7217664930555555 0.14667245370370374 0.15095486111111112
0 0.09771412037037037 0.3953342013888889 0.15774016203703703 0.2392795138888889
0 0.27410300925925923 0.03657769097222222 0.10464409722222223 0.07315538194444444
0 0.7000578703703704 0.8171006944444444 0.10312499999999991 0.10998263888888893
0 0.9722294560185185 0.34073350694444443 0.055541087962962976 0.09440104166666663
0 0.744191261574074 0.05384114583333333 0.093851273148148 0.10768229166666667
0 0.6725115740740741 0.02877604166666667 0.06767939814814827 0.05755208333333334
0 0.9800564236111111 0.8766493055555555 0.03988715277777777 0.10781250000000009
0 0.04326533564814815 0.6117621527777778 0.06354166666666666 0.07309027777777777
0 0.8415581597222221 0.032486979166666666 0.12452256944444429 0.06497395833333333
0 0.10556278935185184 0.9910807291666667 0.08803530092592593 0.013671875
0 0.9624348958333333 0.014279513888888887 0.04596354166666661 0.028559027777777773
0 0.582935474537037 0.7607421875 0.09697627314814827 0.09019097222222228
0 0.45916521990740744 0.05776909722222222 0.10493344907407409 0.10030381944444444
0 0.5151548032407407 0.02345920138888889 0.0654658564814814 0.04691840277777778
0 0.6550853587962963 0.881640625 0.07336516203703702 0.07743055555555545