0 0.17408854166666665 0.8524305555555556 0.13953993055555558 0.13201678240740744
0 0.25301649305555557 0.2767288773148148 0.2006944444444444 0.24942129629629628
0 0.8049262152777777 0.1722728587962963 0.09205729166666665 0.10293692129629628
0 0.6927083333333333 0.3037471064814815 0.13350694444444455 0.1239872685185186
0 0.8557508680555556 0.9664713541666667 0.12439236111111107 0.06510416666666652
0 0.8547526041666667 0.3946397569444444 0.13194444444444442 0.14149305555555558
0 0.23895399305555554 0.9559461805555556 0.13294270833333333 0.08810763888888884
0 0.2056640625 0.6486906828703703 0.15572916666666664 0.15798611111111116
0 0.7344184027777778 0.6877893518518519 0.11588541666666652 0.12138310185185186
0 0.5210503472222222 0.3949652777777778 0.20247395833333326 0.2416811342592593
0 0.89609375 0.14735243055555555 0.06384548611111107 0.06286168981481483
0 0.9505859375 0.4852430555555556 0.09882812500000004 0.13093171296296302
0 0.5229600694444444 0.21744791666666666 0.08993055555555562 0.09505208333333331
0 0.17877604166666666 0.4486400462962963 0.09778645833333333 0.09729456018518512
0 0.5662543402777778 0.9692563657407407 0.08771701388888897 0.0614872685185186
0 0.02306857638888889 0.2916304976851852 0.035633680555555554 0.11060474537037035
0 0.7079210069444444 0.9826027199074074 0.08884548611111098 0.03479456018518512
0 0.3162977430555556 0.6654730902777777 0.11206597222222214 0.12514467592592604
0 0.5467447916666667 0.804759837962963 0.1298611111111112 0.13556134259259256
0 0.8223090277777778 0.07631655092592593 0.11727430555555562 0.09606481481481483
0 0.6619140625 0.8500072337962963 0.07395833333333335 0.07884837962962976
0 0.10212673611111112 0.1169704861111111 0.153515625 0.14619502314814814
0 0.5873046875000001 0.9174985532407407 0.07803819444444438 0.08680555555555536
0 0.4175347222222222 0.6545862268518519 0.07799479166666667 0.08485243055555558
0 0.9603515625 0.22876880787037038 0.018706597222222232 0.051432291666666685
0 0.2257595486111111 0.06007667824074074 0.09869791666666666 0.05049189814814814
0 0.4084201388888889 0.4639756944444444 0.08411458333333333 0.09678819444444442
0 0.5082248263888889 0.6959997106481481 0.08194444444444438 0.0869502314814814
0 0.869943576388889 0.5513237847222223 0.12764756944444455 0.12377025462962976
0 0.5004340277777778 0.6088686342592593 0.08585069444444438 0.08709490740740744
0 0.5734809027777779 0.6027922453703703 0.10976562500000009 0.10944733796296302
0 0.02486979166666667 0.1970486111111111 0.043229166666666666 0.10112847222222221
0 0.23012152777777778 0.7393663194444444 0.07977430555555554 0.0771122685185186
0 0.5911241319444445 0.5185546875 0.11566840277777768 0.11161747685185186
0 0.2856119791666667 0.7775245949074074 0.06992187499999991 0.07284432870370372
0 0.36896701388888886 0.9645182291666667 0.09947916666666656 0.07096354166666652
0 0.8144965277777778 0.7346643518518519 0.15954861111111107 0.15422453703703698
0 0.4560763888888889 0.23741319444444445 0.07187499999999991 0.07291666666666669
0 0.9537760416666667 0.9334129050925926 0.09244791666666652 0.10177951388888884
0 0.7456380208333333 0.5779441550925926 0.14231770833333335 0.16919849537037046
0 0.8672309027777778 0.8244357638888888 0.19162326388888884 0.19249131944444464
0 0.6116319444444445 0.03631365740740741 0.14123263888888893 0.03255208333333333
0 0.05796440972222222 0.32512297453703703 0.10455729166666666 0.13852719907407407
0 0.9819444444444445 0.7333622685185186 0.03611111111111098 0.0760995370370372
0 0.36252170138888884 0.9819155092592593 0.10455729166666661 0.0361689814814814
0 0.05846354166666667 0.7427662037037037 0.034722222222222224 0.06958912037037024
0 0.13758680555555555 0.43930844907407407 0.08164062500000002 0.07327835648148151
0 0.4891276041666667 0.9343532986111112 0.091796875 0.09121817129629628
0 0.6147352430555556 0.7028718171296297 0.07591145833333335 0.07892071759259256
0 0.11438802083333333 0.6248191550925926 0.06584201388888888 0.06488715277777768
0 0.360546875 0.1538628472222222 0.11553819444444446 0.10575810185185186
0 0.5344184027777779 0.030526620370370374 0.06102430555555571 0.023726851851851853
0 0.024609375 0.5366030092592593 0.027083333333333327 0.0771122685185186
0 0.9045572916666667 0.04521122685185186 0.0630208333333333 0.025752314814814825
0 0.029231770833333337 0.43724681712962965 0.041449652777777776 0.1088686342592593
0 0.061848958333333336 0.6316550925925926 0.08671875 0.12615740740740744
0 0.04993489583333333 0.5346137152777778 0.07834201388888888 0.10047743055555558
0 0.47469618055555557 0.978515625 0.06380208333333337 0.04296875
0 0.49917534722222223 0.11313657407407407 0.12109375 0.09230324074074076