0 0.38760850694444443 0.18040364583333335 0.11996527777777777 0.12760416666666663
0 0.5710720486111112 0.31039496527777777 0.15169270833333348 0.14978298611111107
0 0.23157552083333333 0.40631510416666666 0.09379340277777781 0.09188368055555551
0 0.41573350694444444 0.7432508680555556 0.18541666666666656 0.17395833333333321
0 0.8695095486111111 0.07983940972222223 0.12721354166666665 0.10238715277777777
0 0.06796875000000001 0.24748263888888888 0.11714409722222222 0.17634548611111112
0 0.038585069444444446 0.023307291666666667 0.04592013888888889 0.04592013888888889
0 0.49969618055555554 0.39275173611111114 0.14605034722222232 0.15941840277777786
0 0.9870659722222221 0.8956380208333333 0.025868055555555713 0.12183159722222214
0 0.6333333333333333 0.5645833333333333 0.16089409722222214 0.21245659722222232
0 0.0646484375 0.6690755208333333 0.10273437500000002 0.14283854166666665
0 0.9856228298611112 0.7511501736111111 0.02875434027777768 0.09262152777777777
0 0.37026909722222223 0.849609375 0.12929687499999998 0.10828993055555558
0 0.9905815972222223 0.20655381944444445 0.018836805555555447 0.1313368055555555
0 0.5021918402777777 0.9391493055555555 0.1415364583333334 0.12170138888888893
0 0.3452473958333333 0.9517578125 0.10568576388888884 0.09648437499999996
0 0.03268229166666667 0.9436197916666667 0.025260416666666674 0.0825520833333333
0 0.8037760416666667 0.7235677083333334 0.21232638888888888 0.24288194444444455
0 0.07973090277777778 0.425390625 0.1357638888888889 0.1357638888888888
0 0.6707899305555556 0.968359375 0.14036458333333335 0.06328124999999996
0 0.9906467013888889 0.6029296875000001 0.018706597222222232 0.12174479166666652
0 0.6599826388888889 0.5339409722222223 0.13611111111111107 0.1513888888888888
0 0.027886284722222224 0.7717230902777779 0.023220486111111105 0.07860243055555571
0 0.6397569444444444 0.8097222222222222 0.16436631944444446 0.19301215277777772
0 0.6278428819444445 0.09789496527777777 0.18328993055555554 0.16610243055555557
0 0.2127170138888889 0.9632378472222223 0.17139756944444445 0.07018229166666679