0 0.6259765625 0.203125 0.1025390625 0.115234375
0 0.0263671875 0.8623046875 0.052734375 0.107421875
0 0.5869140625 0.748046875 0.1474609375 0.130859375
0 0.658203125 0.9443359375 0.091796875 0.103515625
0 0.935546875 0.2978515625 0.1279296875 0.1396484375
0 0.5048828125 0.4091796875 0.134765625 0.1337890625
0 0.970703125 0.044921875 0.05859375 0.08984375
0 0.970703125 0.951171875 0.05859375 0.0947265625
0 0.0283203125 0.728515625 0.0556640625 0.0751953125
0 0.4541015625 0.3203125 0.115234375 0.1083984375
0 0.6357421875 0.83984375 0.0927734375 0.0947265625
0 0.486328125 0.919921875 0.08984375 0.0947265625
0 0.7685546875 0.4296875 0.072265625 0.0751953125
0 0.40234375 0.595703125 0.1240234375 0.1142578125
0 0.0283203125 0.193359375 0.056640625 0.0986328125
0 0.7958984375 0.0205078125 0.0771484375 0.041015625
0 0.974609375 0.79296875 0.05078125 0.0703125
0 0.021484375 0.5732421875 0.04296875 0.083984375
0 0.1513671875 0.052734375 0.0751953125 0.0927734375
0 0.3642578125 0.7998046875 0.1435546875 0.1806640625
0 0.953125 0.69921875 0.09375 0.09375
0 0.208984375 0.71484375 0.19921875 0.2568359375
0 0.9287109375 0.44140625 0.1015625 0.091796875
0 0.33984375 0.509765625 0.0693359375 0.076171875
0 0.3662109375 0.94921875 0.115234375 0.0888671875
0 0.9150390625 0.53515625 0.087890625 0.083984375