0 0.125390625 0.16080729166666669 0.13138020833333336 0.12582465277777777
0 0.5258246527777778 0.3774739583333333 0.14522569444444433 0.16710069444444442
0 0.2717013888888889 0.5181423611111111 0.0966579861111111 0.09578993055555562
0 0.9468786168981482 0.6359592013888888 0.10624276620370354 0.17092013888888902
0 0.8387225115740741 0.7307074652777777 0.1172019675925926 0.1157552083333333
0 0.6659143518518519 0.6712673611111111 0.1113425925925926 0.11562500000000009
0 0.26608796296296294 0.20295138888888892 0.14370659722222223 0.13780381944444442
0 0.9889250578703703 0.40753038194444446 0.022149884259259345 0.12000868055555558
0 0.14712094907407408 0.7680121527777777 0.09911747685185185 0.10559895833333321
0 0.10133825231481483 0.8820963541666667 0.11780960648148148 0.1274739583333333
0 0.7204499421296297 0.537868923611111 0.10733506944444438 0.11358506944444446
0 0.04963107638888889 0.35518663194444444 0.06436631944444443 0.11263020833333337
0 0.38248697916666663 0.7547092013888889 0.11854745370370368 0.10407986111111112
0 0.48538049768518515 0.2370876736111111 0.0966579861111111 0.09578993055555551
0 0.37335792824074077 0.8608289930555555 0.10682870370370368 0.10381944444444446
0 0.4052662037037037 0.08411458333333334 0.12316261574074072 0.11783854166666666
0 0.4827618634259259 0.8261935763888889 0.14489293981481477 0.1983072916666666
0 0.7228226273148148 0.13213975694444446 0.10487557870370368 0.10377604166666665
0 0.40901331018518516 0.5514322916666667 0.20392071759259256 0.17035590277777768
0 0.21257233796296296 0.01740451388888889 0.07748842592592592 0.027083333333333334
0 0.9049334490740741 0.9165364583333333 0.12808159722222223 0.13745659722222214
0 0.9148292824074074 0.48658854166666665 0.1295283564814813 0.12773437499999996
0 0.8283781828703705 0.4183376736111111 0.0785734953703705 0.08563368055555554
0 0.825925925925926 0.9821397569444444 0.19794560185185173 0.035720486111111116
0 0.7151620370370371 0.39826388888888886 0.1723668981481481 0.16380208333333335
0 0.9659794560185185 0.9649088541666666 0.06804108796296293 0.07018229166666679
0 0.9552589699074074 0.2779513888888889 0.08948206018518512 0.12526041666666665
0 0.3637876157407407 0.41289062499999996 0.08894675925925921 0.09756944444444438
0 0.08606770833333333 0.6252170138888888 0.11440972222222223 0.13715277777777768
0 0.14952980324074075 0.5134765625 0.14905960648148148 0.12816840277777786
0 0.2287471064814815 0.6303385416666667 0.08844039351851851 0.08780381944444438
0 0.16711516203703702 0.9654947916666667 0.11847511574074077 0.06506076388888893
0 0.3330584490740741 0.666796875 0.10076678240740744 0.09978298611111125
0 0.7715422453703704 0.33806423611111114 0.07826967592592604 0.07977430555555554
0 0.24129774305555554 0.4208984375 0.11780960648148148 0.1274739583333333
0 0.08004918981481482 0.03884548611111111 0.13666087962962964 0.07717013888888889
0 0.7451388888888889 0.054600694444444445 0.12669270833333335 0.07304687500000001
0 0.48617621527777777 0.13956163194444443 0.06388888888888888 0.06579861111111107
0 0.33391927083333334 0.28834635416666665 0.16617476851851853 0.1948784722222222
0 0.5502531828703704 0.09611545138888888 0.07446469907407405 0.08164062500000002
0 0.2739583333333333 0.5240451388888889 0.12673611111111116 0.14913194444444455
0 0.3580439814814815 0.9229166666666666 0.11699942129629626 0.1118489583333333
0 0.5172453703703703 0.9585611979166666 0.13757233796296298 0.08287760416666679
0 0.6069372106481481 0.8318793402777778 0.1576822916666667 0.14396701388888888
0 0.7450593171296296 0.8807942708333334 0.13700810185185164 0.1591145833333334
0 0.8374204282407407 0.16004774305555555 0.1211082175925926 0.11584201388888887
0 0.9897207754629629 0.20355902777777776 0.020558449074074225 0.10217013888888887
0 0.5334418402777779 0.03526475694444445 0.1411024305555557 0.04995659722222223