0 0.33990885416666666 0.8443287037037037 0.13372395833333328 0.1401186342592593
0 0.8130208333333333 0.6689453125 0.1402343749999999 0.15031828703703698
0 0.10546875 0.8165509259259259 0.11093750000000002 0.14814814814814814
0 0.29765625 0.504955150462963 0.14674479166666665 0.1313657407407407
0 0.9258463541666666 0.3740234375 0.10846354166666661 0.11103877314814814
0 0.253125 0.7202329282407407 0.1283854166666667 0.11834490740740744
0 0.12395833333333334 0.041015625 0.14244791666666667 0.08203125
0 0.6451171875 0.6087601273148149 0.19947916666666665 0.16442418981481488
0 0.15735677083333333 0.5055338541666667 0.115234375 0.12514467592592604
0 0.8561848958333333 0.8600622106481481 0.11458333333333348 0.11537905092592604
0 0.2841796875 0.27336516203703703 0.07499999999999996 0.07552083333333337
0 0.7577473958333334 0.48755787037037035 0.1509114583333333 0.16471354166666674
0 0.6304687499999999 0.34487123842592593 0.1812499999999999 0.18250868055555558
0 0.5869140625 0.20677806712962962 0.15247395833333344 0.18815104166666669
0 0.5665364583333333 0.8874059606481481 0.23463541666666665 0.1670283564814814
0 0.4522786458333333 0.044722945601851846 0.12877604166666679 0.08944589120370369
0 0.95986328125 0.44513165509259256 0.08027343750000004 0.10503472222222232
0 0.45891927083333334 0.5244140625 0.12955729166666663 0.13592303240740744
0 0.5161458333333333 0.13154658564814814 0.10234374999999996 0.10669849537037035
0 0.7454427083333333 0.03566261574074074 0.08997395833333321 0.07132523148148148
0 0.05872395833333333 0.3067491319444444 0.05234375000000001 0.08550347222222232
0 0.3445963541666667 0.3552517361111111 0.11223958333333339 0.13852719907407407
0 0.9570638020833333 0.683521412037037 0.08587239583333339 0.13324652777777768
0 0.08600260416666666 0.5245587384259259 0.064453125 0.06307870370370372
0 0.9449869791666667 0.7965856481481481 0.11002604166666652 0.14416956018518512
0 0.05325520833333333 0.4896918402777778 0.045312500000000006 0.06749131944444442
0 0.9775390625 0.1535373263888889 0.044921875 0.16225405092592593
0 0.5029947916666666 0.36118344907407407 0.0854166666666667 0.08600983796296302
0 0.9923177083333333 0.3767361111111111 0.015364583333333348 0.07349537037037035
0 0.34147135416666663 0.6175130208333333 0.14778645833333326 0.14699074074074092
0 0.07005208333333333 0.255859375 0.07408854166666667 0.12015335648148151
0 0.908984375 0.916015625 0.07317708333333339 0.04817708333333326
0 0.8208984375 0.008246527777777773 0.07903645833333339 0.016493055555555546
0 0.9041015625 0.2539424189814815 0.08945312499999991 0.08825231481481488
0 0.3729166666666667 0.015263310185185184 0.09348958333333335 0.030526620370370367
0 0.4568359375 0.6550925925925926 0.15924479166666672 0.17310474537037024
0 0.5563151041666667 0.005895543981481479 0.11263020833333348 0.011791087962962958
0 0.15240885416666666 0.35771122685185186 0.18958333333333333 0.16174768518518512
0 0.9747395833333333 0.26739728009259256 0.05052083333333335 0.08919270833333326
0 0.5795572916666667 0.6852575231481481 0.1171875 0.18359375
0 0.8228515625 0.31589988425925924 0.1592447916666666 0.14395254629629628
0 0.6127604166666667 0.5061487268518519 0.06458333333333321 0.06503182870370372
0 0.36894531249999996 0.19053819444444445 0.09101562500000004 0.08253761574074076
0 0.5634765625 0.4146050347222222 0.05846354166666656 0.06069155092592593
0 0.3375651041666667 0.11729600694444443 0.12682291666666667 0.12405960648148148
0 0.7968098958333334 0.08720341435185185 0.10000000000000009 0.10069444444444445
0 0.070703125 0.677806712962963 0.056510416666666674 0.08969907407407396
0 0.158203125 0.2532552083333333 0.13072916666666667 0.12434895833333337
0 0.6790364583333333 0.4551142939814815 0.0688802083333333 0.07118055555555558
0 0.9597005208333333 0.8979311342592593 0.0805989583333333 0.0771122685185186
0 0.9134114583333333 0.057074652777777776 0.15755208333333348 0.11414930555555555
0 0.677734375 0.7888816550925926 0.11341145833333321 0.09780092592592604
0 0.37421875000000004 0.7407045717592593 0.09283854166666661 0.08072916666666652