0 0.8388671875 0.767578125 0.1123046875 0.1015625
0 0.681640625 0.25390625 0.1513671875 0.201171875
0 0.1630859375 0.212890625 0.072265625 0.08203125
0 0.28515625 0.3203125 0.1083984375 0.095703125
0 0.2333984375 0.9580078125 0.107421875 0.083984375
0 0.150390625 0.41796875 0.1025390625 0.1123046875
0 0.7978515625 0.890625 0.1064453125 0.1103515625
0 0.779296875 0.5869140625 0.123046875 0.1240234375
0 0.3037109375 0.671875 0.091796875 0.095703125
0 0.455078125 0.38671875 0.154296875 0.1953125
0 0.076171875 0.1982421875 0.0498046875 0.048828125
0 0.0654296875 0.5107421875 0.09375 0.1064453125
0 0.4267578125 0.2265625 0.072265625 0.07421875
0 0.7744140625 0.4033203125 0.078125 0.0751953125
0 0.501953125 0.9296875 0.0693359375 0.078125
0 0.939453125 0.2451171875 0.1044921875 0.09375
0 0.375 0.9638671875 0.078125 0.0712890625
0 0.6826171875 0.6123046875 0.0869140625 0.099609375
0 0.4921875 0.759765625 0.1015625 0.1064453125
0 0.1298828125 0.1123046875 0.091796875 0.1015625
0 0.3935546875 0.810546875 0.0595703125 0.0615234375
0 0.7978515625 0.0966796875 0.12109375 0.1142578125
0 0.4716796875 0.8662109375 0.060546875 0.068359375
0 0.791015625 0.9736328125 0.115234375 0.052734375
0 0.587890625 0.611328125 0.0615234375 0.0673828125
0 0.966796875 0.7880859375 0.0654296875 0.087890625
0 0.017578125 0.27734375 0.03515625 0.044921875
0 0.6767578125 0.037109375 0.0849609375 0.0732421875
0 0.568359375 0.4384765625 0.064453125 0.0771484375
0 0.5107421875 0.6572265625 0.0634765625 0.068359375
0 0.16015625 0.560546875 0.103515625 0.0966796875
0 0.505859375 0.578125 0.0673828125 0.068359375
0 0.4375 0.5791015625 0.0859375 0.0849609375
0 0.9296875 0.1611328125 0.1279296875 0.0830078125
0 0.7705078125 0.6708984375 0.064453125 0.0595703125
0 0.4091796875 0.5048828125 0.0927734375 0.0869140625
0 0.7265625 0.7099609375 0.0556640625 0.0576171875
0 0.681640625 0.91015625 0.0771484375 0.0908203125
0 0.0185546875 0.7587890625 0.037109375 0.044921875
0 0.2373046875 0.7216796875 0.1279296875 0.119140625
0 0.4912109375 0.23828125 0.056640625 0.056640625
0 0.11328125 0.93359375 0.130859375 0.09765625
0 0.27734375 0.5732421875 0.109375 0.1357421875
0 0.2021484375 0.8076171875 0.15234375 0.150390625
0 0.31640625 0.037109375 0.125 0.07421875
0 0.8779296875 0.2783203125 0.1015625 0.1103515625
0 0.0673828125 0.73828125 0.05859375 0.060546875
0 0.6904296875 0.935546875 0.0859375 0.08203125
0 0.900390625 0.0185546875 0.078125 0.037109375
0 0.9560546875 0.6591796875 0.076171875 0.05859375
0 0.810546875 0.3916015625 0.06640625 0.0556640625
0 0.5634765625 0.87109375 0.072265625 0.0712890625
0 0.630859375 0.9794921875 0.060546875 0.0400390625
0 0.4150390625 0.6728515625 0.0595703125 0.0625
0 0.859375 0.556640625 0.052734375 0.05078125
0 0.5654296875 0.1533203125 0.09375 0.080078125
0 0.587890625 0.015625 0.0908203125 0.029296875
0 0.98046875 0.962890625 0.0380859375 0.0625
0 0.3896484375 0.04296875 0.0517578125 0.046875
0 0.9560546875 0.087890625 0.0810546875 0.111328125
0 0.9697265625 0.806640625 0.0517578125 0.0654296875
0 0.953125 0.4697265625 0.0654296875 0.06640625
0 0.017578125 0.640625 0.0341796875 0.0908203125
0 0.037109375 0.0634765625 0.0732421875 0.1044921875
0 0.94921875 0.380859375 0.1015625 0.09375
0 0.9287109375 0.5595703125 0.1005859375 0.10546875
0 0.90625 0.4697265625 0.060546875 0.08203125
0 0.5859375 0.927734375 0.0498046875 0.0625
0 0.43359375 0.130859375 0.1005859375 0.0673828125