0 0.6240234375 0.2119140625 0.107421875 0.1162109375
0 0.447265625 0.326171875 0.13671875 0.1328125
0 0.7685546875 0.435546875 0.083984375 0.08203125
0 0.5908203125 0.7451171875 0.16796875 0.15625
0 0.169921875 0.0732421875 0.115234375 0.125
0 0.9375 0.2939453125 0.125 0.162109375
0 0.96875 0.0517578125 0.0625 0.1025390625
0 0.5146484375 0.408203125 0.1298828125 0.1435546875
0 0.02734375 0.8603515625 0.0546875 0.115234375
0 0.7939453125 0.0224609375 0.07421875 0.044921875
0 0.3857421875 0.564453125 0.1416015625 0.193359375
0 0.939453125 0.6943359375 0.12109375 0.130859375
0 0.03125 0.7236328125 0.0615234375 0.0869140625
0 0.6328125 0.849609375 0.1171875 0.0966796875
0 0.029296875 0.2041015625 0.05859375 0.123046875
0 0.505859375 0.931640625 0.1279296875 0.1181640625
0 0.6572265625 0.953125 0.0947265625 0.0908203125
0 0.9697265625 0.9599609375 0.0595703125 0.080078125
0 0.22265625 0.70703125 0.1884765625 0.220703125
0 0.912109375 0.4609375 0.1220703125 0.1220703125
0 0.3447265625 0.9609375 0.1298828125 0.078125
0 0.0263671875 0.583984375 0.052734375 0.1162109375
0 0.3603515625 0.533203125 0.12109375 0.13671875
0 0.9736328125 0.7939453125 0.052734375 0.072265625
0 0.376953125 0.796875 0.1455078125 0.1748046875
0 0.3974609375 0.12109375 0.1650390625 0.1484375
0 0.78125 0.9697265625 0.1591796875 0.060546875