0 0.1748046875 0.7685546875 0.1416015625 0.1513671875
0 0.30078125 0.373046875 0.1240234375 0.1123046875
0 0.7822265625 0.216796875 0.1279296875 0.1240234375
0 0.2890625 0.6298828125 0.1162109375 0.1123046875
0 0.58984375 0.9228515625 0.1748046875 0.1533203125
0 0.2685546875 0.8837890625 0.1337890625 0.166015625
0 0.830078125 0.935546875 0.1767578125 0.126953125
0 0.970703125 0.857421875 0.05859375 0.1416015625
0 0.904296875 0.4697265625 0.119140625 0.1357421875
0 0.9501953125 0.0703125 0.099609375 0.140625
0 0.9736328125 0.546875 0.05078125 0.123046875
0 0.6708984375 0.8076171875 0.138671875 0.1982421875
0 0.8046875 0.8046875 0.0966796875 0.1044921875
0 0.0224609375 0.96875 0.044921875 0.0625
0 0.1328125 0.533203125 0.134765625 0.158203125
0 0.68359375 0.1591796875 0.1357421875 0.2001953125
0 0.0234375 0.787109375 0.0458984375 0.15625