0 0.5623191550925926 0.14675925925925926 0.13606770833333348 0.14837962962962964
0 0.1615668402777778 0.9534722222222223 0.07125289351851849 0.08217592592592604
0 0.6794704861111112 0.6937644675925926 0.18583622685185186 0.17666377314814818
0 0.8009259259259259 0.8549045138888889 0.11552372685185186 0.11987847222222214
0 0.8862485532407407 0.14615885416666669 0.15668402777777768 0.17883391203703702
0 0.5016999421296297 0.3862196180555556 0.17216435185185186 0.17585358796296302
0 0.1271701388888889 0.8439380787037036 0.06568287037037035 0.08964120370370354
0 0.4276258680555556 0.3152488425925926 0.14568865740740744 0.1450520833333333
0 0.7536892361111112 0.7686414930555556 0.11957465277777768 0.12401620370370381
0 0.6300636574074074 0.8924334490740741 0.11762152777777768 0.12390046296296298
0 0.7676142939814814 0.32544126157407405 0.09331597222222232 0.09907407407407409
0 0.4538845486111111 0.6014322916666667 0.1576967592592592 0.15355902777777786
0 0.07656973379629631 0.6932798032407408 0.056134259259259245 0.09492187499999982
0 0.052336516203703706 0.14468315972222223 0.0978732638888889 0.11688368055555554
0 0.4743923611111111 0.8116174768518518 0.19545717592592593 0.22595486111111107
0 0.9836154513888888 0.5380063657407408 0.03276909722222232 0.11640624999999982
0 0.2969111689814815 0.7761357060185186 0.2730034722222222 0.32019675925925917
0 0.9296875 0.2884331597222222 0.12738715277777768 0.1244791666666667
0 0.36823640046296297 0.5350622106481482 0.09136284722222221 0.09895833333333326
0 0.5151548032407407 0.9344762731481482 0.13751446759259256 0.08220486111111125
0 0.9429976851851852 0.38355758101851856 0.11328125 0.11195023148148153