0 0.10691550925925926 0.7228298611111111 0.1673900462962963 0.19887152777777772
0 0.3135850694444445 0.33901909722222223 0.16377314814814814 0.15390625000000002
0 0.8551432291666667 0.2888671875 0.17006655092592604 0.16575520833333335
0 0.24424913194444445 0.6044487847222222 0.15588831018518517 0.15177951388888888
0 0.5008318865740741 0.9349609375000001 0.20912905092592604 0.11393229166666652
0 0.16923466435185186 0.8485026041666667 0.18221932870370372 0.177734375
0 0.7494936342592593 0.9724392361111112 0.20399305555555558 0.02795138888888893
0 0.8992332175925926 0.9515190972222223 0.08029513888888884 0.06032986111111116
0 0.9226888020833333 0.5843532986111111 0.15462239583333348 0.17543402777777795
0 0.9687138310185186 0.6781684027777778 0.0625723379629628 0.1381944444444445
0 0.6060836226851852 0.8739800347222222 0.20565682870370372 0.2309461805555557
0 0.7492042824074074 0.9118489583333333 0.13194444444444442 0.13758680555555558
0 0.1052517361111111 0.466796875 0.1831597222222222 0.203125
0 0.7641059027777778 0.205859375 0.20240162037037046 0.24843749999999998