0 0.109375 0.1875 0.1123046875 0.1103515625
0 0.4716796875 0.3720703125 0.123046875 0.1494140625
0 0.232421875 0.5107421875 0.0830078125 0.0859375
0 0.8720703125 0.5947265625 0.126953125 0.1513671875
0 0.7490234375 0.6865234375 0.1015625 0.1025390625
0 0.591796875 0.6376953125 0.0966796875 0.1025390625
0 0.23828125 0.2197265625 0.1240234375 0.1220703125
0 0.9462890625 0.3828125 0.107421875 0.1103515625
0 0.111328125 0.74609375 0.0849609375 0.0927734375
0 0.0595703125 0.8544921875 0.115234375 0.1123046875
0 0.6455078125 0.5126953125 0.091796875 0.1005859375
0 0.0302734375 0.369140625 0.0595703125 0.1025390625
0 0.3271484375 0.724609375 0.1025390625 0.091796875
0 0.439453125 0.244140625 0.0830078125 0.0849609375
0 0.3154296875 0.8232421875 0.091796875 0.0927734375
0 0.369140625 0.1064453125 0.10546875 0.1044921875
0 0.41796875 0.787109375 0.1220703125 0.177734375
0 0.6611328125 0.138671875 0.08984375 0.091796875
0 0.96875 0.8515625 0.0625 0.08203125
0 0.3583984375 0.5361328125 0.1767578125 0.1494140625
0 0.1953125 0.033203125 0.0693359375 0.0625
0 0.8037109375 0.8544921875 0.1083984375 0.12109375
0 0.8251953125 0.4580078125 0.111328125 0.11328125
0 0.748046875 0.3984375 0.0673828125 0.0751953125
0 0.73046875 0.9541015625 0.1806640625 0.0888671875
0 0.6455078125 0.3837890625 0.1484375 0.14453125
0 0.87109375 0.91015625 0.0830078125 0.0869140625
0 0.8994140625 0.267578125 0.126953125 0.1142578125
0 0.3212890625 0.41015625 0.076171875 0.0869140625
0 0.0556640625 0.6171875 0.1064453125 0.1201171875
0 0.12109375 0.5107421875 0.12890625 0.11328125
0 0.1904296875 0.6162109375 0.076171875 0.078125
0 0.962890625 0.7275390625 0.07421875 0.1083984375
0 0.1220703125 0.9501953125 0.10546875 0.099609375
0 0.28515625 0.646484375 0.0869140625 0.0888671875
0 0.69921875 0.326171875 0.06640625 0.0712890625
0 0.208984375 0.421875 0.099609375 0.11328125
0 0.9521484375 0.93359375 0.0947265625 0.109375
0 0.9814453125 0.0849609375 0.037109375 0.080078125
0 0.07421875 0.0576171875 0.12109375 0.1083984375
0 0.6845703125 0.0537109375 0.11328125 0.087890625
0 0.4423828125 0.1533203125 0.0537109375 0.05859375
0 0.2978515625 0.2958984375 0.1416015625 0.1748046875
0 0.98046875 0.5498046875 0.0390625 0.068359375
0 0.50390625 0.111328125 0.0634765625 0.0712890625
0 0.234375 0.5166015625 0.107421875 0.1318359375
0 0.298828125 0.8798828125 0.1005859375 0.099609375
0 0.4443359375 0.935546875 0.119140625 0.12890625
0 0.5322265625 0.787109375 0.13671875 0.126953125
0 0.6572265625 0.8271484375 0.1171875 0.140625
0 0.765625 0.16015625 0.10546875 0.1015625
0 0.9462890625 0.1953125 0.0947265625 0.091796875
0 0.490234375 0.0390625 0.1279296875 0.0771484375