0 0.9464409722222222 0.21275318287037034 0.10711805555555554 0.15030381944444443
0 0.5470703125 0.3324001736111111 0.17013888888888884 0.19415509259259256
0 0.7625868055555556 0.527517361111111 0.1118489583333333 0.11699942129629637
0 0.08700086805555556 0.4833550347222222 0.15655381944444444 0.19735243055555562
0 0.1826171875 0.6064742476851852 0.1338107638888889 0.13959780092592577
0 0.3581814236111111 0.587594039351852 0.1298611111111111 0.13744212962962976
0 0.8261501736111112 0.22016059027777776 0.1636718749999999 0.16650752314814815
0 0.0798828125 0.25103443287037036 0.08485243055555555 0.13120659722222228
0 0.8351128472222222 0.7994646990740741 0.11397569444444455 0.12491319444444438
0 0.8608723958333333 0.9027416087962963 0.14301215277777768 0.1147135416666667
0 0.3315538194444444 0.44525462962962964 0.12395833333333339 0.13518518518518519
0 0.9811197916666667 0.41908998842592593 0.03776041666666652 0.12157118055555549
0 0.6146267361111111 0.7326822916666667 0.13359375000000018 0.129832175925926
0 0.6107204861111111 0.20493344907407407 0.1118489583333333 0.11699942129629626
0 0.6032986111111112 0.8388599537037037 0.12183159722222214 0.12727141203703707
0 0.7163194444444445 0.07333622685185186 0.1397135416666666 0.14185474537037038
0 0.5042100694444445 0.7794704861111111 0.17664930555555558 0.22375578703703702
0 0.4038845486111111 0.05505280671296296 0.11979166666666663 0.11010561342592592
0 0.6257378472222223 0.5287471064814815 0.22712673611111112 0.21271701388888897
0 0.9123480902777779 0.05143952546296296 0.07903645833333339 0.04506655092592593
0 0.08754340277777778 0.7717447916666667 0.1440104166666667 0.1596354166666667
0 0.15640190972222223 0.3507016782407407 0.14778645833333331 0.15397858796296293
0 0.2521484375 0.3036964699074074 0.09197048611111114 0.10036168981481475
0 0.14268663194444445 0.8774088541666667 0.20768229166666669 0.12782118055555558
0 0.3617838541666667 0.3097439236111111 0.19557291666666665 0.19742476851851853
0 0.037651909722222224 0.8144169560185186 0.04153645833333333 0.1133535879629628
0 0.13598090277777777 0.13569155092592594 0.14383680555555556 0.1518229166666667
0 0.6952907986111111 0.4029296875 0.10399305555555549 0.11464120370370368
0 0.9212890625 0.6737630208333334 0.1401041666666667 0.15943287037037024
0 0.8804253472222222 0.5507378472222222 0.16545138888888888 0.15879629629629632
0 0.7828342013888889 0.6467230902777779 0.10182291666666665 0.10477430555555545
0 0.6765407986111112 0.6590784143518519 0.11584201388888893 0.1211082175925926
0 0.31909722222222225 0.23667534722222222 0.08993055555555562 0.09635416666666663
0 0.8085069444444444 0.4381221064814815 0.13598090277777786 0.14946469907407411
0 0.9806423611111111 0.1044849537037037 0.038715277777777724 0.10564236111111114
0 0.39685329861111107 0.00804398148148148 0.13355034722222214 0.01608796296296296
0 0.6291232638888888 0.10914351851851851 0.07196180555555554 0.07786458333333332
0 0.7465277777777778 0.2888165509259259 0.1962239583333334 0.22672164351851853
0 0.5750434027777778 0.05133101851851852 0.08598090277777781 0.09419849537037038
0 0.759765625 0.5325520833333333 0.15017361111111116 0.17361111111111116
0 0.6076388888888888 0.9021846064814815 0.1337239583333334 0.135691550925926
0 0.44364149305555556 0.9136212384259259 0.1532552083333334 0.1367042824074074
0 0.38639322916666663 0.7572265625000001 0.17951388888888897 0.17708333333333348
0 0.24594184027777777 0.7723307291666667 0.162109375 0.1839843750000001
0 0.2895182291666667 0.05873119212962963 0.1376302083333334 0.11746238425925926
0 0.12141927083333333 0.05394965277777778 0.07269965277777776 0.10789930555555556
0 0.6013237847222221 0.019480613425925924 0.1440538194444443 0.03896122685185185