0 0.1279296875 0.3896484375 0.09765625 0.115234375
0 0.9326171875 0.0947265625 0.107421875 0.115234375
0 0.421875 0.3935546875 0.1298828125 0.1474609375
0 0.8671875 0.57421875 0.095703125 0.095703125
0 0.2275390625 0.3369140625 0.0771484375 0.0791015625
0 0.6708984375 0.8798828125 0.1103515625 0.1181640625
0 0.1796875 0.8779296875 0.0859375 0.095703125
0 0.2294921875 0.6904296875 0.1103515625 0.12109375
0 0.7080078125 0.1826171875 0.1103515625 0.1083984375
0 0.7724609375 0.7744140625 0.0869140625 0.095703125
0 0.7021484375 0.4189453125 0.0927734375 0.1103515625
0 0.74609375 0.5625 0.1318359375 0.1123046875
0 0.912109375 0.876953125 0.0986328125 0.1279296875
0 0.39453125 0.65625 0.166015625 0.146484375
0 0.2900390625 0.53125 0.1083984375 0.123046875
0 0.0888671875 0.474609375 0.078125 0.0830078125
0 0.599609375 0.0830078125 0.10546875 0.12109375
0 0.576171875 0.580078125 0.0986328125 0.125
0 0.4814453125 0.271484375 0.1103515625 0.12890625
0 0.4697265625 0.943359375 0.1533203125 0.11328125
0 0.3671875 0.6484375 0.103515625 0.1162109375
0 0.8056640625 0.0263671875 0.08984375 0.052734375
0 0.087890625 0.8046875 0.1064453125 0.13671875
0 0.060546875 0.1845703125 0.1103515625 0.14453125
0 0.51953125 0.0302734375 0.0908203125 0.0595703125
0 0.5537109375 0.1884765625 0.0771484375 0.09375
0 0.697265625 0.677734375 0.0869140625 0.0947265625
0 0.068359375 0.693359375 0.0927734375 0.0927734375
0 0.1650390625 0.28515625 0.0830078125 0.0791015625
0 0.5478515625 0.4150390625 0.072265625 0.078125
0 0.599609375 0.04296875 0.080078125 0.0712890625
0 0.759765625 0.341796875 0.0634765625 0.068359375
0 0.1201171875 0.943359375 0.0625 0.0595703125
0 0.96484375 0.357421875 0.0703125 0.14453125
0 0.9677734375 0.751953125 0.064453125 0.11328125
0 0.6025390625 0.7138671875 0.12890625 0.12890625
0 0.8701171875 0.3916015625 0.134765625 0.208984375
0 0.6923828125 0.0595703125 0.0908203125 0.0966796875
0 0.9765625 0.556640625 0.046875 0.0595703125
0 0.3369140625 0.8232421875 0.08984375 0.0927734375
0 0.0498046875 0.4072265625 0.0751953125 0.0830078125
0 0.259765625 0.0869140625 0.08203125 0.173828125
0 0.328125 0.0771484375 0.0595703125 0.0927734375
0 0.0185546875 0.291015625 0.037109375 0.0703125
0 0.05078125 0.90234375 0.095703125 0.0947265625
0 0.931640625 0.5869140625 0.056640625 0.0625
0 0.0205078125 0.7236328125 0.0400390625 0.0771484375
0 0.1708984375 0.0712890625 0.109375 0.134765625
0 0.890625 0.9677734375 0.0791015625 0.056640625
0 0.0380859375 0.0693359375 0.076171875 0.099609375
0 0.44140625 0.7626953125 0.0849609375 0.0771484375
0 0.5224609375 0.1083984375 0.0927734375 0.083984375
0 0.4697265625 0.05859375 0.0576171875 0.087890625
0 0.380859375 0.8798828125 0.064453125 0.0654296875