0 0.9550347222222222 0.4682653356481481 0.08993055555555562 0.14764178240740744
0 0.6565755208333333 0.3998336226851852 0.17204861111111125 0.1923032407407408
0 0.14633246527777777 0.4836009837962963 0.12378472222222225 0.12737268518518519
0 0.8767578125 0.38783998842592593 0.09986979166666665 0.10467303240740744
0 0.30779079861111114 0.8577618634259259 0.14587673611111107 0.1558304398148147
0 0.8391059027777779 0.956785300925926 0.11397569444444455 0.0864293981481481
0 0.8158637152777778 0.7641276041666667 0.1440104166666667 0.1596354166666667
0 0.38372395833333334 0.10475983796296297 0.14366319444444442 0.14401041666666667
0 0.21501736111111114 0.7212673611111111 0.11592881944444444 0.1250144675925926
0 0.35034722222222225 0.35859375 0.12413194444444442 0.14299768518518519
0 0.27838541666666666 0.5002025462962962 0.16532118055555556 0.15293692129629632
0 0.06545138888888889 0.7944733796296296 0.09921875 0.1631655092592592
0 0.6434461805555556 0.6869068287037037 0.21124131944444446 0.2001880787037038
0 0.7766493055555556 0.5796875 0.1420572916666667 0.15953414351851847
0 0.9758680555555556 0.5640046296296296 0.048263888888888884 0.10069444444444442
0 0.5144748263888889 0.06276765046296297 0.12660590277777772 0.07874710648148148
0 0.45922309027777775 0.561277488425926 0.1342881944444445 0.16108217592592577
0 0.6133680555555556 0.25517939814814816 0.14809027777777795 0.16765046296296293
0 0.5159071180555556 0.9459780092592592 0.1884114583333334 0.10804398148148153
0 0.674631076388889 0.685597511574074 0.13602430555555545 0.15141782407407423
0 0.9274739583333333 0.9142795138888888 0.09730902777777772 0.16501736111111098
0 0.5485677083333333 0.1484230324074074 0.10412326388888893 0.12050057870370368
0 0.3126085069444444 0.6356119791666667 0.11397569444444444 0.12491319444444438
0 0.9590494791666666 0.7988642939814815 0.06102430555555571 0.11241319444444442
0 0.9500325520833333 0.34789496527777775 0.09993489583333348 0.1049768518518519
0 0.5169053819444445 0.3916160300925926 0.09396701388888884 0.10241608796296298
0 0.30138888888888893 0.26241319444444444 0.08394097222222219 0.09019097222222228
0 0.08309461805555557 0.22768373842592593 0.1013454861111111 0.17107928240740744
0 0.03394097222222222 0.6494502314814814 0.04201388888888889 0.1348379629629628
0 0.40859375 0.6971643518518519 0.16571180555555554 0.17051504629629632
0 0.17317708333333334 0.2869791666666667 0.1911024305555556 0.25962094907407407
0 0.41616753472222223 0.02840711805555556 0.10577256944444446 0.019140625
0 0.036046006944444445 0.4369140625 0.054296874999999994 0.07304687499999996
0 0.6779513888888888 0.87890625 0.11783854166666652 0.12316261574074083
0 0.8764539930555555 0.1546947337962963 0.10607638888888893 0.12060185185185185
0 0.8091796874999999 0.11218894675925926 0.07157118055555545 0.06028645833333332
0 0.9334635416666667 0.9840784143518518 0.04079861111111116 0.031843171296296324
0 0.07408854166666667 0.4808304398148148 0.0759548611111111 0.0819733796296297
0 0.9548394097222221 0.15689380787037038 0.09032118055555571 0.08679108796296298
0 0.06282552083333334 0.8957826967592593 0.08763020833333335 0.08062789351851851
0 0.5754774305555556 0.7887297453703703 0.10963541666666665 0.10517939814814814
0 0.5957899305555556 0.07868923611111112 0.11532118055555562 0.0976707175925926
0 0.6569227430555555 0.06430121527777778 0.06514756944444455 0.034592013888888884
0 0.6205295138888889 0.9286024305555556 0.08389756944444438 0.08823784722222228