0 0.6082465277777778 0.49340277777777775 0.10630787037037037 0.11562500000000009
0 0.2896484375 0.8638237847222223 0.15950520833333326 0.1792968749999999
0 0.8135416666666666 0.3862847222222222 0.13191550925925943 0.1454861111111111
0 0.7724971064814814 0.2514322916666667 0.12403067129629619 0.13554687499999996
0 0.704564525462963 0.4424262152777778 0.15934606481481484 0.1578124999999999
0 0.7441623263888889 0.7775390625 0.114207175925926 0.12751736111111112
0 0.3680989583333333 0.11488715277777778 0.18491030092592586 0.18181423611111108
0 0.4180266203703704 0.7896701388888889 0.12395833333333339 0.12578125000000018
0 0.12601996527777776 0.9260633680555554 0.12008101851851849 0.12960069444444455
0 0.7345413773148148 0.014865451388888888 0.10189525462962967 0.029730902777777776
0 0.4471788194444445 0.6376302083333334 0.1436197916666666 0.14379340277777786
0 0.23462094907407408 0.950998263888889 0.08068576388888887 0.08381076388888875
0 0.6896122685185184 0.2698784722222222 0.12012442129629619 0.13546006944444444
0 0.1601417824074074 0.7856336805555555 0.10243055555555558 0.11944444444444446
0 0.8764756944444445 0.17977430555555554 0.11409143518518539 0.11189236111111112
0 0.9354890046296296 0.5642144097222223 0.12902199074074083 0.1494357638888888
0 0.23035300925925928 0.6385416666666667 0.10028935185185184 0.09401041666666665
0 0.1538628472222222 0.06983506944444445 0.1332609953703704 0.0634982638888889
0 0.7896701388888889 0.06813151041666667 0.1319010416666666 0.13626302083333333
0 0.4871021412037037 0.7529730902777778 0.11597222222222225 0.10217013888888893
0 0.9864872685185185 0.8560763888888889 0.02702546296296293 0.08862847222222214
0 0.01634114583333333 0.09633246527777778 0.03155381944444444 0.04171006944444444
0 0.8360894097222222 0.011697048611111111 0.08624131944444446 0.023394097222222222
0 0.5208912037037037 0.5676215277777779 0.09451678240740735 0.10559895833333321
0 0.653125 0.8821180555555556 0.17715567129629628 0.189453125
0 0.1878978587962963 0.9725477430555556 0.11558159722222222 0.04943576388888893
0 0.3353009259259259 0.3021701388888889 0.12390046296296298 0.11796874999999996
0 0.2574291087962963 0.07437065972222223 0.11992187499999996 0.10811631944444444
0 0.33706597222222223 0.6723090277777778 0.14769965277777775 0.16731770833333326
0 0.3712962962962963 0.019259982638888888 0.07839988425925926 0.038519965277777776
0 0.46413483796296295 0.5532552083333333 0.09061053240740735 0.10551215277777781
0 0.12433449074074074 0.6985243055555556 0.10824652777777777 0.11371527777777768
0 0.6498842592592593 0.05047743055555556 0.10231481481481497 0.10095486111111111
0 0.9096281828703704 0.44270833333333337 0.1807436342592592 0.16032986111111103
0 0.11864872685185185 0.9858072916666667 0.06657986111111114 0.024913194444444287
0 0.19611545138888886 0.8952039930555555 0.09050925925925923 0.09184027777777781
0 0.02664207175925926 0.3002387152777778 0.049493634259259255 0.09092881944444442
0 0.47136863425925923 0.4749565972222222 0.07089120370370372 0.07968750000000002
0 0.4004050925925926 0.5204861111111111 0.08663194444444444 0.09565972222222219
0 0.9099826388888889 0.8793402777777778 0.08655960648148153 0.08589409722222219
0 0.23225549768518516 0.7635199652777778 0.09249131944444444 0.09578993055555562
0 0.6827329282407407 0.13231336805555555 0.08071469907407414 0.08771701388888886
0 0.2290581597222222 0.4637369791666667 0.09833622685185184 0.09396701388888884
0 0.9275752314814816 0.7490451388888889 0.1298900462962962 0.1356770833333334
0 0.13521412037037037 0.9805555555555556 0.1037615740740741 0.035503472222222054
0 0.06612413194444444 0.09229600694444444 0.06684027777777779 0.06006944444444445
0 0.8279730902777778 0.8840928819444445 0.11989293981481475 0.10421006944444455
0 0.20418836805555554 0.4027560763888889 0.11221064814814813 0.1216145833333333
0 0.8195746527777779 0.8051649305555555 0.09836516203703694 0.09787326388888884
0 0.4363932291666667 0.8957248263888888 0.1337528935185186 0.12990451388888902
0 0.4671875 0.9653645833333333 0.11168981481481488 0.051302083333333304
0 0.3179325810185185 0.46273871527777777 0.11610243055555558 0.11974826388888893
0 0.5324869791666667 0.8144748263888889 0.09246238425925934 0.09188368055555562
0 0.04585503472222222 0.5205512152777778 0.08505497685185186 0.14639756944444438
0 0.9222366898148149 0.038736979166666664 0.02806712962962976 0.07747395833333333
0 0.6402126736111111 0.7212456597222222 0.13975694444444442 0.14956597222222223
0 0.05570746527777778 0.4001953125 0.10655381944444443 0.14882812499999998
0 0.957761863425926 0.2092230902777778 0.024146412037036935 0.0962239583333333
0 0.03296440972222223 0.23075086805555556 0.0630931712962963 0.08146701388888888
0 0.7024088541666667 0.942556423611111 0.15470196759259247 0.05811631944444429
0 0.6958912037037037 0.5901041666666667 0.1357494212962962 0.1358072916666666
0 0.5244719328703704 0.2598741319444444 0.11022858796296298 0.11766493055555549
0 0.20261140046296297 0.7172960069444445 0.08657407407407408 0.08784722222222241
0 0.20189525462962962 0.2250434027777778 0.09458912037037037 0.11536458333333333
0 0.13725405092592594 0.20108506944444443 0.0886429398148148 0.103515625
0 0.1705150462962963 0.34001736111111114 0.07080439814814815 0.06796874999999991
0 0.08389756944444444 0.7775607638888888 0.09071180555555555 0.11918402777777759
0 0.5588686342592593 0.683984375 0.0747395833333333 0.07196180555555554
0 0.9537109375 0.3216362847222222 0.0669126157407407 0.0698350694444444
0 0.893214699074074 0.32981770833333335 0.07476851851851851 0.07586805555555554
0 0.9397280092592593 0.2799479166666667 0.06898148148148153 0.08550347222222221
0 0.8903645833333333 0.07690972222222223 0.09842303240740735 0.1056857638888889
0 0.492310474537037 0.011631944444444445 0.09008969907407405 0.02326388888888889
0 0.4189670138888889 0.3891927083333333 0.0669270833333333 0.07178819444444451
0 0.3226924189814815 0.5778862847222221 0.057060185185185186 0.05789930555555545
0 0.3245515046296297 0.9607204861111112 0.08836805555555549 0.06640625
0 0.819921875 0.7201822916666667 0.09628182870370372 0.08025173611111125
0 0.8996672453703703 0.6734809027777777 0.05719039351851851 0.07547743055555545
0 0.7718243634259259 0.5561848958333333 0.07683738425925934 0.09153645833333335
0 0.1251808449074074 0.4172092013888889 0.06501736111111112 0.0776041666666667
0 0.5326099537037037 0.17178819444444443 0.06100983796296289 0.06384548611111107
0 0.38077980324074073 0.2445095486111111 0.07284432870370372 0.07973090277777778