0 0.41796875 0.2042679398148148 0.15625 0.17498553240740738
0 0.9208984375 0.19529803240740742 0.158203125 0.26875
0 0.6767578125 0.4845052083333333 0.123046875 0.1317708333333334
0 0.515625 0.21378038194444443 0.12109375 0.12199074074074079
0 0.3466796875 0.4976851851851852 0.125 0.12201967592592589
0 0.41015625 0.6514756944444444 0.1328125 0.1279369212962962
0 0.2021484375 0.23880208333333336 0.11328125 0.11802662037037037
0 0.1357421875 0.9209273726851852 0.0859375 0.06899594907407414
0 0.578125 0.1156105324074074 0.16796875 0.16725983796296295
0 0.5263671875 0.8867115162037037 0.080078125 0.07871817129629632
0 0.595703125 0.9883897569444444 0.078125 0.02322048611111116
0 0.5537109375 0.7501953125 0.146484375 0.14561631944444464
0 0.0341796875 0.7356047453703703 0.068359375 0.1157407407407407
0 0.169921875 0.03934461805555555 0.1953125 0.07761863425925926
0 0.1484375 0.465943287037037 0.09765625 0.11205150462962976
0 0.12109375 0.30460792824074073 0.1171875 0.11805555555555558
0 0.97265625 0.5716579861111111 0.0546875 0.10978009259259247
0 0.0732421875 0.7720269097222222 0.103515625 0.11014178240740735
0 0.740234375 0.7017722800925926 0.080078125 0.08457754629629632
0 0.30078125 0.07058738425925926 0.08203125 0.08654513888888887
0 0.478515625 0.4293258101851852 0.09375 0.10225694444444444
0 0.8447265625 0.9502025462962963 0.103515625 0.0995949074074074
0 0.5498046875 0.5929398148148148 0.08203125 0.07677951388888893
0 0.0830078125 0.3746383101851852 0.091796875 0.09442997685185184
0 0.1923828125 0.6820891203703704 0.078125 0.07870370370370372
0 0.3828125 0.9667028356481482 0.091796875 0.06122685185185173
0 0.064453125 0.5903211805555555 0.095703125 0.09641203703703694
0 0.693359375 0.7658781828703703 0.103515625 0.10037615740740735
0 0.2255859375 0.5026475694444444 0.0625 0.06296296296296289
0 0.853515625 0.544408275462963 0.09765625 0.10033275462962954
0 0.00390625 0.6172164351851852 0.0078125 0.07037037037037042
0 0.5390625 0.18856336805555557 0.154296875 0.19254918981481484
0 0.0283203125 0.3683738425925926 0.04296875 0.10578703703703707
0 0.4794921875 0.8189814814814815 0.07421875 0.07476851851851851
0 0.0419921875 0.5198423032407408 0.083984375 0.08655960648148153
0 0.6689453125 0.710033275462963 0.07421875 0.07867476851851851
0 0.552734375 0.9755497685185186 0.0703125 0.0489004629629628
0 0.908203125 0.4139539930555556 0.18359375 0.16737557870370368
0 0.2255859375 0.39229600694444444 0.048828125 0.05895543981481477
0 0.2724609375 0.37018229166666666 0.07421875 0.09429976851851851
0 0.3349609375 0.3501374421296296 0.08984375 0.10222800925925934
0 0.123046875 0.16497395833333334 0.09375 0.11983506944444444
0 0.75390625 0.24874855324074074 0.14453125 0.14950810185185182
0 0.578125 0.32947771990740743 0.09375 0.09835069444444444
0 0.705078125 0.09311342592592592 0.087890625 0.09635416666666669
0 0.6875 0.04513165509259259 0.10546875 0.04960937500000001
0 0.810546875 0.08608217592592593 0.08203125 0.07677951388888887
0 0.873046875 0.6685763888888889 0.080078125 0.08067129629629632
0 0.955078125 0.7199652777777779 0.046875 0.07651909722222205
0 0.2490234375 0.8065321180555556 0.056640625 0.0551070601851853
0 0.3671875 0.8767433449074074 0.111328125 0.11605902777777777
0 0.4404296875 0.8460358796296297 0.064453125 0.05516493055555571
0 0.4228515625 0.7414134837962962 0.072265625 0.05912905092592613
0 0.4228515625 0.7931712962962962 0.064453125 0.05321180555555571
0 0.5927734375 0.9331018518518519 0.099609375 0.10230034722222214
0 0.72265625 0.9663845486111111 0.0859375 0.06723090277777777
0 0.748046875 0.9235098379629629 0.087890625 0.08854166666666652
0 0.8408203125 0.8490017361111111 0.08203125 0.09240451388888893
0 0.9140625 0.8436848958333333 0.076171875 0.07087673611111112
0 0.9248046875 0.8847800925925926 0.05078125 0.055063657407407485
0 0.921875 0.9501880787037037 0.0390625 0.08232060185185186
0 0.16796875 0.807884837962963 0.087890625 0.08268229166666674
0 0.0791015625 0.6685546875 0.076171875 0.07087673611111112
0 0.259765625 0.5810257523148148 0.044921875 0.05111400462962967
0 0.29296875 0.5949435763888888 0.041015625 0.045225694444444464
0 0.32421875 0.5805266203703703 0.052734375 0.05117187500000009
0 0.2685546875 0.5439814814814814 0.05859375 0.05121527777777768
0 0.208984375 0.5708839699074073 0.05859375 0.07269965277777768
0 0.1728515625 0.5315538194444445 0.06640625 0.059085648148148096
0 0.0478515625 0.4554325810185185 0.0625 0.066869212962963
0 0.234375 0.8659939236111112 0.060546875 0.055135995370370505
0 0.291015625 0.9533275462962962 0.0625 0.05124421296296289
0 0.068359375 0.8676938657407407 0.072265625 0.09233217592592591
0 0.025390625 0.8956958912037036 0.05078125 0.07654803240740726
0 0.4521484375 0.3207320601851852 0.076171875 0.08064236111111112
0 0.306640625 0.6682870370370371 0.091796875 0.08661747685185173
0 0.5361328125 0.8350260416666666 0.056640625 0.0492476851851853
0 0.5712890625 0.4563802083333333 0.09375 0.11788194444444444
0 0.626953125 0.5769097222222221 0.083984375 0.09046585648148131
0 0.12890625 0.6425564236111112 0.05859375 0.06293402777777768
0 0.685546875 0.9926359953703704 0.07421875 0.014728009259259212
0 0.7509765625 0.6041956018518518 0.064453125 0.06688368055555549
0 0.8076171875 0.646607349537037 0.083984375 0.07679398148148153
0 0.947265625 0.6544777199074074 0.0703125 0.0708333333333333
0 0.7802734375 0.14640480324074073 0.06640625 0.06885127314814815
0 0.8486328125 0.1957392939814815 0.064453125 0.06102430555555555
0 0.2158203125 0.7574580439814815 0.068359375 0.06105324074074092
0 0.4609375 0.9047815393518519 0.064453125 0.05711805555555571
0 0.654296875 0.8915653935185186 0.0859375 0.06704282407407414
0 0.5908203125 0.6791811342592593 0.056640625 0.0629195601851853
0 0.384765625 0.41788917824074073 0.08203125 0.08068576388888893
0 0.2958984375 0.8117621527777779 0.05859375 0.05707465277777768