0 0.6711516203703703 0.8716724537037037 0.10134548611111116 0.10684317129629628
0 0.21415653935185186 0.2866030092592593 0.09302662037037035 0.09259259259259256
0 0.7029803240740742 0.995044849537037 0.07436342592592604 0.009910300925926041
0 0.2837456597222222 0.7981770833333334 0.10532407407407407 0.10908564814814814
0 0.40932436342592593 0.16569010416666666 0.08709490740740744 0.09020543981481483
0 0.6614583333333334 0.1103515625 0.08506944444444442 0.0881076388888889
0 0.29347511574074076 0.14055266203703703 0.08289930555555558 0.08210358796296297
0 0.38288483796296297 0.9506293402777778 0.0912905092592593 0.09830729166666674
0 0.08130787037037038 0.7228009259259259 0.11371527777777779 0.12528935185185186
0 0.05472366898148148 0.6361038773148149 0.06604456018518517 0.10033275462962976
0 0.8868634259259259 0.46401186342592593 0.09917534722222232 0.10083912037037046
0 0.5950520833333333 0.9205729166666667 0.1114004629629628 0.11537905092592604
0 0.6771556712962963 0.3238208912037037 0.10322627314814814 0.10503472222222221
0 0.3773871527777778 0.25 0.07103587962962965 0.07732928240740744
0 0.1637008101851852 0.6860532407407407 0.10358796296296297 0.11480034722222232
0 0.33561197916666663 0.30533854166666663 0.08919270833333326 0.0942563657407407
0 0.16171151620370372 0.1064453125 0.06908275462962965 0.07718460648148151
0 0.8849464699074074 0.9554036458333333 0.10720486111111116 0.08919270833333348
0 0.03367332175925926 0.7514105902777778 0.015697337962962965 0.10828993055555558
0 0.1488715277777778 0.02271412037037037 0.08289930555555558 0.029513888888888895
0 0.04958767361111112 0.5237268518518519 0.06329571759259259 0.07870370370370372
0 0.4525462962962963 0.9552589699074074 0.09165219907407407 0.08948206018518512
0 0.38494646990740744 0.8748191550925926 0.09375 0.11212384259259256
0 0.8874059606481481 0.13682725694444445 0.087890625 0.059100115740740755
0 0.547923900462963 0.6473162615740741 0.09317129629629628 0.09649884259259256
0 0.5924840856481481 0.0886863425925926 0.08904803240740744 0.09035011574074073
0 0.9258174189814814 0.20102719907407407 0.07494212962962976 0.0776186342592593
0 0.19173177083333331 0.022967303240740745 0.06315104166666663 0.02220775462962963
0 0.18167679398148148 0.8032769097222223 0.11537905092592593 0.11762152777777768
0 0.47663483796296297 0.3002025462962963 0.07327835648148151 0.08528645833333326
0 0.3555772569444444 0.6077473958333333 0.11154513888888884 0.11928530092592604
0 0.14069733796296297 0.1701388888888889 0.08702256944444442 0.08825231481481483
0 0.47139033564814814 0.42154947916666663 0.08116319444444442 0.08781828703703698
0 0.7325303819444444 0.7671440972222222 0.08340567129629628 0.09577546296296302
0 0.1745876736111111 0.5329861111111112 0.0981626157407407 0.12608506944444442
0 0.6637008101851851 0.1708984375 0.07703993055555536 0.08166956018518523
0 0.9529441550925926 0.43384693287037035 0.08919270833333348 0.0942563657407407
0 0.46896701388888895 0.3561197916666667 0.0649594907407407 0.07103587962962965
0 0.8017578125 0.322337962962963 0.07877604166666674 0.07595486111111116
0 0.41887297453703703 0.055374710648148154 0.10727719907407407 0.056640625
0 0.8072554976851851 0.10264756944444445 0.05729166666666652 0.02177372685185186
0 0.61328125 0.20319733796296297 0.08130787037037046 0.09172453703703703
0 0.07917390046296297 0.13928674768518517 0.0627170138888889 0.06307870370370372
0 0.7514105902777778 0.8561921296296295 0.10358796296296302 0.11480034722222232
0 0.8776403356481481 0.5568214699074074 0.0830439814814814 0.0860098379629628
0 0.9822410300925926 0.37514467592592593 0.03551793981481488 0.10098379629629628
0 0.7570891203703703 0.6150896990740742 0.11154513888888884 0.11928530092592604
0 0.5224971064814814 0.32892071759259256 0.0712528935185186 0.08318865740740744
0 0.5342158564814815 0.25090422453703703 0.09100115740740744 0.09049479166666663
0 0.6018518518518519 0.4467954282407407 0.09338831018518512 0.10235821759259256
0 0.4229600694444444 0.3760850694444444 0.06684027777777768 0.06922743055555558
0 0.7865668402777777 0.20142505787037038 0.06879340277777768 0.06937210648148145
0 0.8302951388888888 0.9087818287037037 0.07899305555555536 0.08181423611111116
0 0.38353587962962965 0.9156177662037037 0.11675347222222221 0.15473090277777768
0 0.6359592013888888 0.6051432291666666 0.10597511574074092 0.12666377314814814
0 0.8812572337962963 0.7596571180555556 0.13143807870370372 0.13049768518518512
0 0.9373914930555556 0.8816550925925926 0.11190682870370372 0.12905092592592604
0 0.848560474537037 0.849754050925926 0.10293692129629628 0.09722222222222232
0 0.4480251736111111 0.5006510416666667 0.08130787037037035 0.0917245370370372
0 0.07656973379629631 0.38451244212962965 0.06307870370370372 0.07284432870370372
0 0.5350115740740741 0.8245804398148149 0.0708188657407407 0.07146990740740744
0 0.4903428819444444 0.7754991319444444 0.06698495370370372 0.07313368055555558
0 0.6014539930555556 0.7515914351851852 0.0630063657407407 0.07089120370370372
0 0.9631799768518519 0.7890986689814815 0.0732060185185186 0.08333333333333326
0 0.9597800925925926 0.5921223958333334 0.07530381944444442 0.0873842592592593
0 0.8816912615740741 0.32436342592592593 0.06481481481481488 0.06712962962962965
0 0.3886357060185185 0.47482638888888884 0.07089120370370372 0.07342303240740744
0 0.4572482638888889 0.6707899305555556 0.06937210648148151 0.0849971064814814
0 0.7219690393518519 0.37680844907407407 0.08318865740740744 0.08991608796296302
0 0.8154658564814815 0.4032118055555556 0.06698495370370372 0.07313368055555558
0 0.25047019675925924 0.18898292824074076 0.07103587962962965 0.07732928240740744
0 0.3163700810185185 0.07505063657407408 0.0669126157407407 0.07118055555555555
0 0.39134837962962965 0.7847222222222222 0.07284432870370372 0.07356770833333326
0 0.24811921296296297 0.8880570023148149 0.06503182870370372 0.07298900462962976
0 0.1728515625 0.9331235532407407 0.07291666666666663 0.07552083333333348
0 0.23169849537037035 0.9442997685185186 0.07284432870370372 0.07356770833333348
0 0.7313006365740741 0.9668330439814815 0.07675057870370372 0.06633391203703698
0 0.16959635416666666 0.37192563657407407 0.0685763888888889 0.06351273148148151
0 0.1431206597222222 0.28815827546296297 0.07689525462962965 0.07776331018518523
0 0.05226417824074074 0.2015697337962963 0.027850115740740727 0.06828703703703703
0 0.27231626157407407 0.6999421296296297 0.07892071759259256 0.07986111111111116
0 0.7444299768518519 0.48365162037037035 0.05895543981481488 0.06669560185185186
0 0.6795428240740741 0.4671585648148148 0.07696759259259256 0.07971643518518523
0 0.9939236111111112 0.3067491319444444 0.012152777777777679 0.0698061342592593
0 0.923755787037037 0.6975549768518519 0.06893807870370372 0.0732783564814814
0 0.6410951967592593 0.9860026041666667 0.07074652777777768 0.02799479166666652
0 0.5642722800925926 0.9888599537037037 0.07834201388888884 0.02228009259259256
0 0.30841290509259256 0.8857060185185186 0.07306134259259256 0.07942708333333348