0 0.4111328125 0.525390625 0.0869140625 0.0966796875
0 0.779296875 0.8203125 0.12890625 0.150390625
0 0.1982421875 0.4638671875 0.107421875 0.1220703125
0 0.212890625 0.3271484375 0.1005859375 0.1123046875
0 0.3115234375 0.49609375 0.1337890625 0.1279296875
0 0.3310546875 0.82421875 0.091796875 0.107421875
0 0.5732421875 0.1201171875 0.1552734375 0.1474609375
0 0.64453125 0.7734375 0.103515625 0.1015625
0 0.9462890625 0.8505859375 0.09765625 0.107421875
0 0.2001953125 0.0556640625 0.0849609375 0.095703125
0 0.58984375 0.6337890625 0.1201171875 0.1171875
0 0.84765625 0.8916015625 0.0673828125 0.068359375
0 0.294921875 0.3291015625 0.09765625 0.11328125
0 0.888671875 0.7197265625 0.0810546875 0.1005859375
0 0.1005859375 0.2783203125 0.095703125 0.0908203125
0 0.103515625 0.658203125 0.1220703125 0.123046875
0 0.9755859375 0.04296875 0.048828125 0.078125
0 0.7958984375 0.59375 0.083984375 0.076171875
0 0.7724609375 0.0283203125 0.125 0.056640625
0 0.1630859375 0.1513671875 0.109375 0.1181640625
0 0.572265625 0.7509765625 0.0986328125 0.08203125
0 0.072265625 0.958984375 0.103515625 0.08203125
0 0.935546875 0.021484375 0.0888671875 0.04296875
0 0.103515625 0.080078125 0.0703125 0.0732421875
0 0.5068359375 0.5810546875 0.0771484375 0.087890625
0 0.4365234375 0.90625 0.146484375 0.1572265625
0 0.900390625 0.9326171875 0.09765625 0.0888671875
0 0.6376953125 0.29296875 0.1044921875 0.095703125
0 0.671875 0.0517578125 0.103515625 0.103515625
0 0.7001953125 0.6455078125 0.1201171875 0.1416015625
0 0.5546875 0.021484375 0.072265625 0.0419921875
0 0.5595703125 0.556640625 0.0732421875 0.087890625
0 0.9072265625 0.6298828125 0.08984375 0.0947265625
0 0.2939453125 0.1103515625 0.0849609375 0.0849609375
0 0.1103515625 0.537109375 0.1669921875 0.1240234375
0 0.97265625 0.94140625 0.0546875 0.0859375
0 0.8740234375 0.83203125 0.0751953125 0.0751953125
0 0.9521484375 0.23046875 0.0791015625 0.07421875
0 0.7783203125 0.9765625 0.087890625 0.046875
0 0.5390625 0.482421875 0.0576171875 0.06640625
0 0.6142578125 0.5126953125 0.0703125 0.0791015625
0 0.1923828125 0.953125 0.0712890625 0.0693359375
0 0.81640625 0.712890625 0.076171875 0.080078125
0 0.27734375 0.1962890625 0.06640625 0.072265625
0 0.7666015625 0.4267578125 0.08203125 0.0751953125
0 0.15234375 0.8310546875 0.1064453125 0.1123046875
0 0.953125 0.9423828125 0.0859375 0.095703125
0 0.03515625 0.8681640625 0.068359375 0.0908203125
0 0.857421875 0.037109375 0.0576171875 0.056640625
0 0.2705078125 0.94140625 0.103515625 0.0830078125
0 0.7802734375 0.36328125 0.0927734375 0.1005859375
0 0.2646484375 0.8642578125 0.08203125 0.0791015625
0 0.6455078125 0.8779296875 0.1123046875 0.1064453125
0 0.630859375 0.9677734375 0.1015625 0.064453125
0 0.681640625 0.44140625 0.095703125 0.099609375
0 0.5390625 0.818359375 0.0771484375 0.0751953125
0 0.9619140625 0.447265625 0.0751953125 0.1298828125
0 0.017578125 0.1416015625 0.03515625 0.099609375
0 0.244140625 0.0166015625 0.0927734375 0.029296875
0 0.4208984375 0.75 0.1142578125 0.123046875
0 0.9287109375 0.3310546875 0.1015625 0.1259765625
0 0.017578125 0.322265625 0.033203125 0.09375
0 0.3349609375 0.021484375 0.099609375 0.04296875
0 0.916015625 0.166015625 0.0576171875 0.068359375
0 0.0244140625 0.7080078125 0.044921875 0.0791015625
0 0.40234375 0.98046875 0.146484375 0.0390625
0 0.3447265625 0.6357421875 0.1123046875 0.111328125
0 0.1123046875 0.029296875 0.1025390625 0.0546875
0 0.4501953125 0.2890625 0.08984375 0.09765625
0 0.8369140625 0.6640625 0.0703125 0.072265625
0 0.7509765625 0.193359375 0.0751953125 0.0986328125
0 0.80859375 0.158203125 0.0703125 0.087890625
0 0.80078125 0.296875 0.0595703125 0.0546875
0 0.962890625 0.7001953125 0.07421875 0.1015625
0 0.4921875 0.6982421875 0.0625 0.05859375
0 0.0478515625 0.4306640625 0.0654296875 0.0576171875
0 0.111328125 0.4248046875 0.0615234375 0.0615234375
0 0.05859375 0.3857421875 0.0556640625 0.0732421875
0 0.0693359375 0.18359375 0.080078125 0.087890625
0 0.435546875 0.025390625 0.083984375 0.05078125
0 0.5732421875 0.3916015625 0.0546875 0.0595703125
0 0.697265625 0.552734375 0.048828125 0.046875
0 0.763671875 0.923828125 0.076171875 0.0595703125
0 0.25 0.783203125 0.08203125 0.0625
0 0.166015625 0.75390625 0.044921875 0.064453125
0 0.0380859375 0.7724609375 0.041015625 0.06640625
0 0.2666015625 0.6171875 0.0615234375 0.0771484375
0 0.857421875 0.3623046875 0.0517578125 0.06640625
0 0.4267578125 0.2060546875 0.05078125 0.0537109375
0 0.583984375 0.2451171875 0.0595703125 0.0673828125