0 0.5505497685185186 0.5519386574074074 0.10486111111111107 0.11433738425925921
0 0.17300347222222223 0.8906684027777778 0.15749421296296295 0.17834201388888893
0 0.7767288773148148 0.4726273148148148 0.13111979166666665 0.14438657407407418
0 0.7507667824074074 0.3262225115740741 0.12301793981481479 0.13438946759259252
0 0.6562572337962963 0.5140190972222223 0.1587528935185185 0.15496238425925934
0 0.6546006944444445 0.8668185763888889 0.11106770833333335 0.12622974537037024
0 0.35107783564814815 0.1257378472222222 0.18483796296296295 0.1791521990740741
0 0.3144748263888889 0.8332826967592593 0.12462384259259252 0.12272858796296293
0 0.02912326388888889 0.9303891782407407 0.0543113425925926 0.12064525462962972
0 0.7480396412037037 0.05539641203703703 0.1015769675925926 0.06935763888888888
0 0.36595052083333335 0.6793981481481481 0.14272280092592593 0.14082754629629624
0 0.10425347222222223 0.9652560763888889 0.08026620370370369 0.06948784722222223
0 0.6635344328703704 0.3343894675925926 0.11911168981481479 0.1342737268518519
0 0.05021339699074074 0.7902560763888888 0.10042679398148148 0.1181278935185186
0 0.8688295717592592 0.2671657986111111 0.11445312500000004 0.10876736111111107
0 0.8889901620370371 0.6753472222222222 0.14686053240740726 0.14875578703703707
0 0.1420355902777778 0.6493055555555556 0.09836516203703705 0.09267939814814818
0 0.13530092592592594 0.05190248842592593 0.13810763888888888 0.05092592592592593
0 0.7935763888888889 0.1349392361111111 0.13100405092592604 0.14048032407407407
0 0.3915726273148148 0.8042896412037037 0.1161747685185186 0.10101273148148149
0 0.9272135416666667 0.9687282986111112 0.0912905092592593 0.051490162037036935
0 0.8524739583333334 0.06044560185185185 0.08411458333333321 0.07274305555555556
0 0.45086805555555554 0.6174045138888888 0.09480613425925921 0.10428240740740735
0 0.5467592592592593 0.9340205439814815 0.17230902777777768 0.13195891203703702
0 0.05881076388888889 0.9820240162037037 0.09875578703703704 0.03595196759259256
0 0.29364872685185184 0.31561053240740744 0.12445023148148149 0.11686921296296293
0 0.24225983796296297 0.0707103587962963 0.12002314814814818 0.09917534722222224
0 0.2471209490740741 0.6983579282407407 0.14738136574074073 0.16633391203703707
0 0.3675853587962963 0.030439814814814815 0.08083043981481475 0.027763310185185186
0 0.3938874421296297 0.5942129629629629 0.09089988425925921 0.10416666666666652
0 0.03886357060185185 0.6939742476851851 0.0777271412037037 0.1080150462962961
0 0.6499999999999999 0.0984302662037037 0.1005497685185186 0.10054976851851852
0 0.8742549189814814 0.5458912037037037 0.1958043981481481 0.15410879629629637
0 0.07275752314814815 0.9092013888888889 0.0904369212962963 0.08854166666666674
0 0.4109375 0.5135923032407408 0.07061631944444446 0.0781973379629628
0 0.3316261574074074 0.5513165509259259 0.08475115740740735 0.09422743055555549
0 0.8135850694444444 0.9767071759259259 0.08336226851851847 0.04658564814814814
0 0.12747395833333333 0.7778935185185185 0.09061053240740741 0.09440104166666674
0 0.6746238425925926 0.19103732638888887 0.08061342592592591 0.08629918981481477
0 0.16301359953703703 0.46910445601851847 0.09635416666666669 0.09066840277777777
0 0.8472439236111111 0.8637297453703704 0.1288773148148148 0.13456307870370376
0 0.955808738425926 0.8943142361111112 0.04011863425925921 0.10266203703703702
0 0.04410445601851852 0.061906828703703703 0.06791087962962963 0.052748842592592604
0 0.7266999421296296 0.9692997685185185 0.1191550925925926 0.061400462962962976
0 0.14453125 0.40013744212962965 0.11284722222222221 0.12042824074074066
0 0.7286675347222222 0.9071325231481482 0.09842303240740735 0.09463252314814818
0 0.3209418402777778 0.9402307581018519 0.13456307870370365 0.11953848379629628
0 0.34163773148148147 0.998828125 0.10972222222222228 0.002343750000000089
0 0.25558449074074074 0.47868923611111114 0.1147424768518518 0.11853298611111107
0 0.4315104166666667 0.8748697916666666 0.09244791666666663 0.09055266203703694
0 0.9467013888888889 0.1130859375 0.044256365740740655 0.11059027777777777
0 0.5541449652777778 0.7934678819444445 0.13899016203703707 0.14657118055555562
0 0.022858796296296297 0.37288049768518516 0.045717592592592594 0.14029224537037033
0 0.9594979745370371 0.3079716435185185 0.040118634259259434 0.10266203703703702
0 0.6013310185185186 0.025636574074074076 0.10983796296296289 0.01886574074074074
0 0.012333622685185185 0.1967230902777778 0.02466724537037037 0.08094618055555558
0 0.9648075810185186 0.7225549768518519 0.031958912037036935 0.09071180555555558
0 0.6292824074074075 0.6656973379629629 0.13467881944444438 0.1327835648148148
0 0.494480613425926 0.30005787037037035 0.10882523148148149 0.11640625000000004
0 0.10163483796296297 0.7263020833333333 0.08451967592592591 0.08641493055555549
0 0.165625 0.2160300925925926 0.09314236111111113 0.11399016203703705
0 0.10112123842592594 0.1828414351851852 0.08699363425925927 0.10405092592592591
0 0.11823640046296297 0.3309389467592593 0.07026909722222224 0.06647858796296302
0 0.47356047453703703 0.7422092013888889 0.07429108796296291 0.07050057870370363
0 0.9344545717592593 0.42745225694444444 0.07819733796296302 0.07061631944444446
0 0.8660951967592593 0.4254267939814815 0.07440682870370363 0.07440682870370374
0 0.9211950231481482 0.38014322916666665 0.06889467592592591 0.0859519675925926
0 0.8963396990740741 0.16339699074074074 0.09675925925925921 0.10434027777777777
0 0.496607349537037 0.030353009259259257 0.092722800925926 0.0339699074074074
0 0.36784577546296293 0.417505787037037 0.06647858796296302 0.07026909722222219
0 0.24418402777777778 0.5995515046296296 0.05826099537037038 0.056365740740740744
0 0.19756944444444446 0.9812355324074074 0.08721064814814816 0.0375289351851853
0 0.7391131365740741 0.8184968171296296 0.09594907407407405 0.07699652777777777
0 0.8281611689814815 0.7820384837962964 0.05688657407407405 0.07583912037037033
0 0.9597945601851852 0.7927806712962964 0.03735532407407405 0.07526041666666661
0 0.7120949074074074 0.6417607060185185 0.07486979166666652 0.09003182870370363
0 0.06132089120370371 0.4045138888888889 0.06475694444444444 0.07802372685185188
0 0.5147497106481482 0.2097583912037037 0.06044560185185199 0.0642361111111111
0 0.3480324074074074 0.2615089699074074 0.07262731481481488 0.08020833333333333