0 0.310546875 0.794921875 0.083984375 0.0859375
0 0.8056640625 0.3232421875 0.0791015625 0.0732421875
0 0.265625 0.9384765625 0.0634765625 0.0576171875
0 0.6875 0.8037109375 0.087890625 0.0869140625
0 0.630859375 0.1650390625 0.072265625 0.072265625
0 0.3955078125 0.060546875 0.0703125 0.0712890625
0 0.744140625 0.166015625 0.0703125 0.064453125
0 0.578125 0.9306640625 0.076171875 0.080078125
0 0.888671875 0.7734375 0.0966796875 0.1015625
0 0.9462890625 0.697265625 0.09375 0.0810546875
0 0.1455078125 0.35546875 0.0830078125 0.0810546875
0 0.37890625 0.857421875 0.091796875 0.091796875
0 0.3603515625 0.2626953125 0.0849609375 0.083984375
0 0.6533203125 0.25390625 0.05859375 0.0625
0 0.8125 0.720703125 0.0859375 0.09375
0 0.6875 0.3154296875 0.072265625 0.076171875
0 0.8720703125 0.1591796875 0.0556640625 0.0625
0 0.09765625 0.8408203125 0.08984375 0.0849609375
0 0.9658203125 0.8134765625 0.0673828125 0.09765625
0 0.8974609375 0.0498046875 0.0703125 0.076171875
0 0.94140625 0.587890625 0.05859375 0.0654296875
0 0.509765625 0.9296875 0.07421875 0.08984375
0 0.583984375 0.857421875 0.0751953125 0.0927734375
0 0.1806640625 0.0302734375 0.0771484375 0.060546875
0 0.451171875 0.6025390625 0.0771484375 0.0771484375
0 0.4658203125 0.05078125 0.0751953125 0.08203125
0 0.134765625 0.0927734375 0.0625 0.0625
0 0.8583984375 0.0478515625 0.052734375 0.0615234375
0 0.7841796875 0.8310546875 0.095703125 0.09375
0 0.5537109375 0.28125 0.05859375 0.0703125
0 0.6376953125 0.6044921875 0.091796875 0.095703125
0 0.8876953125 0.224609375 0.0712890625 0.0703125
0 0.546875 0.3994140625 0.0673828125 0.0693359375
0 0.2626953125 0.6806640625 0.068359375 0.0791015625
0 0.818359375 0.5693359375 0.076171875 0.1064453125
0 0.3876953125 0.1171875 0.0625 0.06640625
0 0.0869140625 0.3134765625 0.0732421875 0.0751953125
0 0.5546875 0.337890625 0.0546875 0.0576171875
0 0.046875 0.029296875 0.0615234375 0.056640625
0 0.220703125 0.96875 0.0576171875 0.0595703125
0 0.2421875 0.236328125 0.0654296875 0.05859375
0 0.634765625 0.0380859375 0.09375 0.076171875
0 0.2578125 0.0146484375 0.0537109375 0.0263671875
0 0.4326171875 0.1591796875 0.06640625 0.07421875
0 0.94921875 0.208984375 0.052734375 0.0498046875
0 0.236328125 0.7626953125 0.0849609375 0.0927734375
0 0.1455078125 0.4482421875 0.068359375 0.068359375
0 0.0361328125 0.248046875 0.072265625 0.087890625
0 0.2548828125 0.5283203125 0.0908203125 0.0966796875
0 0.5068359375 0.2998046875 0.0576171875 0.0693359375
0 0.5029296875 0.22265625 0.0751953125 0.072265625
0 0.419921875 0.3984375 0.0771484375 0.0830078125
0 0.59765625 0.3662109375 0.0556640625 0.0556640625
0 0.2685546875 0.123046875 0.0576171875 0.0556640625
0 0.015625 0.017578125 0.03125 0.0341796875
0 0.1552734375 0.7978515625 0.0654296875 0.0654296875
0 0.5810546875 0.896484375 0.08984375 0.1298828125
0 0.37109375 0.5439453125 0.0849609375 0.1044921875
0 0.123046875 0.642578125 0.111328125 0.1025390625
0 0.056640625 0.75 0.091796875 0.10546875
0 0.14453125 0.7373046875 0.0859375 0.0771484375
0 0.5615234375 0.4814453125 0.0654296875 0.0751953125
0 0.9267578125 0.447265625 0.05078125 0.060546875
0 0.4453125 0.77734375 0.0595703125 0.056640625
0 0.4931640625 0.7392578125 0.0546875 0.0595703125
0 0.3896484375 0.6923828125 0.0517578125 0.056640625
0 0.041015625 0.6552734375 0.0595703125 0.0673828125
0 0.0634765625 0.46484375 0.060546875 0.0712890625
0 0.1650390625 0.220703125 0.0537109375 0.0537109375
0 0.6201171875 0.46875 0.0576171875 0.0595703125
0 0.53515625 0.64453125 0.056640625 0.0703125
0 0.3115234375 0.3046875 0.068359375 0.0712890625
0 0.220703125 0.3115234375 0.0537109375 0.0595703125
0 0.779296875 0.220703125 0.0576171875 0.0634765625
0 0.728515625 0.09765625 0.0556640625 0.056640625
0 0.0322265625 0.1171875 0.046875 0.05078125
0 0.5869140625 0.7685546875 0.0615234375 0.05859375
0 0.7119140625 0.8984375 0.052734375 0.05859375
0 0.7802734375 0.958984375 0.0595703125 0.0595703125
0 0.72265625 0.9560546875 0.0615234375 0.0595703125
0 0.2431640625 0.8779296875 0.0654296875 0.05859375
0 0.083984375 0.9375 0.0537109375 0.0625
0 0.83984375 0.4140625 0.0576171875 0.0498046875
0 0.873046875 0.33984375 0.064453125 0.0615234375
0 0.98046875 0.275390625 0.0390625 0.0634765625
0 0.708984375 0.7109375 0.06640625 0.0634765625
0 0.2802734375 0.4033203125 0.0478515625 0.0537109375
0 0.3427734375 0.400390625 0.064453125 0.0634765625
0 0.03125 0.1787109375 0.05859375 0.0595703125
0 0.087890625 0.57421875 0.056640625 0.0595703125
0 0.326171875 0.931640625 0.0595703125 0.0546875
0 0.3984375 0.958984375 0.064453125 0.0595703125
0 0.6552734375 0.8837890625 0.0595703125 0.064453125