0 0.33854166666666663 0.265625 0.1532552083333334 0.16966145833333335
0 0.8041666666666667 0.1625 0.2059895833333334 0.23151041666666666
0 0.6565104166666667 0.4705729166666667 0.12122395833333321 0.12669270833333335
0 0.4272135416666667 0.2540364583333333 0.1166666666666667 0.1166666666666667
0 0.36920572916666666 0.5505859375 0.12265625000000002 0.11901041666666679
0 0.47402343750000003 0.6791015625 0.12877604166666667 0.12330729166666665
0 0.15891927083333335 0.34212239583333337 0.11067708333333337 0.11432291666666661
0 0.3194661458333333 0.9759114583333333 0.08424479166666665 0.04817708333333348
0 0.45240885416666665 0.15071614583333331 0.1644531250000001 0.1626302083333333
0 0.6520833333333333 0.8708333333333333 0.07708333333333339 0.07708333333333339
0 0.7565755208333333 0.9701171875 0.08111979166666661 0.059765625000000044
0 0.9601236979166667 0.3764973958333333 0.07975260416666652 0.12473958333333335
0 0.6336588541666667 0.7402994791666666 0.1436197916666666 0.14179687499999982
0 0.15013020833333335 0.8373697916666667 0.10859375000000004 0.11223958333333339
0 0.07630208333333334 0.12369791666666667 0.146875 0.16145833333333334
0 0.18424479166666666 0.5615885416666666 0.09661458333333334 0.10755208333333321
0 0.10768229166666667 0.4194010416666667 0.11653645833333334 0.1147135416666667
0 0.95869140625 0.48984375 0.08261718749999991 0.11653645833333326
0 0.21575520833333334 0.8592447916666667 0.10039062499999996 0.10585937500000009
0 0.7807942708333333 0.6577473958333333 0.07734375000000004 0.08098958333333339
0 0.19095052083333333 0.16634114583333334 0.07942708333333331 0.08307291666666666
0 0.46334635416666664 0.4606119791666667 0.09218749999999998 0.09947916666666667
0 0.6940755208333333 0.9876302083333333 0.07200520833333335 0.02473958333333348
0 0.9526041666666667 0.8697265625 0.09479166666666661 0.1040364583333333
0 0.5793619791666667 0.5966796875 0.08085937499999996 0.07539062500000004
0 0.09687499999999999 0.490625 0.08971354166666667 0.09153645833333335
0 0.29322916666666665 0.7526041666666667 0.07513020833333339 0.07695312500000018
0 0.5541015625 0.9728515625 0.09544270833333335 0.05429687499999991
0 0.14934895833333334 0.6944010416666667 0.09375 0.09375
0 0.7600911458333334 0.7263671875 0.10182291666666665 0.0981770833333333
0 0.26425781249999997 0.5805338541666667 0.060416666666666674 0.060416666666666785
0 0.8317708333333333 0.4890625 0.09596354166666665 0.09778645833333333
0 0.08873697916666666 0.7331380208333333 0.04153645833333333 0.0688802083333333
0 0.4409505208333333 0.2267578125 0.150390625 0.1850260416666667
0 0.0486328125 0.49615885416666666 0.03789062500000001 0.10169270833333333
0 0.590234375 0.8180989583333333 0.07291666666666674 0.07291666666666652
0 0.10735677083333334 0.6332682291666667 0.08346354166666664 0.08528645833333348
0 0.7220052083333333 0.680078125 0.07317708333333339 0.07682291666666674
0 0.9180338541666666 0.09134114583333333 0.07044270833333321 0.06497395833333333
0 0.7095703125 0.9602213541666667 0.06666666666666665 0.06666666666666665
0 0.8483072916666666 0.3579427083333333 0.19947916666666665 0.1630208333333334
0 0.22819010416666666 0.47701822916666664 0.04661458333333329 0.05755208333333328
0 0.2641927083333333 0.44830729166666666 0.07421875 0.09244791666666663
0 0.3126302083333333 0.4165364583333333 0.08815104166666665 0.09726562499999991
0 0.06510416666666667 0.2911458333333333 0.09322916666666667 0.11510416666666667
0 0.6498046875000001 0.23873697916666667 0.13997395833333348 0.14544270833333334
0 0.5201171874999999 0.34967447916666666 0.09192708333333321 0.09557291666666667
0 0.5562499999999999 0.10416666666666667 0.08606770833333321 0.09518229166666667
0 0.5231770833333333 0.060156249999999994 0.1049479166666667 0.05755208333333334
0 0.6467447916666667 0.076171875 0.0786458333333333 0.07135416666666666
0 0.8876953125 0.5987630208333333 0.07708333333333339 0.07708333333333339
0 0.9780924479166666 0.630078125 0.043815104166666785 0.07877604166666652
0 0.3807291666666667 0.8546875 0.054166666666666696 0.054166666666666696
0 0.5088541666666666 0.8953125 0.10859374999999982 0.11223958333333339
0 0.5642578125 0.8513671875 0.0639322916666667 0.054817708333333215
0 0.5143880208333333 0.7595703125 0.07005208333333335 0.059114583333333304
0 0.5302083333333334 0.8072916666666666 0.06184895833333348 0.052734375
0 0.7260416666666667 0.9010416666666667 0.09596354166666665 0.09778645833333321
0 0.8543619791666667 0.9154296875 0.08372395833333335 0.08919270833333326
0 0.859375 0.859375 0.0854166666666667 0.0854166666666667
0 0.9524739583333333 0.9560546875 0.09166666666666679 0.087890625
0 0.9186848958333333 0.7719401041666667 0.07981770833333335 0.08893229166666661
0 0.9721354166666667 0.7518229166666667 0.05572916666666661 0.06718749999999996
0 0.99013671875 0.7895833333333333 0.019726562500000044 0.05429687499999991
0 0.3100260416666667 0.8733072916666667 0.08515625000000004 0.0815104166666667
0 0.18789062499999998 0.762109375 0.07460937499999998 0.06914062499999996
0 0.32011718749999996 0.6455078125 0.044140625000000044 0.049609374999999956
0 0.3526041666666667 0.6515625 0.041796874999999956 0.04361979166666652
0 0.3755859375 0.6317057291666667 0.050000000000000044 0.050000000000000044
0 0.31575520833333337 0.6092447916666667 0.05572916666666661 0.04843749999999991
0 0.2706380208333333 0.6470703125 0.059114583333333304 0.07005208333333335
0 0.22682291666666665 0.6169270833333333 0.06406250000000002 0.056770833333333215
0 0.09166666666666667 0.5729166666666667 0.060677083333333326 0.06432291666666679
0 0.38749999999999996 0.9125000000000001 0.060026041666666696 0.054557291666666785
0 0.46848958333333335 0.9787760416666667 0.06458333333333321 0.042447916666666696
0 0.24114583333333334 0.9484375 0.07213541666666667 0.0903645833333333
0 0.19088541666666667 0.9762369791666667 0.09921874999999997 0.04752604166666652
0 0.40546875000000004 0.3653645833333333 0.07317708333333339 0.07682291666666663
0 0.38802083333333337 0.7161458333333333 0.09114583333333326 0.08385416666666679
0 0.6440104166666667 0.82265625 0.05377604166666661 0.048307291666666696
0 0.5541666666666667 0.4666666666666667 0.09309895833333348 0.11315104166666656
0 0.6425130208333334 0.5668619791666667 0.08164062499999991 0.08710937499999982
0 0.2236328125 0.7294921875 0.058463541666666674 0.06028645833333335
0 0.8385416666666666 0.96611328125 0.07695312499999996 0.06777343750000009
0 0.7600260416666667 0.5649739583333333 0.06458333333333321 0.06458333333333321
0 0.8240885416666667 0.592578125 0.08281249999999996 0.07552083333333348
0 0.9490234375 0.5707682291666667 0.06875000000000009 0.06875000000000009
0 0.6411458333333333 0.13802083333333334 0.06471354166666665 0.06653645833333333
0 0.7151692708333333 0.16920572916666665 0.062369791666666785 0.060546875
0 0.336328125 0.8157552083333334 0.06614583333333335 0.05885416666666665
0 0.6006510416666666 0.9014322916666666 0.06406249999999991 0.056770833333333215
0 0.76640625 0.8502604166666666 0.08411458333333321 0.0658854166666667
0 0.6423828125 0.6669921875 0.056510416666666785 0.06015624999999991
0 0.3774739583333333 0.47044270833333335 0.07903645833333339 0.07721354166666661
0 0.9152994791666667 0.13782552083333333 0.06263020833333321 0.064453125
0 0.4251953125 0.8508463541666667 0.058072916666666696 0.05442708333333335