0 0.8571325231481481 0.7856915509259259 0.10409432870370372 0.12256944444444451
0 0.4444444444444444 0.1486038773148148 0.08311631944444442 0.08321759259259259
0 0.6948061342592593 0.31960358796296295 0.09317129629629628 0.09117476851851847
0 0.408203125 0.7845341435185185 0.11530671296296302 0.10907118055555554
0 0.6548755787037037 0.23820891203703703 0.08731192129629628 0.09108796296296295
0 0.807544849537037 0.3325737847222222 0.09136284722222232 0.09505208333333326
0 0.6657624421296297 0.025607638888888888 0.07624421296296302 0.051215277777777776
0 0.15053530092592593 0.02166521990740741 0.08955439814814814 0.04333043981481482
0 0.10640914351851852 0.23657407407407405 0.07928240740740738 0.08511284722222223
0 0.5991391782407407 0.6099247685185185 0.13208912037037024 0.14055266203703698
0 0.7418258101851851 0.8420572916666667 0.12948495370370372 0.122945601851852
0 0.18833188657407407 0.7653428819444444 0.08940972222222221 0.09502314814814805
0 0.5737847222222222 0.05591724537037037 0.07703993055555558 0.07727141203703704
0 0.03663917824074074 0.4591941550925926 0.07327835648148148 0.07922453703703702
0 0.4149305555555556 0.04948640046296296 0.08506944444444442 0.08324652777777777
0 0.5218098958333334 0.9321831597222223 0.08723958333333326 0.08913483796296306
0 0.9262152777777778 0.36985677083333335 0.12340856481481488 0.11699942129629637
0 0.09780092592592592 0.785228587962963 0.07906539351851852 0.07925347222222223
0 0.31803385416666663 0.0066623263888888895 0.06315104166666674 0.013324652777777779
0 0.47511574074074076 0.4009403935185185 0.08138020833333337 0.08904803240740744
0 0.6434100115740741 0.8113064236111112 0.10713252314814814 0.0991898148148147
0 0.36154513888888884 0.2523148148148148 0.0834780092592593 0.09298321759259254
0 0.8444372106481481 0.021650752314814815 0.06582754629629628 0.03806423611111111
0 0.32975260416666663 0.8471860532407407 0.10510706018518512 0.0972077546296295
0 0.4839048032407407 0.035749421296296297 0.0790653935185186 0.07149884259259259
0 0.5453559027777778 0.4809100115740741 0.11530671296296302 0.10907118055555554
0 0.21437355324074076 0.2993923611111111 0.07291666666666663 0.07135416666666661
0 0.06749131944444445 0.02326388888888889 0.0915798611111111 0.04652777777777778
0 0.25560619212962965 0.7936270254629629 0.10134548611111116 0.1010561342592593
0 0.7313368055555556 0.019321469907407407 0.0912905092592593 0.038642939814814814
0 0.4398509837962963 0.4043909143518518 0.12268518518518512 0.09746817129629637
0 0.021267361111111112 0.6294053819444445 0.042534722222222224 0.07712673611111098
0 0.1521629050925926 0.9513237847222222 0.06879340277777779 0.06543692129629619
0 0.9155454282407407 0.051830150462962965 0.10503472222222232 0.09525462962962963
0 0.1474609375 0.3140480324074074 0.10337094907407407 0.10303819444444451
0 0.2017505787037037 0.9300925925925927 0.06691261574074076 0.06736111111111098
0 0.14966724537037035 0.07000868055555555 0.07118055555555558 0.07718460648148148
0 0.5627531828703705 0.27471064814814816 0.0810185185185186 0.07928240740740744
0 0.2181712962962963 0.776613136574074 0.1291232638888889 0.113179976851852
0 0.5275969328703703 0.8549913194444445 0.09541377314814814 0.0990162037037039
0 0.7730396412037037 0.051989293981481485 0.09309895833333326 0.08922164351851852
0 0.46184172453703703 0.3376953125 0.06112557870370372 0.06922743055555558
0 0.40983072916666663 0.3980034722222222 0.09729456018518512 0.09709201388888888
0 0.9305555555555556 0.5952546296296296 0.07725694444444442 0.08313078703703702
0 0.8289930555555556 0.8866391782407408 0.1015625 0.10691550925925908
0 0.031901041666666664 0.21913339120370368 0.06004050925925926 0.09263599537037037
0 0.7986472800925926 0.5728081597222222 0.1035879629629628 0.10889756944444451
0 0.3021918402777778 0.43180700231481484 0.07892071759259256 0.07534722222222223
0 0.5895543981481481 0.1308376736111111 0.07118055555555558 0.07718460648148151
0 0.9941767939814815 0.03700086805555556 0.009765625 0.052850115740740736
0 0.20525896990740738 0.5718388310185185 0.07884837962962965 0.07339409722222223
0 0.24287471064814814 0.2150318287037037 0.07718460648148151 0.08117766203703702
0 0.2705439814814815 0.39030671296296293 0.06090856481481488 0.06336805555555558
0 0.34147135416666663 0.9524233217592593 0.08680555555555558 0.07741608796296306
0 0.9164134837962963 0.7135633680555555 0.09338831018518512 0.09703414351851847
0 0.13838252314814814 0.4274016203703704 0.07892071759259262 0.07534722222222223
0 0.03974971064814815 0.37429108796296295 0.0794994212962963 0.08723958333333326
0 0.03146701388888889 0.7278645833333333 0.06293402777777778 0.11067708333333348
0 0.12377025462962962 0.5847583912037038 0.11508969907407407 0.10321180555555554
0 0.419921875 0.494480613425926 0.11682581018518523 0.09738136574074074
0 0.7156394675925926 0.4422743055555556 0.11161747685185186 0.11487268518518512
0 0.7982855902777778 0.4508101851851852 0.08600983796296302 0.10863715277777775
0 0.9029224537037037 0.4980613425925926 0.11588541666666652 0.12469618055555554
0 0.7699291087962963 0.7157335069444444 0.10366030092592604 0.11085069444444429
0 0.5972222222222222 0.9252097800925926 0.08456307870370372 0.12228009259259265
0 0.6562861689814815 0.911646412037037 0.080078125 0.10659722222222223
0 0.7399450231481481 0.9455439814814814 0.12037037037037046 0.08767361111111116
0 0.01862702546296296 0.8940248842592593 0.03725405092592592 0.1103877314814814
0 0.0621021412037037 0.1152271412037037 0.10387731481481481 0.11671006944444445
0 0.26985677083333337 0.11898148148148148 0.14279513888888884 0.11338252314814815
0 0.7581380208333334 0.13810040509259258 0.08904803240740744 0.08525752314814816
0 0.8214337384259259 0.2211009837962963 0.09526909722222232 0.09510995370370373
0 0.9262876157407407 0.20978732638888892 0.107421875 0.10700231481481481
0 0.41941550925925924 0.5872106481481482 0.08456307870370372 0.06957465277777786
0 0.4969618055555555 0.6543836805555556 0.09469039351851849 0.0794849537037039
0 0.5095124421296295 0.5790436921296296 0.0868778935185186 0.07936921296296306
0 0.37235966435185186 0.6981987847222222 0.0771122685185186 0.07922453703703702
0 0.12416811342592593 0.6794270833333333 0.11263020833333331 0.08951099537037033
0 0.2304325810185185 0.5246166087962962 0.10423900462962965 0.0737702546296295
0 0.5058232060185185 0.2043041087962963 0.07696759259259256 0.07531828703703702
0 0.6729600694444444 0.7249782986111111 0.0732060185185186 0.07916666666666661