0 0.537326388888889 0.8914568865740741 0.22989004629629628 0.1592158564814814
0 0.9564163773148149 0.7309027777777778 0.08716724537037024 0.19979745370370372
0 0.7451171875 0.817310474537037 0.19111689814814814 0.2167245370370372
0 0.6158130787037037 0.5252821180555556 0.19618055555555558 0.19567418981481488
0 0.45308883101851855 0.7057653356481481 0.21896701388888895 0.17983217592592604
0 0.8034939236111112 0.5955946180555556 0.14973958333333348 0.1513310185185186
0 0.9612991898148149 0.5281032986111112 0.07740162037037024 0.21607349537037024
0 0.34436487268518523 0.5199291087962963 0.15588831018518512 0.15957754629629628
0 0.9457465277777778 0.20609085648148148 0.09114583333333326 0.14699074074074076
0 0.40849247685185186 0.021375868055555552 0.12557870370370372 0.042751736111111105
0 0.5269458912037037 0.7962601273148149 0.1650028935185186 0.14272280092592604
0 0.6784577546296295 0.20728443287037035 0.16333912037037024 0.150390625
0 0.48867910879629634 0.2654079861111111 0.13353587962962965 0.13454861111111116
0 0.3622685185185185 0.3687789351851852 0.09288194444444442 0.08868634259259256
0 0.26674623842592593 0.4071903935185185 0.1001157407407407 0.07364004629629628
0 0.1714771412037037 0.29380063657407407 0.11364293981481483 0.12333622685185186
0 0.029369212962962965 0.21129918981481483 0.04774305555555555 0.13208912037037035
0 0.07530381944444445 0.23531539351851852 0.09512442129629628 0.09664351851851855
0 0.06130642361111111 0.09534143518518517 0.11610243055555557 0.08456307870370372
0 0.7492404513888888 0.007848668981481479 0.18207465277777768 0.015697337962962958
0 0.8689236111111112 0.04267939814814814 0.08355034722222232 0.08535879629629628
0 0.3735170717592593 0.9368851273148148 0.11610243055555558 0.08456307870370372
0 0.5306351273148149 0.049804687499999986 0.09700520833333348 0.09483506944444445
0 0.6337528935185185 0.06271701388888888 0.11603009259259256 0.12543402777777776
0 0.3012152777777778 0.7561848958333333 0.09903067129629628 0.09693287037037024
0 0.3882378472222222 0.14456741898148148 0.12782118055555558 0.13802083333333331
0 0.8543475115740741 0.7524233217592593 0.11096643518518512 0.10366030092592604