0 0.123046875 0.5617332175925926 0.18268229166666666 0.1722945601851853
0 0.8411458333333333 0.3027488425925926 0.12955729166666652 0.13412905092592586
0 0.33723958333333337 0.5355179398148148 0.10221354166666674 0.10332754629629637
0 0.2212890625 0.4595847800925926 0.15976562499999997 0.14953703703703702
0 0.9503580729166667 0.5836371527777777 0.09928385416666652 0.11699942129629637
0 0.7300130208333333 0.28449074074074077 0.11497395833333335 0.1196469907407407
0 0.3453125 0.9381221064814815 0.13802083333333326 0.12375578703703694
0 0.4192708333333333 0.1318431712962963 0.15598958333333335 0.15125868055555558
0 0.5888020833333334 0.8509910300925926 0.11263020833333348 0.11367187500000009
0 0.5616536458333333 0.7501663773148148 0.09049479166666674 0.10263310185185182
0 0.6345703125 0.28272569444444445 0.11054687499999982 0.11160300925925926
0 0.20286458333333332 0.9797960069444445 0.12604166666666666 0.04040798611111107
0 0.759765625 0.5702835648148148 0.1118489583333333 0.10195312500000009
0 0.33170572916666663 0.23365162037037035 0.1216145833333333 0.13171296296296298
0 0.08144531249999999 0.06902488425925926 0.09635416666666666 0.10298032407407406
0 0.16796875 0.25799334490740744 0.16028645833333333 0.15734953703703702
0 0.19602864583333332 0.9123408564814814 0.17109375 0.14437210648148158
0 0.07317708333333334 0.39730902777777777 0.1015625 0.12274305555555554
0 0.0884765625 0.6705729166666666 0.09270833333333334 0.13583622685185182
0 0.6875651041666666 0.8004267939814815 0.09830729166666652 0.1030960648148147
0 0.4795572916666667 0.9194155092592593 0.12968749999999996 0.13608217592592586
0 0.720703125 0.48042534722222224 0.12395833333333339 0.1376880787037037
0 0.8946614583333333 0.09873408564814815 0.12135416666666665 0.0986255787037037
0 0.7973958333333333 0.11339699074074074 0.12044270833333348 0.11413483796296295
0 0.7092447916666667 0.08969184027777777 0.0864583333333333 0.10044849537037037
0 0.5901041666666667 0.0826316550925926 0.1138020833333333 0.10206886574074076
0 0.24153645833333331 0.06294849537037037 0.11328125 0.09425636574074076
0 0.223046875 0.15036892361111112 0.08906249999999999 0.1103298611111111
0 0.037890625 0.15982349537037038 0.06119791666666666 0.10089699074074077
0 0.030859375 0.2732132523148148 0.03333333333333334 0.1206452546296296
0 0.31927083333333334 0.7474754050925926 0.11901041666666667 0.12183159722222214
0 0.44375 0.7032986111111111 0.1319010416666666 0.1401041666666667
0 0.49824218750000004 0.6306568287037038 0.10182291666666665 0.09746817129629637
0 0.5610677083333333 0.5079282407407408 0.08385416666666679 0.09056712962962976
0 0.63359375 0.5307074652777778 0.08945312499999991 0.08700810185185182
0 0.5892578125 0.5951967592592593 0.1166666666666667 0.11585648148148131
0 0.8731770833333333 0.6664930555555555 0.13854166666666656 0.09380787037037042
0 0.8696614583333333 0.7596643518518518 0.19544270833333321 0.15943287037037024
0 0.9809895833333333 0.734620949074074 0.03802083333333339 0.09849537037037037
0 0.9640625 0.8750072337962963 0.07187499999999991 0.16928530092592586
0 0.7962239583333334 0.9420717592592592 0.08984375 0.09286747685185182
0 0.7416666666666667 0.8970124421296296 0.08229166666666665 0.09631076388888893
0 0.6235677083333333 0.9896556712962963 0.1049479166666667 0.02068865740740744
0 0.9007812500000001 0.9825846354166667 0.1846354166666666 0.03483072916666652
0 0.7197916666666666 0.6418402777777777 0.09583333333333321 0.09516782407407409
0 0.6690755208333333 0.6689887152777778 0.08125000000000004 0.08068576388888893
0 0.5972005208333333 0.6559751157407407 0.07109374999999996 0.07424768518518521
0 0.46712239583333337 0.29517505787037035 0.1069010416666667 0.11527777777777781
0 0.580859375 0.38167679398148147 0.14726562500000018 0.1079427083333333
0 0.9638020833333334 0.21663773148148147 0.056901041666666874 0.06562500000000004
0 0.9848958333333333 0.08073640046296296 0.016666666666666607 0.045732060185185164
0 0.9622395833333333 0.16401909722222222 0.07539062499999982 0.08033854166666665
0 0.5438151041666667 0.26372974537037036 0.06510416666666674 0.07194733796296293
0 0.16634114583333331 0.07308304398148148 0.06679687499999998 0.06815682870370371
0 0.4664713541666667 0.4459056712962963 0.08723958333333337 0.0829861111111112
0 0.42578125 0.5213107638888889 0.0873697916666667 0.0849392361111112
0 0.3276692708333333 0.6400028935185185 0.14140624999999996 0.10759548611111125
0 0.40071614583333337 0.8310908564814814 0.07916666666666661 0.0786168981481481
0 0.19557291666666665 0.7595992476851852 0.10481770833333337 0.11320891203703698
0 0.08502604166666666 0.8522641782407407 0.05234375000000002 0.08480902777777777
0 0.11048177083333333 0.9689236111111111 0.08424479166666665 0.062152777777777724
0 0.9599609375 0.40264033564814816 0.080078125 0.08344907407407409
0 0.9174479166666667 0.45512152777777776 0.07799479166666679 0.09021990740740737
0 0.3985677083333333 0.33196614583333334 0.09466145833333339 0.07758969907407409
0 0.8715494791666667 0.5399450231481482 0.0990885416666667 0.08563368055555554
0 0.9920247395833333 0.26634114583333335 0.01595052083333348 0.07560763888888888
0 0.6810546875 0.1775101273148148 0.1313802083333333 0.10311053240740742