0 0.3382161458333333 0.6491174768518518 0.14509548611111112 0.14658564814814823
0 0.9792751736111112 0.9312138310185185 0.04144965277777768 0.09688946759259265
0 0.45110677083333334 0.6420066550925926 0.15494791666666663 0.14868344907407405
0 0.6223090277777777 0.7392071759259259 0.1387152777777778 0.1347800925925926
0 0.15518663194444443 0.7469256365740741 0.11840277777777775 0.11691261574074074
0 0.125 0.8801793981481482 0.12495659722222224 0.13262442129629637
0 0.7859375 0.29270833333333335 0.11848958333333348 0.11886574074074074
0 0.28409288194444443 0.836668113425926 0.15555555555555556 0.16235532407407405
0 0.6100694444444444 0.5077329282407408 0.11280381944444451 0.12268518518518512
0 0.8206597222222223 0.41521267361111114 0.10473090277777786 0.11671006944444451
0 0.5238064236111111 0.5650101273148148 0.10047743055555558 0.10883969907407409
0 0.2943793402777778 0.9363642939814816 0.11041666666666661 0.11289062499999991
0 0.4034288194444444 0.776953125 0.11662326388888888 0.12078993055555554
0 0.6805989583333334 0.07449363425925926 0.11814236111111098 0.11105324074074074
0 0.07035590277777778 0.35334924768518516 0.11536458333333333 0.13638599537037033
0 0.45776909722222225 0.5503689236111111 0.10217013888888893 0.1030092592592593
0 0.15488281250000002 0.9584852430555555 0.09943576388888886 0.08302951388888902
0 0.6866102430555556 0.626953125 0.12239583333333348 0.11892361111111116
0 0.4832682291666667 0.7508101851851852 0.12196180555555558 0.10915798611111116
0 0.042078993055555555 0.2660734953703704 0.06471354166666668 0.09464699074074079
0 0.034613715277777776 0.054188368055555554 0.06610243055555556 0.03806423611111111
0 0.34240451388888893 0.2822337962962963 0.08806423611111103 0.09304108796296295
0 0.3958767361111111 0.3435329861111111 0.09978298611111114 0.09321469907407409
0 0.18541666666666667 0.04373553240740741 0.11705729166666667 0.042722800925925924
0 0.103515625 0.9670572916666667 0.053732638888888906 0.0658854166666667
0 0.841623263888889 0.9308087384259259 0.16970486111111116 0.1293836805555555
0 0.689453125 0.9735206886574075 0.13923611111111112 0.05295862268518503
0 0.11675347222222221 0.6507161458333334 0.095703125 0.08925057870370368
0 0.9553168402777779 0.08539496527777776 0.03815104166666661 0.11182002314814815
0 0.3075954861111111 0.9898292824074074 0.11041666666666661 0.020341435185185164
0 0.40217013888888886 0.08988715277777777 0.1513888888888888 0.15643807870370371
0 0.93330078125 0.6190248842592592 0.1333984374999999 0.14081307870370363
0 0.8682291666666666 0.03628472222222222 0.09583333333333321 0.048263888888888884
0 0.22812500000000002 0.609425636574074 0.09162326388888886 0.08528645833333348
0 0.3887152777777778 0.22631655092592592 0.0732638888888888 0.06744791666666666
0 0.3143229166666667 0.440892650462963 0.10455729166666661 0.11280381944444451
0 0.08541666666666667 0.7361328125 0.08059895833333336 0.10073784722222223
0 0.7731119791666667 0.5970052083333333 0.11032986111111098 0.11093749999999991
0 0.9865451388888888 0.2829933449074074 0.023350694444444375 0.08622685185185186
0 0.894704861111111 0.23674045138888888 0.12213541666666661 0.11306423611111116
0 0.20763888888888887 0.1924045138888889 0.14687499999999998 0.14270833333333333
0 0.55234375 0.2628978587962963 0.07981770833333335 0.08315972222222223
0 0.5392578125 0.8248336226851851 0.13029513888888888 0.120992476851852
0 0.5700303819444444 0.6388888888888888 0.07795138888888897 0.08508391203703702
0 0.363671875 0.32158564814814816 0.10507812499999991 0.12452256944444451
0 0.7388020833333333 0.8131510416666667 0.10334201388888875 0.08546006944444429
0 0.14791666666666667 0.47356047453703703 0.10386284722222222 0.0971788194444444
0 0.32374131944444445 0.5649739583333333 0.07352430555555556 0.07330729166666661
0 0.6951388888888889 0.4894748263888889 0.12673611111111116 0.12874710648148147
0 0.8166232638888888 0.10481047453703704 0.12378472222222214 0.1501736111111111
0 0.9799913194444445 0.48996672453703705 0.04001736111111098 0.11610243055555558
0 0.3970920138888889 0.01954571759259259 0.1025173611111111 0.022989004629629634
0 0.7666232638888889 0.03380353009259259 0.09965277777777781 0.04636863425925926
0 0.09622395833333333 0.057052951388888884 0.0705295138888889 0.04984085648148148
0 0.919921875 0.14537760416666667 0.12178819444444455 0.1052517361111111
0 0.41953125 0.8757595486111112 0.11414930555555558 0.10904224537037033
0 0.2318576388888889 0.42991174768518514 0.10164930555555557 0.0912905092592593
0 0.046115451388888895 0.4447265625 0.05629340277777778 0.08085937499999996
0 0.21265190972222223 0.3710720486111111 0.10386284722222222 0.09717881944444451
0 0.7110460069444444 0.2984302662037037 0.07191840277777772 0.0810908564814814
0 0.7305338541666666 0.38557581018518516 0.06944444444444464 0.0693431712962963
0 0.6729383680555555 0.40716869212962964 0.06918402777777777 0.0634837962962963
0 0.8991319444444444 0.7315972222222222 0.07139756944444442 0.0693721064814814
0 0.902734375 0.8126519097222222 0.0859375 0.08910590277777786
0 0.8111328124999999 0.7498119212962964 0.11319444444444438 0.08755787037037033
0 0.6949869791666666 0.1566840277777778 0.08116319444444442 0.06951678240740744
0 0.47684461805555556 0.47452980324074073 0.08337673611111107 0.07540509259259254
0 0.5212239583333333 0.4410300925925926 0.06493055555555549 0.055613425925926
0 0.05711805555555556 0.18724681712962965 0.07174479166666667 0.07718460648148151
0 0.0287109375 0.18487413194444446 0.04422743055555556 0.07287326388888893
0 0.12701822916666666 0.37663483796296293 0.07157118055555556 0.0732783564814814
0 0.9697374131944445 0.3931278935185185 0.06052517361111098 0.09869791666666661
0 0.9096354166666667 0.3091796875 0.08107638888888902 0.06756365740740744
0 0.2958984375 0.048300057870370366 0.08472222222222225 0.06176215277777777
0 0.8191623263888889 0.8426432291666667 0.07395833333333335 0.08307291666666661
0 0.6148871527777777 0.1769675925925926 0.06562499999999982 0.07123842592592594
0 0.5934027777777777 0.08881655092592593 0.058897569444444464 0.05162037037037037