0 0.88671875 0.775390625 0.095703125 0.115234375
0 0.4619140625 0.05078125 0.0732421875 0.0859375
0 0.57421875 0.85546875 0.076171875 0.080078125
0 0.5546875 0.486328125 0.0869140625 0.0908203125
0 0.1484375 0.3330078125 0.0791015625 0.0947265625
0 0.2060546875 0.1416015625 0.0791015625 0.0908203125
0 0.6396484375 0.1640625 0.076171875 0.076171875
0 0.2607421875 0.9345703125 0.0595703125 0.0673828125
0 0.876953125 0.2216796875 0.07421875 0.0908203125
0 0.873046875 0.869140625 0.083984375 0.0888671875
0 0.7265625 0.453125 0.068359375 0.0771484375
0 0.26171875 0.666015625 0.0703125 0.0810546875
0 0.4130859375 0.3935546875 0.06640625 0.0791015625
0 0.81640625 0.5546875 0.0810546875 0.0859375
0 0.1484375 0.4404296875 0.0703125 0.0849609375
0 0.6240234375 0.607421875 0.09375 0.103515625
0 0.484375 0.4091796875 0.068359375 0.0712890625
0 0.80859375 0.6904296875 0.1064453125 0.1142578125
0 0.2763671875 0.189453125 0.076171875 0.0830078125
0 0.5625 0.1474609375 0.0830078125 0.0869140625
0 0.548828125 0.287109375 0.0634765625 0.078125
0 0.123046875 0.75 0.0615234375 0.0693359375
0 0.6435546875 0.8701171875 0.07421875 0.09375
0 0.4580078125 0.771484375 0.095703125 0.08984375
0 0.05859375 0.478515625 0.07421875 0.0771484375
0 0.685546875 0.3212890625 0.072265625 0.0849609375
0 0.431640625 0.1650390625 0.0673828125 0.083984375
0 0.1943359375 0.896484375 0.060546875 0.0751953125
0 0.5087890625 0.90234375 0.0732421875 0.08203125
0 0.6494140625 0.3935546875 0.064453125 0.06640625
0 0.48046875 0.7490234375 0.080078125 0.0927734375
0 0.896484375 0.392578125 0.0732421875 0.076171875
0 0.7529296875 0.1650390625 0.0830078125 0.0751953125
0 0.01953125 0.9169921875 0.0390625 0.083984375
0 0.2412109375 0.865234375 0.0654296875 0.080078125
0 0.55078125 0.0625 0.0703125 0.0810546875
0 0.78515625 0.8154296875 0.1083984375 0.1181640625
0 0.6416015625 0.0283203125 0.076171875 0.056640625
0 0.9775390625 0.5556640625 0.0439453125 0.0830078125
0 0.513671875 0.58203125 0.0712890625 0.0859375
0 0.130859375 0.0947265625 0.0634765625 0.0703125
0 0.388671875 0.0625 0.087890625 0.0927734375
0 0.064453125 0.900390625 0.0615234375 0.0712890625
0 0.59765625 0.1513671875 0.119140625 0.0771484375
0 0.4150390625 0.2880859375 0.060546875 0.0556640625
0 0.169921875 0.70703125 0.0732421875 0.0869140625
0 0.134765625 0.0439453125 0.0859375 0.087890625
0 0.875 0.05859375 0.1005859375 0.091796875
0 0.634765625 0.7626953125 0.056640625 0.064453125
0 0.8115234375 0.0205078125 0.0693359375 0.0400390625
0 0.23828125 0.767578125 0.0712890625 0.0810546875
0 0.7666015625 0.970703125 0.076171875 0.05859375
0 0.02734375 0.0380859375 0.0546875 0.0654296875
0 0.3828125 0.8486328125 0.087890625 0.09375
0 0.7421875 0.0908203125 0.1162109375 0.1015625
0 0.10546875 0.279296875 0.0615234375 0.0654296875
0 0.3095703125 0.46484375 0.072265625 0.095703125
0 0.2802734375 0.392578125 0.0703125 0.06640625
0 0.3564453125 0.212890625 0.0810546875 0.1220703125
0 0.3095703125 0.099609375 0.087890625 0.076171875
0 0.0537109375 0.1552734375 0.083984375 0.091796875
0 0.0302734375 0.25 0.060546875 0.0615234375
0 0.79296875 0.30078125 0.0947265625 0.11328125
0 0.9521484375 0.3515625 0.072265625 0.0751953125
0 0.9755859375 0.3037109375 0.048828125 0.087890625
0 0.9599609375 0.115234375 0.080078125 0.09375
0 0.9541015625 0.216796875 0.091796875 0.0849609375
0 0.693359375 0.619140625 0.0556640625 0.080078125
0 0.240234375 0.5712890625 0.08203125 0.125
0 0.1533203125 0.6015625 0.0693359375 0.0751953125
0 0.029296875 0.654296875 0.05859375 0.076171875
0 0.0908203125 0.677734375 0.0693359375 0.06640625
0 0.0478515625 0.7021484375 0.0615234375 0.06640625
0 0.0556640625 0.775390625 0.080078125 0.0830078125
0 0.3330078125 0.7646484375 0.0888671875 0.1201171875
0 0.3818359375 0.6943359375 0.0615234375 0.0703125
0 0.447265625 0.599609375 0.056640625 0.0712890625
0 0.3349609375 0.5244140625 0.068359375 0.0556640625
0 0.40234375 0.515625 0.0791015625 0.09375
0 0.4501953125 0.46875 0.0693359375 0.0703125
0 0.4755859375 0.521484375 0.0537109375 0.0693359375
0 0.6181640625 0.48046875 0.064453125 0.0634765625
0 0.6943359375 0.701171875 0.0673828125 0.0791015625
0 0.8701171875 0.654296875 0.0595703125 0.076171875
0 0.9345703125 0.681640625 0.0673828125 0.0693359375
0 0.8544921875 0.4580078125 0.0419921875 0.0478515625
0 0.80078125 0.4658203125 0.0546875 0.0732421875
0 0.7265625 0.38671875 0.05859375 0.0654296875
0 0.634765625 0.2412109375 0.0966796875 0.0830078125
0 0.927734375 0.474609375 0.0869140625 0.08984375
0 0.9013671875 0.5673828125 0.0732421875 0.0869140625
0 0.9697265625 0.7734375 0.060546875 0.078125
0 0.728515625 0.90625 0.0654296875 0.0732421875
0 0.6181640625 0.9609375 0.115234375 0.078125
0 0.4130859375 0.927734375 0.0908203125 0.1064453125
0 0.3291015625 0.9228515625 0.0634765625 0.0625
0 0.1376953125 0.9677734375 0.064453125 0.064453125
0 0.03125 0.37109375 0.0625 0.06640625
0 0.15625 0.224609375 0.0556640625 0.0595703125
0 0.2158203125 0.3125 0.0556640625 0.052734375
0 0.3076171875 0.3017578125 0.0791015625 0.0810546875
0 0.4853515625 0.23828125 0.083984375 0.087890625
0 0.5 0.15234375 0.068359375 0.0869140625
0 0.689453125 0.7998046875 0.0576171875 0.0859375
0 0.8251953125 0.962890625 0.05078125 0.068359375