0 0.012000868055555555 0.8021050347222223 0.02400173611111111 0.13797743055555545
0 0.37450086805555555 0.15655381944444444 0.21801215277777775 0.2077690972222222
0 0.49487847222222225 0.5870442708333334 0.0859375 0.08971354166666679
0 0.7178385416666666 0.7069661458333334 0.12265624999999991 0.12565104166666652
0 0.3466796875 0.34351128472222225 0.10998263888888893 0.10390625000000009
0 0.5060329861111111 0.7311848958333333 0.09375 0.08988715277777781
0 0.7395182291666667 0.3728298611111111 0.09197048611111125 0.09375
0 0.2694878472222222 0.7852213541666667 0.15785590277777772 0.17131076388888888
0 0.14989149305555555 0.5566623263888889 0.12213541666666666 0.11393229166666674
0 0.667795138888889 0.6036892361111111 0.1285156249999999 0.12578124999999996
0 0.1044921875 0.7001085069444445 0.13038194444444445 0.12387152777777777
0 0.44817708333333334 0.40857204861111107 0.10811631944444444 0.10581597222222228
0 0.2517361111111111 0.6578124999999999 0.15017361111111116 0.13016493055555545
0 0.7161241319444445 0.9430989583333333 0.11488715277777772 0.0825520833333333
0 0.8441406250000001 0.7626953125 0.09978298611111125 0.09392361111111103
0 0.35915798611111116 0.8310329861111112 0.12478298611111116 0.12960069444444455
0 0.902734375 0.4540798611111111 0.1177083333333333 0.10212673611111112
0 0.8629557291666667 0.8442274305555555 0.06410590277777795 0.08142361111111107
0 0.2116970486111111 0.9221137152777777 0.07903645833333328 0.06614583333333335
0 0.3461371527777778 0.509375 0.13294270833333333 0.13758680555555558
0 0.7065104166666667 0.03990885416666667 0.08836805555555571 0.05659722222222223
0 0.44759114583333337 0.010416666666666666 0.13606770833333326 0.020833333333333332
0 0.4818793402777778 0.8575737847222222 0.1059895833333333 0.10186631944444446
0 0.46165364583333335 0.5224175347222222 0.08975694444444438 0.08784722222222219
0 0.19164496527777777 0.4513454861111111 0.16124131944444448 0.1596788194444444
0 0.2101345486111111 0.47434895833333335 0.1242621527777778 0.11788194444444433
0 0.3862847222222222 0.26458333333333334 0.08424479166666665 0.09552951388888886
0 0.8674913194444445 0.5446180555555555 0.1830729166666667 0.16796875
0 0.9115234375000001 0.14657118055555557 0.05924479166666652 0.05985243055555556
0 0.5579427083333333 0.8802734375 0.09197048611111125 0.09375
0 0.022721354166666666 0.41827256944444446 0.04544270833333333 0.15954861111111107
0 0.16115451388888888 0.6325086805555555 0.08372395833333335 0.08381076388888875
0 0.8139322916666667 0.4326388888888889 0.07343750000000004 0.07187499999999991
0 0.7539496527777778 0.15787760416666666 0.15460069444444446 0.14197048611111113
0 0.34355468749999996 0.6772352430555556 0.10429687499999996 0.10768229166666665
0 0.42289496527777776 0.8676649305555555 0.10004340277777779 0.09978298611111125
0 0.08493923611111111 0.15225694444444443 0.07612847222222222 0.13242187500000002
0 0.8025824652777778 0.051432291666666664 0.05394965277777786 0.028515625000000003
0 0.6123697916666667 0.31419270833333335 0.083984375 0.08967013888888897
0 0.5382378472222222 0.3138888888888889 0.07326388888888902 0.06796875000000002
0 0.6423611111111112 0.1662109375 0.08559027777777795 0.08190104166666667
0 0.6609375 0.09945746527777778 0.07165798611111107 0.07573784722222224
0 0.4000434027777777 0.4379340277777778 0.05099826388888884 0.04991319444444442
0 0.3171657986111111 0.4368489583333333 0.059592013888888906 0.06766493055555556
0 0.2651909722222222 0.3989800347222222 0.07599826388888886 0.08559027777777772
0 0.3094835069444445 0.038975694444444445 0.07105034722222214 0.06206597222222221
0 0.020073784722222224 0.6808810763888888 0.04014756944444445 0.09526909722222232
0 0.1474826388888889 0.8084201388888889 0.1040364583333333 0.10182291666666665
0 0.6293619791666667 0.831857638888889 0.06944444444444442 0.06983506944444429
0 0.5863281250000001 0.812326388888889 0.07326388888888902 0.06796874999999991
0 0.5704427083333333 0.9502387152777778 0.06367187500000004 0.07165798611111107
0 0.12556423611111112 0.9064670138888888 0.06688368055555555 0.056119791666666696
0 0.2544487847222222 0.3114149305555556 0.07148437500000004 0.07183159722222232
0 0.19537760416666666 0.27955729166666665 0.06961805555555556 0.07374131944444451
0 0.19568142361111113 0.09711371527777779 0.10855034722222223 0.11558159722222222
0 0.14014756944444445 0.05151909722222223 0.07309027777777777 0.0640625
0 0.11681857638888889 0.029210069444444445 0.04761284722222223 0.05842013888888889
0 0.9205729166666667 0.09661458333333334 0.06119791666666652 0.059895833333333315
0 0.9709201388888888 0.1052517361111111 0.04930555555555571 0.05572916666666666
0 0.6197265625 0.4779296875 0.1547743055555555 0.14587673611111107
0 0.4457248263888889 0.9686197916666667 0.10533854166666667 0.043315972222222276
0 0.83046875 0.280078125 0.0776041666666667 0.07782118055555554