0 0.6030020254629629 0.8332682291666667 0.12404513888888902 0.1402343749999999
0 0.8801721643518519 0.7125868055555555 0.1357494212962962 0.13880208333333321
0 0.09323640046296297 0.5923394097222222 0.08661747685185184 0.09561631944444438
0 0.14074074074074075 0.7688802083333333 0.18113425925925924 0.20329861111111125
0 0.01168258101851852 0.8567708333333333 0.02336516203703704 0.11458333333333348
0 0.5158275462962962 0.7404947916666667 0.14960937499999982 0.16480034722222214
0 0.5848741319444444 0.512890625 0.11430844907407423 0.14370659722222223
0 0.6190104166666667 0.6490234374999999 0.13002025462962963 0.15611979166666679
0 0.7156611689814816 0.6486328125 0.12207754629629619 0.1381944444444443
0 0.8312355324074074 0.4658203125 0.1259693287037038 0.13641493055555554
0 0.2601634837962963 0.5937065972222222 0.15940393518518525 0.16914062499999982
0 0.4712456597222222 0.5648003472222223 0.10630787037037037 0.11796875000000018
0 0.28716001157407406 0.11219618055555555 0.16335358796296295 0.17517361111111113
0 0.10168547453703704 0.24246961805555556 0.15570023148148146 0.1963107638888889
0 0.04371383101851852 0.6463975694444444 0.08742766203703704 0.12126736111111125
0 0.4506438078703704 0.18302951388888888 0.09254918981481475 0.10564236111111114
0 0.38593026620370374 0.22105034722222222 0.112254050925926 0.12994791666666672
0 0.8913700810185186 0.9141710069444444 0.05927372685185173 0.09440104166666652
0 0.03918547453703704 0.5460286458333333 0.07837094907407408 0.11106770833333335
0 0.03723234953703704 0.8068142361111111 0.07446469907407408 0.10512152777777772
0 0.08009982638888889 0.12530381944444444 0.05141782407407408 0.08819444444444446
0 0.0736328125 0.6029730902777778 0.13190104166666666 0.1464409722222222
0 0.9487847222222222 0.27999131944444444 0.09840856481481475 0.10590277777777779
0 0.41240596064814816 0.20523003472222223 0.1162037037037037 0.13598090277777775
0 0.669675925925926 0.016276041666666664 0.16834490740740726 0.03255208333333333
0 0.26320891203703706 0.8415364583333333 0.1318287037037037 0.1366753472222222
0 0.943185763888889 0.37688802083333334 0.10865162037037024 0.17078993055555558
0 0.03854166666666667 0.3321614583333333 0.05548321759259259 0.10985243055555549
0 0.6785734953703704 0.7791449652777778 0.11219618055555558 0.12213541666666661
0 0.7894097222222223 0.181640625 0.07874710648148131 0.08745659722222221
0 0.0330005787037037 0.64296875 0.0660011574074074 0.12812500000000004
0 0.4149377893518519 0.5223958333333334 0.10632233796296298 0.11992187500000018
0 0.8301938657407407 0.3428602430555555 0.10247395833333339 0.12756076388888893
0 0.46000434027777776 0.8962456597222223 0.18872974537037035 0.1743489583333333
0 0.07586082175925926 0.433984375 0.14346064814814813 0.1254774305555555
0 0.9785662615740741 0.2132595486111111 0.039916087962962976 0.1169704861111111
0 0.578833912037037 0.02302517361111111 0.0669126157407407 0.04605034722222222
0 0.4301142939814815 0.31866319444444446 0.1454282407407408 0.12751736111111112
0 0.9551938657407407 0.6008897569444445 0.06941550925925921 0.14561631944444442
0 0.7706380208333334 0.8707248263888889 0.1337818287037038 0.1367621527777776
0 0.9570023148148148 0.48854166666666665 0.07902199074074079 0.12456597222222232
0 0.05405815972222222 0.5160807291666667 0.10811631944444444 0.1748697916666666
0 0.28781105324074074 0.9468532986111111 0.2113715277777778 0.06796874999999991
0 0.6991102430555556 0.9061197916666667 0.17866030092592577 0.13289930555555562
0 0.21459780092592595 0.2872395833333333 0.10041956018518516 0.1138020833333333
0 0.6043836805555556 0.2513671875 0.08459201388888893 0.08576388888888897
0 0.7852358217592592 0.0861545138888889 0.08070023148148131 0.08754340277777778
0 0.9370370370370371 0.15262586805555556 0.11627604166666661 0.14574652777777775
0 0.9834490740740741 0.08125 0.03182870370370372 0.07951388888888888
0 0.8977141203703703 0.05772569444444445 0.0727864583333333 0.07352430555555556
0 0.5093460648148148 0.046484375 0.10630787037037037 0.09296875
0 0.43734809027777777 0.011783854166666666 0.09014756944444446 0.023567708333333333
0 0.24183304398148148 0.042317708333333336 0.07489872685185184 0.08463541666666667
0 0.13725405092592594 0.053450520833333334 0.07868923611111112 0.07964409722222221
0 0.11900318287037037 0.016731770833333333 0.07449363425925926 0.033463541666666666
0 0.5084201388888889 0.42256944444444444 0.08456307870370372 0.08185763888888886
0 0.515747974537037 0.4876519097222222 0.0923032407407407 0.07243923611111114
0 0.4486255787037037 0.4554904513888889 0.08064236111111112 0.07973090277777772
0 0.3744212962962963 0.4568359375 0.10616319444444444 0.09843750000000007
0 0.27839265046296297 0.5050347222222222 0.08068576388888893 0.08559027777777772
0 0.16880787037037037 0.5382161458333333 0.06695601851851851 0.0771701388888888
0 0.3707175925925926 0.6932508680555556 0.11613136574074079 0.12621527777777786
0 0.39338831018518516 0.795724826388889 0.11006944444444444 0.09861111111111098
0 0.6450665509259259 0.9534288194444445 0.09010416666666665 0.039149305555555625
0 0.7413266782407408 0.3468098958333333 0.08664641203703694 0.09952256944444438
0 0.7465928819444445 0.4266276041666667 0.06503182870370372 0.08098958333333339
0 0.6848668981481482 0.45670572916666663 0.07679398148148153 0.0873697916666667
0 0.6881799768518518 0.5366102430555556 0.10036168981481475 0.1059895833333333
0 0.883666087962963 0.24090711805555554 0.06109664351851851 0.07690972222222225
0 0.6986111111111111 0.18274739583333333 0.0649739583333333 0.07317708333333334
0 0.2125072337962963 0.17408854166666665 0.06115451388888887 0.08472222222222225
0 0.3017650462962963 0.3809895833333333 0.10044849537037037 0.1177083333333333
0 0.2218532986111111 0.36208767361111116 0.0964554398148148 0.10581597222222228
0 0.12730034722222222 0.8700303819444444 0.08454861111111112 0.07990451388888875
0 0.1045211226851852 0.9139973958333334 0.07844328703703704 0.04644097222222232
0 0.3607855902777778 0.5843532986111111 0.08070023148148153 0.08754340277777795