0 0.90234375 0.8759765625 0.1142578125 0.103515625
0 0.685546875 0.203125 0.1630859375 0.1572265625
0 0.4599609375 0.568359375 0.0625 0.068359375
0 0.2236328125 0.62890625 0.0888671875 0.0966796875
0 0.662109375 0.37890625 0.083984375 0.0771484375
0 0.412109375 0.6953125 0.0703125 0.06640625
0 0.2939453125 0.3232421875 0.0673828125 0.0732421875
0 0.6142578125 0.79296875 0.1123046875 0.134765625
0 0.78515625 0.611328125 0.0927734375 0.0849609375
0 0.296875 0.5458984375 0.095703125 0.0947265625
0 0.7890625 0.75 0.0986328125 0.091796875
0 0.55078125 0.4169921875 0.080078125 0.080078125
0 0.6650390625 0.6826171875 0.1181640625 0.09375
0 0.158203125 0.85546875 0.087890625 0.08203125
0 0.0927734375 0.654296875 0.07421875 0.0703125
0 0.5205078125 0.8154296875 0.0908203125 0.1015625
0 0.12109375 0.36328125 0.091796875 0.07421875
0 0.0439453125 0.724609375 0.0654296875 0.068359375
0 0.6318359375 0.9404296875 0.0615234375 0.068359375
0 0.6181640625 0.5283203125 0.095703125 0.107421875
0 0.4130859375 0.0234375 0.076171875 0.046875
0 0.666015625 0.0263671875 0.119140625 0.052734375
0 0.576171875 0.978515625 0.09375 0.04296875
0 0.3994140625 0.8154296875 0.080078125 0.0771484375
0 0.5078125 0.5166015625 0.06640625 0.0673828125
0 0.7744140625 0.5087890625 0.119140625 0.1220703125
0 0.751953125 0.5244140625 0.0927734375 0.087890625
0 0.9453125 0.021484375 0.0751953125 0.04296875
0 0.029296875 0.0146484375 0.0439453125 0.029296875
0 0.6474609375 0.298828125 0.05859375 0.076171875
0 0.9697265625 0.7021484375 0.060546875 0.076171875
0 0.12890625 0.4521484375 0.138671875 0.125
0 0.1962890625 0.0830078125 0.0439453125 0.044921875
0 0.3232421875 0.8193359375 0.0673828125 0.0712890625
0 0.0146484375 0.1318359375 0.029296875 0.048828125
0 0.96875 0.517578125 0.0625 0.14453125
0 0.7548828125 0.677734375 0.0615234375 0.064453125
0 0.208984375 0.3623046875 0.0546875 0.0546875
0 0.337890625 0.1259765625 0.1181640625 0.1044921875
0 0.021484375 0.3017578125 0.04296875 0.072265625
0 0.5751953125 0.6806640625 0.076171875 0.083984375
0 0.12890625 0.9775390625 0.1376953125 0.044921875
0 0.451171875 0.8359375 0.0732421875 0.0771484375
0 0.9677734375 0.26171875 0.0634765625 0.1162109375
0 0.7763671875 0.0146484375 0.08984375 0.025390625
0 0.775390625 0.978515625 0.068359375 0.04296875
0 0.322265625 0.0146484375 0.046875 0.0283203125
0 0.42578125 0.296875 0.060546875 0.0712890625
0 0.494140625 0.3125 0.056640625 0.05078125
0 0.4384765625 0.158203125 0.064453125 0.0625
0 0.439453125 0.09375 0.0517578125 0.05859375
0 0.587890625 0.453125 0.0390625 0.0380859375
0 0.6640625 0.46875 0.0419921875 0.0537109375
0 0.72265625 0.4453125 0.052734375 0.0673828125
0 0.7783203125 0.111328125 0.0546875 0.044921875
0 0.8935546875 0.7568359375 0.064453125 0.0751953125
0 0.7197265625 0.83984375 0.078125 0.076171875
0 0.271484375 0.7607421875 0.0517578125 0.0537109375
0 0.31640625 0.751953125 0.0556640625 0.05078125
0 0.2001953125 0.943359375 0.068359375 0.078125
0 0.314453125 0.9765625 0.0546875 0.046875
0 0.29296875 0.8798828125 0.044921875 0.0556640625
0 0.0380859375 0.921875 0.0556640625 0.0546875
0 0.71484375 0.9443359375 0.0537109375 0.0595703125
0 0.7548828125 0.369140625 0.0537109375 0.0537109375
0 0.818359375 0.3525390625 0.0498046875 0.056640625
0 0.8671875 0.1875 0.0771484375 0.0908203125
0 0.9287109375 0.1572265625 0.0556640625 0.046875
0 0.9775390625 0.1171875 0.0439453125 0.1064453125
0 0.201171875 0.037109375 0.0458984375 0.044921875
0 0.1494140625 0.03125 0.0439453125 0.048828125
0 0.375 0.443359375 0.1181640625 0.1083984375
0 0.908203125 0.9814453125 0.046875 0.037109375
0 0.400390625 0.95703125 0.08984375 0.0859375
0 0.2353515625 0.2216796875 0.0576171875 0.0595703125