0 0.8984375 0.5302734375 0.16796875 0.150390625
0 0.189453125 0.255859375 0.11328125 0.1171875
0 0.6865234375 0.49609375 0.08984375 0.0908203125
0 0.7900390625 0.427734375 0.1396484375 0.130859375
0 0.107421875 0.5166015625 0.08984375 0.103515625
0 0.29296875 0.2431640625 0.1005859375 0.1064453125
0 0.7138671875 0.89453125 0.12109375 0.13671875
0 0.5771484375 0.109375 0.1357421875 0.1328125
0 0.4736328125 0.78515625 0.0986328125 0.099609375
0 0.4912109375 0.6904296875 0.078125 0.0908203125
0 0.3837890625 0.244140625 0.095703125 0.0986328125
0 0.8515625 0.9541015625 0.11328125 0.091796875
0 0.2890625 0.51171875 0.0986328125 0.0888671875
0 0.66796875 0.2099609375 0.1044921875 0.1162109375
0 0.8916015625 0.064453125 0.083984375 0.0908203125
0 0.8251953125 0.2392578125 0.140625 0.138671875
0 0.8505859375 0.8583984375 0.150390625 0.1240234375
0 0.935546875 0.3759765625 0.1005859375 0.1083984375
0 0.9482421875 0.634765625 0.103515625 0.1220703125
0 0.3759765625 0.732421875 0.0849609375 0.0908203125
0 0.58203125 0.8544921875 0.1123046875 0.1201171875
0 0.318359375 0.427734375 0.1064453125 0.1220703125
0 0.1220703125 0.0517578125 0.107421875 0.103515625
0 0.2158203125 0.0771484375 0.10546875 0.1005859375
0 0.298828125 0.052734375 0.076171875 0.10546875
0 0.4111328125 0.0537109375 0.1015625 0.099609375
0 0.7392578125 0.0458984375 0.099609375 0.091796875
0 0.763671875 0.1357421875 0.076171875 0.09765625
0 0.9580078125 0.154296875 0.083984375 0.08984375
0 0.97265625 0.259765625 0.0537109375 0.111328125
0 0.7197265625 0.697265625 0.103515625 0.1064453125
0 0.5986328125 0.650390625 0.1142578125 0.123046875
0 0.5419921875 0.5791015625 0.0888671875 0.0859375
0 0.4716796875 0.4609375 0.0732421875 0.0791015625
0 0.4052734375 0.4794921875 0.078125 0.076171875
0 0.4521484375 0.54296875 0.1025390625 0.1025390625
0 0.1884765625 0.5986328125 0.125 0.078125
0 0.19921875 0.6875 0.173828125 0.13671875
0 0.0556640625 0.66015625 0.1005859375 0.087890625
0 0.072265625 0.79296875 0.14453125 0.150390625
0 0.283203125 0.86328125 0.0791015625 0.08203125
0 0.33203125 0.8212890625 0.0712890625 0.0849609375
0 0.453125 0.9541015625 0.0947265625 0.0859375
0 0.1904296875 0.9306640625 0.166015625 0.0830078125
0 0.33203125 0.5810546875 0.0830078125 0.0830078125
0 0.3818359375 0.609375 0.0712890625 0.0703125
0 0.44921875 0.599609375 0.0625 0.0654296875
0 0.5439453125 0.2626953125 0.091796875 0.1025390625
0 0.4423828125 0.33984375 0.130859375 0.091796875
0 0.06640625 0.16796875 0.048828125 0.05859375
0 0.0205078125 0.037109375 0.041015625 0.0546875
0 0.0634765625 0.119140625 0.064453125 0.0703125
0 0.46875 0.23046875 0.056640625 0.0634765625
0 0.8115234375 0.064453125 0.056640625 0.0595703125
0 0.556640625 0.40625 0.0771484375 0.0732421875
0 0.6015625 0.478515625 0.0751953125 0.07421875
0 0.7041015625 0.5947265625 0.1259765625 0.091796875
0 0.650390625 0.7734375 0.0693359375 0.068359375
0 0.8388671875 0.7138671875 0.08984375 0.099609375
0 0.96484375 0.80859375 0.0703125 0.078125
0 0.94921875 0.9453125 0.09765625 0.109375
0 0.0771484375 0.3447265625 0.0830078125 0.0712890625
0 0.12890625 0.396484375 0.06640625 0.0791015625
0 0.025390625 0.4296875 0.05078125 0.0859375
0 0.6123046875 0.30078125 0.0830078125 0.0673828125
0 0.1796875 0.478515625 0.087890625 0.07421875
0 0.0263671875 0.2158203125 0.0439453125 0.0693359375
0 0.33203125 0.1435546875 0.1171875 0.087890625