0 0.337890625 0.236328125 0.1318359375 0.138671875
0 0.154296875 0.283203125 0.0888671875 0.091796875
0 0.625 0.4423828125 0.099609375 0.1083984375
0 0.5615234375 0.7138671875 0.1103515625 0.109375
0 0.138671875 0.505859375 0.078125 0.08984375
0 0.634765625 0.955078125 0.0693359375 0.0732421875
0 0.2080078125 0.7021484375 0.0849609375 0.087890625
0 0.4306640625 0.951171875 0.078125 0.08984375
0 0.84375 0.205078125 0.1416015625 0.125
0 0.67578125 0.818359375 0.0810546875 0.078125
0 0.2001953125 0.9345703125 0.080078125 0.0732421875
0 0.8994140625 0.552734375 0.1103515625 0.1044921875
0 0.955078125 0.3779296875 0.08984375 0.1015625
0 0.2021484375 0.806640625 0.1044921875 0.09765625
0 0.490234375 0.1142578125 0.1396484375 0.1435546875
0 0.55078125 0.8388671875 0.0595703125 0.0634765625
0 0.0546875 0.779296875 0.0927734375 0.103515625
0 0.4658203125 0.8095703125 0.056640625 0.05859375
0 0.3046875 0.365234375 0.080078125 0.08203125
0 0.4111328125 0.623046875 0.1396484375 0.1494140625
0 0.5576171875 0.9755859375 0.056640625 0.048828125
0 0.76171875 0.8291015625 0.0732421875 0.0859375
0 0.6240234375 0.8623046875 0.080078125 0.0849609375
0 0.30859375 0.673828125 0.087890625 0.07421875
0 0.7490234375 0.1474609375 0.0732421875 0.080078125
0 0.1044921875 0.708984375 0.0791015625 0.080078125
0 0.84765625 0.8466796875 0.1044921875 0.0927734375
0 0.0654296875 0.423828125 0.078125 0.078125
0 0.251953125 0.39453125 0.0703125 0.076171875
0 0.9619140625 0.0546875 0.076171875 0.103515625
0 0.818359375 0.41796875 0.08984375 0.0791015625
0 0.1240234375 0.0703125 0.1416015625 0.1337890625
0 0.3603515625 0.4345703125 0.08984375 0.099609375
0 0.4052734375 0.8349609375 0.099609375 0.09765625
0 0.681640625 0.0224609375 0.11328125 0.044921875
0 0.4443359375 0.2255859375 0.1015625 0.1083984375
0 0.0146484375 0.6748046875 0.029296875 0.080078125
0 0.517578125 0.2958984375 0.0830078125 0.0888671875
0 0.2236328125 0.111328125 0.0703125 0.0693359375
0 0.064453125 0.2255859375 0.107421875 0.09375
0 0.03515625 0.314453125 0.0703125 0.08203125
0 0.2119140625 0.5927734375 0.0625 0.06640625
0 0.1796875 0.5576171875 0.0419921875 0.046875
0 0.82421875 0.9296875 0.095703125 0.0859375
0 0.8359375 0.767578125 0.0654296875 0.06640625
0 0.9013671875 0.736328125 0.0654296875 0.0546875
0 0.919921875 0.787109375 0.0478515625 0.044921875
0 0.33203125 0.9521484375 0.0712890625 0.06640625
0 0.1083984375 0.599609375 0.0703125 0.0517578125
0 0.3955078125 0.337890625 0.07421875 0.072265625
0 0.49609375 0.4091796875 0.0498046875 0.0654296875
0 0.548828125 0.396484375 0.056640625 0.0595703125
0 0.4912109375 0.48828125 0.0556640625 0.05859375
0 0.7822265625 0.3359375 0.05859375 0.0595703125
0 0.8076171875 0.0986328125 0.07421875 0.078125
0 0.865234375 0.0537109375 0.0634765625 0.068359375
0 0.748046875 0.513671875 0.05859375 0.068359375
0 0.802734375 0.48046875 0.0546875 0.0478515625
0 0.8681640625 0.4716796875 0.0703125 0.0654296875
0 0.931640625 0.494140625 0.0771484375 0.07421875
0 0.7236328125 0.630859375 0.0703125 0.0673828125
0 0.6474609375 0.6552734375 0.0625 0.0615234375
0 0.57421875 0.6416015625 0.072265625 0.0712890625
0 0.2177734375 0.53125 0.0546875 0.04296875
0 0.2421875 0.50390625 0.0576171875 0.0595703125
0 0.271484375 0.5595703125 0.0458984375 0.0498046875
0 0.28125 0.8046875 0.041015625 0.0361328125
0 0.2890625 0.85546875 0.0458984375 0.0419921875
0 0.5341796875 0.54296875 0.0625 0.06640625
0 0.0498046875 0.5390625 0.0625 0.0595703125
0 0.63671875 0.21484375 0.1015625 0.1015625
0 0.619140625 0.53515625 0.0556640625 0.0517578125
0 0.49609375 0.853515625 0.041015625 0.0380859375
0 0.529296875 0.8837890625 0.0419921875 0.0400390625
0 0.708984375 0.95703125 0.0615234375 0.06640625
0 0.7529296875 0.890625 0.0546875 0.04296875
0 0.9697265625 0.916015625 0.060546875 0.05078125
0 0.4345703125 0.7216796875 0.0478515625 0.044921875
0 0.4482421875 0.7578125 0.048828125 0.0263671875
0 0.4921875 0.779296875 0.04296875 0.0458984375
0 0.546875 0.7822265625 0.041015625 0.041015625
0 0.263671875 0.60546875 0.044921875 0.0419921875
0 0.291015625 0.6083984375 0.0400390625 0.0478515625
0 0.3203125 0.5751953125 0.0400390625 0.0517578125
0 0.015625 0.0654296875 0.03125 0.0537109375
0 0.6884765625 0.0625 0.0546875 0.056640625
0 0.4296875 0.423828125 0.0478515625 0.0595703125
0 0.119140625 0.8837890625 0.0576171875 0.05859375
0 0.064453125 0.9365234375 0.083984375 0.0751953125
0 0.2275390625 0.20703125 0.04296875 0.044921875
0 0.6591796875 0.712890625 0.072265625 0.052734375