0 0.7234085648148147 0.08015046296296297 0.14946469907407423 0.14307002314814815
0 0.7109375 0.7701244212962963 0.1416811342592592 0.14674479166666665
0 0.6236328124999999 0.851830150462963 0.18093171296296306 0.1732928240740741
0 0.5275390625 0.9337962962962962 0.12770543981481475 0.10532407407407396
0 0.36208043981481486 0.486451099537037 0.13174189814814818 0.12301793981481479
0 0.9333116319444444 0.5036458333333333 0.13337673611111112 0.16420717592592582
0 0.48453414351851853 0.4027271412037037 0.11017071759259256 0.11066261574074066
0 0.8249204282407407 0.8614945023148148 0.166941550925926 0.1299189814814814
0 0.8232711226851852 0.6388382523148148 0.11607349537037037 0.1166956018518519
0 0.09484230324074075 0.14468315972222223 0.15729166666666666 0.14525462962962965
0 0.33234230324074077 0.032154224537037035 0.12543402777777768 0.06229745370370371
0 0.33764467592592595 0.2205150462962963 0.09444444444444455 0.09652777777777777
0 0.8145182291666666 0.5121166087962963 0.13972800925925943 0.14668692129629624
0 0.6097077546296297 0.4224609375 0.12586805555555536 0.12089120370370376
0 0.8015046296296297 0.20579427083333335 0.15940393518518525 0.16679687499999996
0 0.04731626157407408 0.3219111689814815 0.09063946759259259 0.11008391203703705
0 0.989308449074074 0.5596137152777778 0.021383101851851993 0.09645543981481497
0 0.5064019097222222 0.19011863425925923 0.13771701388888902 0.13881655092592593
0 0.82734375 0.015024594907407408 0.12343750000000009 0.030049189814814817
0 0.12106481481481482 0.7836950231481481 0.13783275462962963 0.15444155092592604
0 0.919140625 0.26286892361111114 0.08467881944444455 0.09623842592592591
0 0.6772207754629629 0.7017722800925926 0.10231481481481497 0.10457175925925921
0 0.2258174189814815 0.5520254629629631 0.09052372685185184 0.09445891203703694
0 0.6333839699074074 0.058398437500000004 0.0668981481481481 0.06837384259259259
0 0.6390986689814815 0.5661530671296297 0.08857060185185173 0.09440104166666674
0 0.6866898148148148 0.9251736111111111 0.15099826388888893 0.08648726851851851
0 0.19542100694444442 0.14072627314814815 0.09839409722222225 0.10250289351851855
0 0.46649305555555554 0.47261284722222224 0.09249131944444455 0.09646990740740746
0 0.6148943865740741 0.7270616319444445 0.08861400462962976 0.10026041666666652
0 0.6321831597222223 0.16001880787037037 0.08855613425925934 0.09244791666666669
0 0.2782696759259259 0.6442418981481481 0.14764178240740744 0.16059027777777768
0 0.5834635416666667 0.5717086226851852 0.10231481481481497 0.10457175925925921
0 0.5202329282407407 0.474927662037037 0.08858506944444433 0.09635416666666663
0 0.4011501736111111 0.6181351273148148 0.13389756944444442 0.1504195601851852
0 0.0775462962962963 0.44701967592592595 0.08271122685185187 0.09422743055555549
0 0.5345052083333334 0.5555772569444444 0.10036168981481475 0.10451388888888902
0 0.17288773148148145 0.26349103009259256 0.1967158564814815 0.19524016203703698
0 0.7734736689814814 0.3775607638888889 0.09441550925925934 0.09262152777777777
0 0.7220630787037037 0.4259693287037037 0.08064236111111112 0.07854456018518519
0 0.9087311921296297 0.7037037037037037 0.1259837962962962 0.13651620370370376
0 0.4828125 0.04131221064814815 0.08266782407407414 0.0826244212962963
0 0.29853153935185184 0.7422960069444444 0.12975983796296298 0.11905381944444438
0 0.29508101851851853 0.9358000578703705 0.16684027777777777 0.1162471064814814
0 0.16476417824074074 0.8810546875 0.059100115740740755 0.07009548611111116
0 0.20217737268518518 0.920970775462963 0.053096064814814825 0.05039062499999991
0 0.28486689814814814 0.8755425347222222 0.131785300925926 0.1288773148148148
0 0.4009620949074074 0.8564742476851852 0.10426793981481475 0.10462962962962963
0 0.4531467013888889 0.7806929976851852 0.09053819444444444 0.09641203703703694
0 0.5348379629629629 0.7323640046296296 0.10027488425925934 0.09279513888888902
0 0.5078414351851852 0.6481843171296297 0.06893807870370372 0.08015046296296302
0 0.9177662037037038 0.6047815393518519 0.08849826388888893 0.08463541666666674
0 0.9804398148148148 0.7893952546296297 0.039120370370370416 0.07164351851851869
0 0.17942708333333335 0.3551142939814815 0.09641203703703705 0.09853877314814818
0 0.28686342592592595 0.09015480324074074 0.06500289351851851 0.07612847222222224
0 0.27955005787037035 0.1577690972222222 0.053153935185185186 0.05820312500000002
0 0.5280381944444444 0.078125 0.0570601851851853 0.058318865740740744
0 0.11714409722222222 0.9137225115740741 0.059447337962962976 0.11697048611111116
0 0.030627893518518516 0.5744140625 0.05324074074074074 0.06992187499999991
0 0.6493706597222222 0.23862847222222222 0.11793981481481497 0.10503472222222221
0 0.5014322916666667 0.31040943287037037 0.09050925925925934 0.09250578703703705
0 0.3584490740740741 0.3918113425925926 0.06688368055555549 0.0664207175925926
0 0.42656973379629626 0.35755931712962963 0.11987847222222214 0.10313946759259263