0 0.6333260995370371 0.8509548611111111 0.10921585648148158 0.12586805555555558
0 0.8920138888888889 0.9799045138888889 0.10662615740740744 0.04019097222222223
0 0.8882667824074074 0.7264539930555556 0.12282986111111116 0.12256944444444429
0 0.11372974537037037 0.634375 0.0773871527777778 0.0854166666666667
0 0.17863859953703703 0.8043619791666666 0.15882523148148153 0.18077256944444442
0 0.034736689814814814 0.9041666666666667 0.06947337962962963 0.11302083333333335
0 0.0189453125 0.8028428819444444 0.037890625 0.12912326388888884
0 0.5388382523148147 0.7646701388888888 0.13101851851851842 0.14830729166666679
0 0.5802372685185185 0.5427300347222223 0.09953703703703698 0.13129340277777768
0 0.6291377314814814 0.6719401041666666 0.1133535879629628 0.1416666666666666
0 0.7220124421296297 0.6692274305555556 0.10723379629629637 0.12382812499999996
0 0.812622974537037 0.48953993055555556 0.11111111111111116 0.1220486111111112
0 0.2750217013888889 0.6307942708333334 0.14081307870370374 0.15069444444444446
0 0.47683015046296295 0.5967664930555556 0.09327256944444451 0.10368923611111125
0 0.247728587962963 0.16443142361111113 0.14477719907407405 0.1547743055555556
0 0.25383391203703703 0.016167534722222224 0.11733217592592593 0.014973958333333329
0 0.07672887731481483 0.29559461805555554 0.1490306712962963 0.17838541666666674
0 0.060127314814814814 0.690625 0.09918981481481481 0.10785590277777768
0 0.41487268518518516 0.22756076388888888 0.08143807870370368 0.09535590277777778
0 0.3546802662037037 0.26690538194444446 0.09735243055555554 0.11558159722222228
0 0.9329933449074075 0.9387912326388889 0.06429398148148158 0.12241753472222228
0 0.04380063657407408 0.5958767361111111 0.08760127314814815 0.09800347222222228
0 0.07641059027777777 0.8447699652777778 0.07945601851851852 0.09331597222222232
0 0.04221643518518518 0.18461371527777776 0.05394965277777777 0.08437499999999998
0 0.09596354166666667 0.6462890625 0.11708622685185185 0.13012152777777786
0 0.9091362847222222 0.3071831597222222 0.08922164351851869 0.09375
0 0.3803313078703704 0.2504557291666667 0.10134548611111116 0.1216145833333333
0 0.6071614583333333 0.04457465277777778 0.1645833333333333 0.04244791666666667
0 0.3056712962962963 0.8705946180555555 0.11694155092592595 0.12035590277777786
0 0.9302228009259259 0.4009548611111111 0.13110532407407405 0.15416666666666667
0 0.042737268518518515 0.017534722222222222 0.02390046296296297 0.03229166666666666
0 0.025868055555555554 0.3841579861111111 0.05173611111111111 0.10585937499999998
0 0.7015480324074075 0.7973090277777777 0.09921874999999991 0.10980902777777768
0 0.7414207175925926 0.21666666666666667 0.06753472222222223 0.0791232638888889
0 0.04416956018518518 0.6867404513888888 0.08833912037037037 0.11566840277777768
0 0.41780960648148147 0.5570095486111111 0.09333043981481481 0.10759548611111125
0 0.7997395833333334 0.36974826388888893 0.08758680555555554 0.11514756944444438
0 0.5042245370370371 0.9207899305555556 0.1683593750000001 0.15842013888888884
0 0.07884837962962964 0.48233506944444443 0.13041087962962963 0.10729166666666667
0 0.9560763888888889 0.23891059027777778 0.08362268518518512 0.11106770833333335
0 0.5171006944444445 0.055230034722222224 0.05954861111111098 0.06705729166666666
0 0.4099754050925926 0.3602430555555556 0.13239293981481481 0.10933159722222219
0 0.010105613425925926 0.6754557291666667 0.020211226851851852 0.12434895833333348
0 0.9563657407407408 0.6151475694444444 0.07233796296296302 0.13984374999999982
0 0.9662471064814815 0.7396918402777778 0.028993055555555536 0.11254340277777786
0 0.7999710648148148 0.8818142361111111 0.11889467592592595 0.12044270833333326
0 0.9501446759259259 0.5073784722222222 0.08761574074074074 0.11710069444444438
0 0.05499131944444444 0.5651041666666667 0.10998263888888889 0.15755208333333348
0 0.34014033564814816 0.9753038194444444 0.20789930555555558 0.049392361111111116
0 0.7367042824074074 0.9307942708333333 0.1640190972222222 0.13611111111111107
0 0.19827835648148148 0.33617621527777775 0.08738425925925924 0.10147569444444438
0 0.5703269675925926 0.2882161458333333 0.07528935185185182 0.07556423611111107
0 0.7271701388888889 0.12319878472222223 0.07141203703703702 0.07734374999999999
0 0.8806857638888889 0.1827907986111111 0.10151909722222219 0.13333333333333336
0 0.942332175925926 0.11126302083333334 0.0713252314814814 0.07148437499999999
0 0.9582465277777779 0.09242621527777778 0.07680844907407414 0.04635416666666667
0 0.8341652199074074 0.0908203125 0.06543692129629619 0.06927083333333334
0 0.45517216435185187 0.07983940972222221 0.09338831018518523 0.11150173611111111
0 0.3824508101851852 0.04142795138888889 0.08275462962962965 0.052473958333333334
0 0.3397135416666667 0.023893229166666665 0.07447916666666665 0.020876736111111106
0 0.4666956018518519 0.02758246527777778 0.06660879629629624 0.016623263888888892
0 0.19698350694444444 0.09377170138888889 0.06374421296296295 0.0867621527777778
0 0.09702690972222222 0.11278211805555556 0.0693431712962963 0.06944444444444445
0 0.06854021990740741 0.056792534722222225 0.07135416666666666 0.0734375
0 0.49647714120370373 0.4578993055555556 0.0771556712962963 0.0697916666666667
0 0.5111906828703704 0.5201171875 0.08680555555555558 0.062413194444444375
0 0.44223090277777777 0.4916449652777778 0.0732494212962963 0.06961805555555545
0 0.36986400462962965 0.49526909722222223 0.09496527777777786 0.08619791666666665
0 0.28216869212962964 0.544140625 0.07138310185185182 0.07539062499999982
0 0.17999855324074074 0.5806423611111111 0.0595775462962963 0.06901041666666674
0 0.39286024305555556 0.7239800347222223 0.10315393518518523 0.11193576388888893
0 0.42560763888888886 0.8221788194444444 0.09887152777777786 0.08637152777777768
0 0.6898509837962963 0.9766927083333333 0.07925347222222223 0.04661458333333335
0 0.7736617476851853 0.9904296875 0.06523437500000018 0.01914062499999991
0 0.7146195023148147 0.37671440972222225 0.07549189814814827 0.08923611111111107
0 0.7271629050925926 0.45349392361111107 0.055758101851851816 0.07469618055555549
0 0.6719690393518518 0.4852430555555556 0.06750578703703702 0.0771701388888888
0 0.683521412037037 0.5629557291666667 0.0892505787037039 0.095703125
0 0.8403067129629629 0.269921875 0.0537471064814814 0.07070312500000009
0 0.6534288194444444 0.21959635416666667 0.057566550925925775 0.06501736111111112
0 0.18229166666666669 0.2279730902777778 0.05190972222222223 0.07842881944444446
0 0.2917751736111111 0.4233940972222222 0.08551793981481481 0.10724826388888886
0 0.21185619212962964 0.40909288194444443 0.08534432870370368 0.09552951388888886
0 0.17620081018518519 0.9029513888888889 0.0752025462962963 0.06970486111111107
0 0.15876012731481481 0.9588541666666667 0.07508680555555558 0.06189236111111107
0 0.37095630787037037 0.6194227430555556 0.06945891203703702 0.07725694444444442