0 0.05252459490740741 0.7093822337962963 0.08612557870370371 0.14764178240740744
0 0.6605902777777777 0.13675491898148148 0.0991608796296295 0.10517939814814814
0 0.3448567708333333 0.25983796296296297 0.11099537037037033 0.11342592592592593
0 0.5054470486111111 0.8108362268518519 0.1367042824074074 0.13585069444444442
0 0.4121310763888889 0.18406394675925924 0.10513599537037033 0.11320891203703709
0 0.22255497685185188 0.24873408564814814 0.10907118055555554 0.11530671296296302
0 0.9801432291666667 0.07700376157407407 0.03971354166666652 0.05230034722222221
0 0.9709056712962962 0.30591724537037035 0.05818865740740753 0.10387731481481488
0 0.3575014467592592 0.5857204861111112 0.1587094907407407 0.17180266203703698
0 0.13492476851851853 0.7972005208333333 0.15649594907407405 0.15415219907407396
0 0.7433304398148148 0.8411096643518519 0.10714699074074074 0.1171875
0 0.5513310185185185 0.027741608796296294 0.09094328703703702 0.05548321759259259
0 0.9766782407407407 0.5508897569444444 0.046643518518518556 0.08991608796296302
0 0.7227647569444444 0.04651331018518518 0.09895833333333348 0.09150752314814815
0 0.34401041666666665 0.9282045717592593 0.09890046296296295 0.08760127314814814
0 0.09762731481481482 0.2582465277777778 0.12897858796296297 0.14142071759259256
0 0.8328486689814815 0.881763599537037 0.0951967592592593 0.10112847222222232
0 0.5520471643518519 0.39482060185185186 0.09924768518518512 0.11103877314814814
0 0.24908130787037036 0.7861328125 0.12676504629629626 0.12377025462962954
0 0.7162254050925926 0.2646484375 0.10125868055555554 0.11501736111111116
0 0.5701967592592593 0.8944227430555556 0.12478298611111116 0.12174479166666652
0 0.650094039351852 0.02785011574074074 0.08884548611111098 0.05570023148148148
0 0.45337818287037035 0.461986400462963 0.1367332175925926 0.13780381944444442
0 0.8581380208333333 0.34635416666666663 0.08721064814814827 0.08912037037037046
0 0.6644024884259259 0.8557581018518519 0.12288773148148158 0.12557870370370372
0 0.5883680555555555 0.40617766203703703 0.14241898148148158 0.12630208333333337
0 0.9518735532407407 0.7376302083333333 0.042259837962963065 0.08550347222222232
0 0.923097511574074 0.3781467013888889 0.122945601851852 0.12948495370370372
0 0.9754340277777778 0.12112991898148148 0.049131944444444464 0.09367766203703703
0 0.4979890046296296 0.24146412037037035 0.09907407407407409 0.09932002314814814
0 0.7092086226851853 0.8462818287037037 0.1524160879629628 0.14228877314814814
0 0.3595847800925926 0.8582537615740741 0.11699942129629626 0.12340856481481488
0 0.3439525462962963 0.008282696759259259 0.10587384259259258 0.016565393518518517
0 0.5843388310185185 0.3320674189814815 0.07348090277777786 0.08470775462962954
0 0.6215856481481481 0.40592447916666663 0.11697048611111116 0.12145543981481488
0 0.033716724537037036 0.4951171875 0.054123263888888884 0.095703125
0 0.05125868055555556 0.8217954282407407 0.08000578703703703 0.1298466435185186
0 0.15889033564814814 0.5022063078703703 0.1249855324074074 0.13541666666666674
0 0.7241030092592593 0.46661603009259256 0.0951099537037039 0.09526909722222232
0 0.5132523148148148 0.0845630787037037 0.08729745370370368 0.09497974537037038
0 0.7832609953703704 0.6344401041666666 0.09312789351851869 0.0932436342592593
0 0.8528284143518519 0.25177228009259256 0.09321469907407409 0.0991030092592593
0 0.7694806134259259 0.42975983796296297 0.07339409722222223 0.07884837962962965
0 0.5292607060185185 0.9672670717592593 0.08829571759259269 0.03059895833333348
0 0.02876157407407407 0.6223234953703703 0.04068287037037037 0.1108217592592593
0 0.8984953703703704 0.49826388888888884 0.09312789351851869 0.0932436342592593
0 0.9847873263888889 0.46169704861111116 0.030425347222222232 0.09512442129629628
0 0.9191261574074074 0.8355758101851851 0.07601273148148158 0.12384259259259256
0 0.8667896412037037 0.6665219907407407 0.134664351851852 0.1299189814814814
0 0.5810257523148148 0.5041594328703703 0.13848379629629637 0.12420428240740744
0 0.2851273148148148 0.3832103587962963 0.13483796296296302 0.1416377314814814
0 0.1950954861111111 0.3738425925925926 0.10734953703703703 0.130859375
0 0.07429108796296297 0.3978587962962963 0.1388888888888889 0.15154803240740744
0 0.14457465277777778 0.6571180555555556 0.1230324074074074 0.13534432870370372
0 0.2683376736111111 0.8987630208333333 0.10128761574074074 0.11697048611111116
0 0.20852141203703706 0.8843677662037037 0.09945023148148147 0.12471064814814814
0 0.1089699074074074 0.8919632523148149 0.13207465277777777 0.0868778935185186
0 0.854195601851852 0.14619502314814814 0.16617476851851842 0.1486545138888889
0 0.3339916087962963 0.05407262731481481 0.1069733796296296 0.10546875
0 0.24126880787037036 0.12688078703703703 0.11300636574074074 0.1174045138888889
0 0.13328269675925924 0.0927734375 0.1269097222222222 0.13353587962962965
0 0.5541377314814815 0.6018880208333334 0.09890046296296306 0.08760127314814814
0 0.4513454861111111 0.6545500578703703 0.1128038194444444 0.10373263888888884
0 0.4608723958333333 0.5721209490740741 0.1030092592592593 0.10141782407407418
0 0.5697048611111111 0.7293113425925926 0.09321469907407409 0.0991030092592593
0 0.8370008680555555 0.7663122106481481 0.13250868055555554 0.1161747685185186
0 0.7726707175925926 0.5791377314814815 0.1205295138888891 0.0981626157407407
0 0.5791956018518518 0.18276186342592593 0.09315682870370368 0.0951967592592593
0 0.24471932870370372 0.6895616319444444 0.08927951388888888 0.09700520833333348