0 0.42944878472222225 0.572902199074074 0.25894097222222223 0.23408564814814814
0 0.19416232638888886 0.916283275462963 0.18346354166666667 0.1674334490740741
0 0.34490017361111114 0.7206886574074074 0.1396701388888888 0.13686342592592604
0 0.3555989583333333 0.8508029513888888 0.12183159722222225 0.12462384259259274
0 0.7132378472222223 0.4759114583333333 0.1299479166666666 0.13852719907407407
0 0.6847005208333333 0.7288049768518519 0.27660590277777786 0.23851273148148144
0 0.112890625 0.7323567708333334 0.16302083333333334 0.22148437500000018
0 0.9711588541666667 0.9093605324074074 0.05768229166666661 0.09991319444444446
0 0.47463107638888885 0.8933666087962963 0.18398437499999998 0.1986834490740741
0 0.7046006944444445 0.9146846064814815 0.2344184027777776 0.17063078703703694
0 0.8755208333333333 0.8398582175925926 0.17126736111111107 0.15341435185185182
0 0.7802734375 0.1987847222222222 0.16527777777777786 0.1473813657407408
0 0.8606119791666667 0.6959563078703703 0.09188368055555562 0.09445891203703694
0 0.05234375 0.5109809027777779 0.08689236111111111 0.2211805555555557
0 0.8173611111111111 0.5502387152777778 0.07803819444444438 0.08624131944444446
0 0.6575737847222223 0.34251302083333335 0.087890625 0.09043692129629632
0 0.7369140625 0.3555989583333333 0.07595486111111116 0.08032407407407405
0 0.5115668402777778 0.31574074074074077 0.17578125 0.18087384259259265
0 0.17356770833333335 0.3886791087962963 0.07204861111111116 0.08020833333333333
0 0.7129991319444444 0.5090856481481482 0.12369791666666652 0.12077546296296293
0 0.4673394097222222 0.03824508101851851 0.12608506944444442 0.052531828703703695
0 0.09605034722222222 0.10629340277777777 0.11736111111111114 0.09911747685185185
0 0.8969835069444444 0.09293981481481481 0.083984375 0.09032118055555555
0 0.32198350694444444 0.3042679398148148 0.13993055555555556 0.14858217592592593
0 0.06966145833333334 0.23628472222222224 0.09600694444444446 0.10434027777777777