0 0.67578125 0.6396484375 0.107421875 0.119140625
0 0.236328125 0.5478515625 0.0947265625 0.09375
0 0.6767578125 0.525390625 0.1337890625 0.134765625
0 0.47265625 0.7939453125 0.0703125 0.0810546875
0 0.306640625 0.6650390625 0.0810546875 0.083984375
0 0.818359375 0.3095703125 0.130859375 0.12890625
0 0.3671875 0.9638671875 0.1240234375 0.072265625
0 0.6669921875 0.1904296875 0.1201171875 0.1474609375
0 0.6748046875 0.5888671875 0.12109375 0.1962890625
0 0.8994140625 0.201171875 0.0986328125 0.1025390625
0 0.0615234375 0.416015625 0.091796875 0.087890625
0 0.9560546875 0.29296875 0.087890625 0.1552734375
0 0.486328125 0.24609375 0.091796875 0.0869140625
0 0.7587890625 0.6337890625 0.0849609375 0.0966796875
0 0.451171875 0.185546875 0.064453125 0.0751953125
0 0.388671875 0.361328125 0.130859375 0.1279296875
0 0.6728515625 0.38671875 0.126953125 0.1513671875
0 0.1416015625 0.9384765625 0.08984375 0.083984375
0 0.93359375 0.228515625 0.1103515625 0.1640625
0 0.2001953125 0.0859375 0.0634765625 0.0634765625
0 0.0341796875 0.087890625 0.0439453125 0.046875
0 0.427734375 0.0302734375 0.0625 0.0517578125
0 0.787109375 0.4619140625 0.0625 0.0546875
0 0.224609375 0.3984375 0.068359375 0.064453125
0 0.201171875 0.4521484375 0.0712890625 0.0546875
0 0.087890625 0.494140625 0.0546875 0.0537109375
0 0.1259765625 0.46875 0.0400390625 0.0341796875
0 0.1591796875 0.4912109375 0.0458984375 0.048828125
0 0.08984375 0.6083984375 0.0625 0.0625
0 0.0263671875 0.66796875 0.052734375 0.0625
0 0.1630859375 0.6943359375 0.05859375 0.0498046875
0 0.1396484375 0.7333984375 0.0478515625 0.0380859375
0 0.1142578125 0.7021484375 0.0439453125 0.041015625
0 0.2509765625 0.7744140625 0.0498046875 0.0498046875
0 0.3994140625 0.71875 0.068359375 0.0595703125
0 0.3427734375 0.79296875 0.0546875 0.056640625
0 0.5390625 0.5166015625 0.0703125 0.0810546875
0 0.5517578125 0.4072265625 0.0615234375 0.0771484375
0 0.7880859375 0.1865234375 0.08984375 0.0947265625
0 0.9384765625 0.1123046875 0.080078125 0.0771484375
0 0.6865234375 0.0185546875 0.0888671875 0.037109375
0 0.1474609375 0.0439453125 0.0615234375 0.080078125
0 0.3603515625 0.4970703125 0.0791015625 0.0751953125
0 0.095703125 0.3046875 0.060546875 0.0556640625
0 0.2001953125 0.2470703125 0.07421875 0.06640625
0 0.0361328125 0.33203125 0.060546875 0.056640625
0 0.8408203125 0.5830078125 0.0849609375 0.078125
0 0.861328125 0.443359375 0.0654296875 0.068359375
0 0.359375 0.6201171875 0.087890625 0.087890625
0 0.228515625 0.8662109375 0.0556640625 0.0546875
0 0.76171875 0.900390625 0.0810546875 0.0830078125
0 0.716796875 0.9658203125 0.0830078125 0.0634765625
0 0.611328125 0.939453125 0.064453125 0.0556640625
0 0.6259765625 0.8037109375 0.0849609375 0.099609375
0 0.8095703125 0.7451171875 0.078125 0.08203125
0 0.724609375 0.724609375 0.0625 0.0595703125
0 0.982421875 0.015625 0.03515625 0.03125
0 0.91796875 0.0537109375 0.05859375 0.0400390625
0 0.1396484375 0.4033203125 0.0576171875 0.0478515625
0 0.060546875 0.1513671875 0.0498046875 0.0546875
0 0.482421875 0.6904296875 0.05859375 0.0537109375
0 0.9287109375 0.8544921875 0.1103515625 0.080078125
0 0.029296875 0.5537109375 0.05859375 0.0595703125
0 0.53125 0.1728515625 0.0810546875 0.08203125
0 0.4794921875 0.08203125 0.08203125 0.0654296875
0 0.400390625 0.0810546875 0.080078125 0.0732421875
0 0.19140625 0.3134765625 0.064453125 0.05859375
0 0.2802734375 0.3349609375 0.0478515625 0.0478515625
0 0.3056640625 0.3837890625 0.0537109375 0.0595703125
0 0.86328125 0.9169921875 0.060546875 0.05078125