0 0.7517867476851852 0.24676649305555554 0.17515914351851847 0.18097511574074077
0 0.9399739583333333 0.3409288194444444 0.11807002314814818 0.12000868055555558
0 0.3945457175925926 0.4003616898148148 0.1338541666666666 0.1416087962962963
0 0.4036675347222222 0.7090060763888889 0.14560185185185182 0.14560185185185182
0 0.9066261574074074 0.5848090277777778 0.10632233796296298 0.11601562499999996
0 0.27450086805555557 0.9365523726851852 0.0844762731481481 0.06702835648148153
0 0.787962962962963 0.7802083333333334 0.11216724537037037 0.11410590277777777
0 0.49739583333333337 0.9684317129629629 0.0981481481481481 0.06313657407407414
0 0.21063368055555554 0.0923755787037037 0.18288483796296295 0.1693142361111111
0 0.2568504050925926 0.7948278356481482 0.10623553240740735 0.10429687500000018
0 0.7456090856481481 0.9918041087962963 0.10172164351851842 0.01639178240740735
0 0.07366174768518519 0.45266927083333336 0.14165219907407406 0.13971354166666672
0 0.07317708333333334 0.2554108796296296 0.08098958333333334 0.12364004629629632
0 0.7712311921296295 0.8943359375 0.1376880787037038 0.1318721064814814
0 0.6129267939814815 0.08851996527777778 0.17896412037037024 0.16733217592592592
0 0.3871021412037037 0.8455946180555556 0.07873263888888893 0.08260995370370372
0 0.9118344907407407 0.8924479166666667 0.07122395833333339 0.1235677083333333
0 0.48564814814814816 0.8346064814814815 0.07478298611111112 0.07672164351851851
0 0.7587311921296296 0.39329427083333335 0.10626446759259256 0.10820312499999996
0 0.586791087962963 0.6468894675925926 0.1869791666666667 0.19473379629629628
0 0.3567925347222222 0.9723162615740741 0.06663773148148144 0.031741898148148096
0 0.16108217592592594 0.785329861111111 0.10041956018518516 0.11011284722222214
0 0.3022135416666667 0.8547309027777777 0.10627893518518516 0.11015624999999996
0 0.6859953703703703 0.7247685185185185 0.11401909722222214 0.10044849537037037
0 0.3265480324074074 0.053197337962962964 0.09840856481481475 0.10228587962962964
0 0.8995225694444444 0.8122829861111112 0.10429687499999996 0.10623553240740735
0 0.06830150462962963 0.7836660879629629 0.1259259259259259 0.12592592592592577
0 0.9782407407407407 0.5082103587962963 0.04351851851851851 0.09605034722222228
0 0.8088686342592593 0.4385850694444444 0.09447337962962954 0.09835069444444444
0 0.19089988425925924 0.3285445601851852 0.11601562499999996 0.10632233796296298
0 0.9651548032407408 0.14874855324074074 0.06969039351851847 0.11575520833333336
0 0.6830150462962963 0.45425347222222223 0.1220341435185186 0.1278501157407408
0 0.5455295138888889 0.8770399305555556 0.13181423611111098 0.1298755787037038
0 0.6392144097222222 0.20980179398148147 0.1358072916666666 0.1416232638888889
0 0.5439525462962963 0.2686631944444444 0.11022858796296298 0.11604456018518516
0 0.90234375 0.1385127314814815 0.09246238425925934 0.09052372685185184
0 0.9910807291666667 0.29249131944444445 0.017838541666666652 0.11342592592592593
0 0.8085648148148148 0.6612268518518518 0.08462094907407414 0.08655960648148131
0 0.8503255208333333 0.6302879050925927 0.055135995370370505 0.06095196759259247
0 0.07482638888888889 0.8735532407407407 0.11995081018518519 0.11025752314814818
0 0.09406105324074074 0.7018301504629629 0.08657407407407408 0.08657407407407414
0 0.03901186342592593 0.6525969328703703 0.06890914351851851 0.0747251157407407
0 0.017896412037037037 0.7022424768518518 0.025839120370370373 0.06073495370370363
0 0.6030020254629629 0.9873987268518518 0.08615451388888884 0.02520254629629637
0 0.9181712962962962 0.693287037037037 0.08842592592592613 0.07291666666666652
0 0.6665581597222223 0.3418330439814815 0.09641203703703694 0.09641203703703694
0 0.5419704861111111 0.3965711805555555 0.06896701388888893 0.0825376157407407
0 0.48708043981481486 0.36882233796296293 0.07478298611111112 0.07672164351851851
0 0.5289351851851852 0.4824074074074074 0.07478298611111112 0.07672164351851851
0 0.24694733796296298 0.24888599537037037 0.07675057870370372 0.07868923611111112
0 0.2735532407407407 0.01765046296296296 0.09788773148148144 0.03197337962962963
0 0.24646990740740743 0.44809027777777777 0.07877604166666663 0.08846932870370372
0 0.1933810763888889 0.3998480902777778 0.0707899305555556 0.0649739583333333
0 0.12386429398148147 0.37492042824074073 0.09048032407407408 0.08660300925925923
0 0.056539351851851855 0.3822337962962963 0.09252025462962962 0.09833622685185184
0 0.24646990740740743 0.5799189814814816 0.09244791666666663 0.08857060185185173
0 0.32394386574074074 0.6244357638888889 0.08263888888888893 0.08263888888888893
0 0.40502748842592595 0.6289424189814814 0.09444444444444455 0.09444444444444455
0 0.8148943865740741 0.5929181134259259 0.06879340277777768 0.0591001157407407
0 0.7951099537037037 0.55859375 0.07675057870370372 0.07868923611111112
0 0.7515552662037037 0.6110026041666667 0.06102430555555549 0.0649016203703705
0 0.6861111111111111 0.8722222222222222 0.05309606481481488 0.04921875000000009
0 0.6669777199074074 0.9257884837962962 0.05899884259259247 0.05512152777777768
0 0.4706958912037037 0.5298249421296296 0.08266782407407414 0.08654513888888893
0 0.9753544560185186 0.6351200810185185 0.037630208333333304 0.07058738425925926
0 0.4327473958333333 0.15261140046296295 0.1337962962962963 0.1337962962962963
0 0.3806495949074074 0.5018156828703704 0.0727719907407407 0.06889467592592591
0 0.4420066550925926 0.875296585648148 0.053110532407407485 0.05117187500000009
0 0.40020254629629626 0.9003761574074074 0.05507812500000009 0.05313946759259247
0 0.1923683449074074 0.9222728587962963 0.0785734953703704 0.06112557870370372
0 0.15670572916666667 0.8536530671296296 0.06879340277777779 0.0591001157407407
0 0.5387080439814815 0.7471137152777778 0.0629484953703705 0.06100983796296289
0 0.5165147569444445 0.783080150462963 0.05888310185185186 0.03949652777777768
0 0.4638816550925926 0.7963614004629629 0.057089120370370394 0.0609664351851853
0 0.40423900462962964 0.7861545138888888 0.05507812499999998 0.05313946759259247
0 0.7499855324074074 0.6627459490740741 0.05704571759259247 0.0551070601851853
0 0.7196831597222222 0.6586154513888889 0.05515046296296289 0.06290509259259269
0 0.6949580439814815 0.6164424189814814 0.05516493055555571 0.06485821759259247
0 0.6105541087962963 0.4273509837962963 0.06501736111111112 0.07664930555555549
0 0.8441478587962963 0.9795211226851852 0.07651909722222228 0.040957754629629584
0 0.8777126736111112 0.24086371527777778 0.05707465277777768 0.059013310185185186
0 0.29704861111111114 0.6847800925925926 0.09037905092592591 0.07293113425925934