0 0.2699652777777778 0.7049262152777778 0.18084490740740744 0.18378182870370363
0 0.7115885416666667 0.416869212962963 0.14431423611111116 0.13689236111111114
0 0.41923466435185186 0.8794994212962963 0.12977430555555558 0.12436342592592586
0 0.7426215277777778 0.22670717592592593 0.13650173611111116 0.13642939814814814
0 0.14456741898148148 0.8526186342592592 0.17397280092592593 0.16976273148148158
0 0.10478153935185186 0.5008897569444444 0.14706307870370372 0.17400173611111125
0 0.3919994212962963 0.2602358217592593 0.10235821759259256 0.09551504629629637
0 0.17010271990740738 0.19099392361111112 0.18778935185185186 0.17252604166666663
0 0.536205150462963 0.9490740740740741 0.11089409722222232 0.0532407407407407
0 0.8816189236111112 0.924681712962963 0.13100405092592604 0.06221064814814814
0 0.1301359953703704 0.9358651620370371 0.12246817129629628 0.05198206018518503
0 0.9283130787037037 0.5354600694444445 0.10828993055555558 0.12309027777777781
0 0.6019603587962963 0.053135850694444445 0.14265046296296302 0.10627170138888889
0 0.6319444444444444 0.6128544560185185 0.10098379629629628 0.10321180555555554
0 0.9367404513888888 0.03703342013888889 0.11588541666666652 0.07406684027777778
0 0.6861979166666667 0.8421006944444445 0.13635706018518512 0.13447627314814814
0 0.10485387731481481 0.02945601851851852 0.08861400462962962 0.05891203703703704
0 0.07461660879629631 0.9146339699074074 0.019024884259259245 0.07307581018518516
0 0.836841724537037 0.929296875 0.15805844907407396 0.05992476851851847
0 0.06832320601851852 0.6178096064814815 0.054470486111111105 0.13156828703703694
0 0.4278428819444444 0.4130859375 0.17939814814814814 0.16425057870370374
0 0.34660734953703703 0.13737702546296296 0.142578125 0.16595775462962964
0 0.45558449074074076 0.08580005787037037 0.1318721064814815 0.1264322916666667
0 0.9712456597222222 0.8724175347222223 0.05750868055555558 0.08872974537037037
0 0.5355541087962963 0.09283130787037037 0.09440104166666674 0.09309895833333334
0 0.738353587962963 0.5133680555555555 0.11480034722222232 0.1059751157407407
0 0.8900824652777778 0.7476273148148148 0.16984953703703698 0.1928530092592593
0 0.5125868055555556 0.6964337384259259 0.11776620370370372 0.11976273148148153
0 0.9649884259259259 0.759592013888889 0.07002314814814814 0.15054976851851842
0 0.9958405671296297 0.4253544560185185 0.0083188657407407 0.08641493055555549
0 0.7954644097222222 0.6620153356481482 0.0962094907407407 0.09126157407407409
0 0.5568938078703703 0.7781611689814815 0.09794560185185186 0.11469907407407409
0 0.8509476273148148 0.07376302083333333 0.15096932870370372 0.14752604166666666
0 0.7531828703703703 0.03965928819444445 0.12666377314814814 0.0793185763888889
0 0.28989438657407407 0.01799045138888889 0.14619502314814814 0.03598090277777778
0 0.0687572337962963 0.14697627314814815 0.05779803240740741 0.07148437499999999
0 0.20222077546296297 0.3862413194444444 0.1435185185185185 0.15240162037037042
0 0.4666883680555555 0.19597800925925926 0.10474537037037035 0.10149016203703703
0 0.6339699074074074 0.21647135416666666 0.09678819444444442 0.09907407407407404
0 0.713939525462963 0.11757089120370372 0.11357060185185164 0.115625
0 0.5669126157407407 0.5294126157407408 0.119140625 0.11206597222222214
0 0.5374710648148149 0.4497468171296296 0.10532407407407396 0.10930266203703698
0 0.32255497685185186 0.5144675925925926 0.15986689814814814 0.1630931712962962
0 0.4575737847222222 0.5761067708333334 0.13114872685185186 0.1166666666666667
0 0.39731626157407407 0.6895326967592592 0.14330150462962965 0.12322048611111125
0 0.26869936342592593 0.9129412615740741 0.11284722222222221 0.10585937500000009
0 0.3431351273148148 0.805541087962963 0.125 0.11241319444444442
0 0.12858072916666669 0.7162471064814815 0.1474247685185185 0.15263310185185186
0 0.8462818287037037 0.24900896990740742 0.11610243055555558 0.12355324074074076
0 0.07421875 0.3398799189814815 0.0915798611111111 0.1337673611111112
0 0.9939959490740741 0.23061342592592593 0.01200810185185186 0.16568287037037033
0 0.5843098958333333 0.32730758101851853 0.13939525462962976 0.12298900462962958
0 0.2197627314814815 0.08015769675925925 0.109375 0.1114872685185185
0 0.4440104166666667 0.02398726851851852 0.13411458333333337 0.04797453703703704
0 0.9578993055555556 0.35517939814814814 0.08420138888888884 0.09252025462962965
0 0.8572771990740741 0.3974464699074074 0.10619212962962954 0.12102141203703698
0 0.8028428819444444 0.3378978587962963 0.10040509259259256 0.09539930555555554
0 0.9548249421296297 0.13314525462962962 0.0903501157407407 0.1348090277777778