0 0.32762586805555555 0.09971788194444445 0.13713831018518519 0.12690972222222224
0 0.5406394675925926 0.06905381944444444 0.13747106481481475 0.09574652777777778
0 0.4058883101851852 0.08166232638888889 0.09891493055555556 0.10377604166666668
0 0.08087384259259259 0.10147569444444444 0.06066261574074075 0.11766493055555557
0 0.10570023148148147 0.5665364583333333 0.10477430555555556 0.1040364583333333
0 0.6920355902777777 0.9058159722222222 0.09049479166666652 0.09171006944444438
0 0.391796875 0.7309678819444445 0.09460358796296298 0.09578993055555562
0 0.10086805555555556 0.03678385416666667 0.056076388888888884 0.066796875
0 0.7532552083333333 0.3858506944444444 0.1489583333333333 0.1293836805555555
0 0.817310474537037 0.9799696180555555 0.11332465277777759 0.04006076388888902
0 0.14464699074074075 0.023068576388888887 0.0857060185185185 0.03693576388888889
0 0.6234013310185185 0.9458333333333333 0.08022280092592604 0.0815104166666667
0 0.822388599537037 0.9213975694444445 0.1548177083333333 0.12964409722222214
0 0.7422815393518518 0.48422309027777777 0.1295283564814813 0.1304687499999999
0 0.4044270833333333 0.1853515625 0.09234664351851851 0.08984375
0 0.6105251736111111 0.25030381944444446 0.09655671296296298 0.09587673611111103
0 0.030418113425925923 0.6934895833333333 0.060836226851851846 0.11744791666666665
0 0.16273871527777778 0.6180121527777778 0.09706307870370368 0.10564236111111103
0 0.7721426504629629 0.5501519097222223 0.09089988425925921 0.09952256944444438
0 0.7392578125 0.957834201388889 0.07621527777777781 0.07938368055555545
0 0.9729890046296297 0.20670572916666669 0.04429976851851869 0.14032118055555554
0 0.45026765046296297 0.5094184027777777 0.073755787037037 0.06953125000000004
0 0.010264756944444443 0.4149305555555556 0.020529513888888885 0.11501736111111116
0 0.20636574074074077 0.34294704861111114 0.11103877314814814 0.11210937499999996
0 0.5665581597222222 0.2865234375 0.13198784722222223 0.14032118055555554
0 0.46697771990740744 0.7157118055555556 0.10292245370370368 0.10590277777777768
0 0.6700882523148148 0.17758246527777777 0.14144965277777777 0.13489583333333333
0 0.5970269097222222 0.6050130208333333 0.14872685185185186 0.1625000000000001
0 0.9516710069444445 0.22141927083333335 0.08531539351851869 0.1421440972222222
0 0.32738715277777775 0.3874782986111111 0.07722800925925921 0.09891493055555556
0 0.14055266203703703 0.1775390625 0.09069733796296298 0.09561631944444449
0 0.17736545138888887 0.12827690972222222 0.06779513888888888 0.06731770833333334
0 0.2170428240740741 0.19366319444444444 0.07601273148148147 0.07547743055555556
0 0.37438512731481477 0.4815755208333333 0.08433159722222228 0.08559027777777772
0 0.4370732060185185 0.5939887152777779 0.09696180555555556 0.10368923611111125
0 0.19173177083333331 0.4930338541666667 0.075708912037037 0.06961805555555545
0 0.10315393518518519 0.33248697916666664 0.09254918981481483 0.09375
0 0.05930266203703703 0.25321180555555556 0.0779658564814815 0.07556423611111107
0 0.49661458333333336 0.16302083333333334 0.10703125000000002 0.10998263888888887
0 0.7357204861111111 0.7051432291666666 0.1088831018518519 0.10811631944444455
0 0.8293764467592593 0.6544921875 0.08679108796296298 0.09544270833333335
0 0.9243923611111111 0.6342447916666667 0.06173321759259265 0.06315104166666652
0 0.9419994212962963 0.6722222222222223 0.034592013888888884 0.0658420138888891
0 0.9450231481481481 0.462890625 0.07146990740740744 0.1006076388888888
0 0.9329571759259259 0.5445746527777777 0.07806712962962958 0.07751736111111107
0 0.8564597800925926 0.5852213541666667 0.1030237268518519 0.10785590277777768
0 0.09793836805555554 0.8294921875 0.09184027777777778 0.080078125
0 0.030711082175925924 0.8396050347222221 0.06142216435185185 0.09162326388888875
0 0.0018373842592592574 0.7909939236111111 0.0036747685185185147 0.06636284722222219
0 0.057291666666666664 0.4430121527777778 0.07025462962962963 0.0771701388888889
0 0.0952907986111111 0.4652560763888889 0.06594328703703703 0.06918402777777777
0 0.20765335648148148 0.01608072916666667 0.057349537037037046 0.01618923611111111
0 0.9579282407407408 0.1384982638888889 0.07644675925925926 0.04626736111111113
0 0.6804759837962964 0.7134548611111111 0.07190393518518512 0.07139756944444442
0 0.27013165509259257 0.8498697916666667 0.061834490740740766 0.06510416666666674
0 0.1847873263888889 0.8157335069444445 0.07015335648148147 0.07521701388888902
0 0.22727864583333335 0.8646050347222223 0.07591145833333335 0.07352430555555545
0 0.16950954861111112 0.8649739583333333 0.05536747685185184 0.05312500000000009
0 0.14307002314814815 0.9029513888888889 0.047251157407407374 0.04691840277777759
0 0.08388310185185184 0.9306640625 0.060416666666666674 0.03776041666666674
0 0.21224681712962962 0.9657335069444445 0.06987847222222221 0.03233506944444442
0 0.23538773148148145 0.9158637152777778 0.09850983796296298 0.09596354166666665
0 0.32098524305555554 0.9451171875 0.12821180555555556 0.10507812499999991
0 0.4234592013888889 0.9320529513888889 0.08874421296296298 0.09552951388888897
0 0.49300491898148147 0.8744574652777778 0.06769386574074088 0.06536458333333339
0 0.5866174768518518 0.9001519097222221 0.08288483796296298 0.09526909722222232
0 0.2928674768518518 0.5435329861111111 0.09039351851851851 0.08975694444444438
0 0.34344618055555554 0.5496961805555556 0.0517650462962963 0.05881076388888884
0 0.38548900462962965 0.5505859375 0.05196759259259265 0.06271701388888884
0 0.26928530092592595 0.6207899305555555 0.09234664351851851 0.08984375
0 0.21238425925925924 0.5477864583333334 0.11012731481481486 0.09453125000000018
0 0.4341941550925926 0.32860243055555555 0.07662037037037028 0.08719618055555556
0 0.5142722800925926 0.4643012152777778 0.09419849537037028 0.08797743055555562
0 0.8741247106481481 0.301171875 0.10847800925925921 0.10030381944444455
0 0.8554615162037037 0.2269314236111111 0.08362268518518512 0.07191840277777778
0 0.09868344907407407 0.6641059027777778 0.06769386574074074 0.06536458333333339
0 0.0359375 0.5983506944444444 0.071875 0.08763020833333335