0 0.26598668981481477 0.6473090277777778 0.12463831018518512 0.12951388888888893
0 0.7374131944444444 0.5481119791666667 0.10894097222222232 0.10186631944444446
0 0.27586082175925924 0.5271701388888889 0.1532841435185185 0.14769965277777786
0 0.46455439814814814 0.8096137152777778 0.0805844907407407 0.08758680555555554
0 0.6521267361111112 0.6728515625 0.09259259259259256 0.09175347222222219
0 0.14832899305555555 0.3008897569444444 0.15089699074074076 0.14179687500000004
0 0.5622829861111112 0.9644097222222222 0.13208912037037024 0.04583333333333339
0 0.3195529513888889 0.17424045138888888 0.140625 0.1610677083333334
0 0.2719184027777778 0.5935546875 0.14633969907407407 0.21189236111111098
0 0.07392939814814814 0.1865234375 0.11357060185185186 0.11171874999999998
0 0.9273003472222222 0.40642361111111114 0.08897569444444442 0.09557291666666656
0 0.029134114583333332 0.2833333333333333 0.058268229166666664 0.16562500000000002
0 0.5033998842592593 0.23255208333333333 0.10460069444444442 0.09592013888888895
0 0.17867476851851852 0.6414496527777778 0.09946469907407407 0.10555555555555562
0 0.5472366898148149 0.1672309027777778 0.0762442129629628 0.08164062500000002
0 0.5949435763888888 0.35238715277777777 0.15075231481481488 0.13984375000000004
0 0.2945240162037037 0.3805121527777778 0.14677372685185186 0.16510416666666672
0 0.8024811921296297 0.9463975694444444 0.10076678240740744 0.07048611111111125
0 0.05141420717592592 0.21453993055555556 0.10282841435185185 0.17821180555555555
0 0.820240162037037 0.061718749999999996 0.07342303240740744 0.06987847222222222
0 0.9830367476851851 0.062000868055555554 0.02524594907407396 0.05125868055555556
0 0.5871310763888888 0.01628689236111111 0.06958912037037024 0.03257378472222222
0 0.16673900462962962 0.4603732638888889 0.07269965277777779 0.06011284722222221
0 0.7636357060185185 0.3915364583333333 0.07732928240740744 0.06996527777777772
0 0.7828776041666667 0.44765625 0.08051215277777768 0.06028645833333335
0 0.8976417824074074 0.49092881944444444 0.06293402777777768 0.05989583333333326
0 0.8606047453703703 0.464453125 0.04571759259259256 0.038064236111111205
0 0.8237847222222222 0.4876953125 0.052734375 0.05381944444444442
0 0.885814525462963 0.6111111111111112 0.0713252314814814 0.06788194444444429
0 0.9330150462962963 0.671484375 0.03211805555555558 0.06506076388888893
0 0.8001302083333333 0.7017361111111111 0.06655092592592604 0.056076388888888884
0 0.8204571759259259 0.7432074652777778 0.05381944444444442 0.04214409722222223
0 0.8511646412037037 0.7103515625 0.05005787037037024 0.04401041666666661
0 0.7002314814814815 0.7868272569444444 0.056640625 0.053906250000000044
0 0.5494429976851851 0.7297309027777779 0.07703993055555536 0.06605902777777795
0 0.6012731481481481 0.8065755208333334 0.06307870370370372 0.06184895833333348
0 0.421875 0.5171006944444444 0.0825376157407407 0.08763020833333335
0 0.41966869212962965 0.40210503472222225 0.07248263888888884 0.08350694444444451
0 0.19205729166666666 0.17122395833333331 0.10322627314814814 0.10368923611111114
0 0.04398148148148148 0.09266493055555555 0.08796296296296297 0.08589409722222224
0 0.31463396990740744 0.007769097222222222 0.09729456018518512 0.015538194444444445
0 0.8806785300925926 0.02961154513888889 0.0717592592592593 0.05922309027777778
0 0.6116536458333333 0.49533420138888895 0.0918692129629628 0.08198784722222219
0 0.9075159143518519 0.29181857638888886 0.06893807870370372 0.061979166666666696
0 0.8046513310185185 0.23268229166666668 0.0854311342592593 0.07404513888888892
0 0.9561993634259259 0.3190104166666667 0.04159432870370372 0.06137152777777777
0 0.09769241898148148 0.5896267361111112 0.09801793981481483 0.08602430555555562
0 0.09110966435185185 0.44157986111111114 0.0758101851851852 0.07578124999999991
0 0.6009837962962963 0.6262152777777779 0.10069444444444442 0.09583333333333321
0 0.7154586226851851 0.883984375 0.06488715277777768 0.05993923611111107
0 0.15100549768518517 0.9228515625 0.09259259259259256 0.09175347222222219
0 0.1941189236111111 0.9725911458333333 0.09049479166666663 0.037109375
0 0.30714699074074076 0.9603298611111111 0.07465277777777779 0.06015624999999991
0 0.3028428819444444 0.8210069444444444 0.09975405092592593 0.10946180555555562
0 0.11537905092592592 0.7588758680555556 0.09049479166666666 0.08975694444444438
0 0.20674189814814814 0.7363715277777778 0.07118055555555558 0.06592881944444429
0 0.06785300925925926 0.031640625 0.06568287037037038 0.0443576388888889
0 0.8529730902777778 0.3963758680555556 0.06640625 0.054123263888888884
0 0.9594907407407407 0.12979600694444443 0.05902777777777768 0.059809027777777746
0 0.46393952546296297 0.6994574652777777 0.06669560185185186 0.058029513888888884
0 0.021014178240740738 0.8718967013888889 0.042028356481481476 0.08823784722222228
0 0.9408637152777778 0.5523654513888889 0.03797743055555558 0.06519097222222214
0 0.4632884837962963 0.1554470486111111 0.09244791666666674 0.08980034722222224
0 0.5260416666666667 0.058506944444444445 0.09309895833333348 0.072265625
0 0.6099537037037037 0.0576171875 0.09172453703703698 0.08003472222222222
0 0.8073278356481481 0.30184461805555557 0.07298900462962954 0.06401909722222221
0 0.7120587384259258 0.3244357638888889 0.05454282407407396 0.05190972222222223
0 0.6808810763888888 0.37680121527777777 0.06336805555555536 0.06575520833333326
0 0.04249855324074073 0.9398871527777778 0.06850405092592593 0.056119791666666696