0 0.8955078125 0.771484375 0.0927734375 0.115234375
0 0.43359375 0.1611328125 0.07421875 0.078125
0 0.6953125 0.3193359375 0.083984375 0.083984375
0 0.4541015625 0.787109375 0.10546875 0.099609375
0 0.6484375 0.2421875 0.0791015625 0.083984375
0 0.806640625 0.3291015625 0.08203125 0.087890625
0 0.6416015625 0.0283203125 0.068359375 0.0556640625
0 0.1318359375 0.0341796875 0.0830078125 0.068359375
0 0.1083984375 0.259765625 0.0712890625 0.080078125
0 0.6259765625 0.6083984375 0.1181640625 0.1298828125
0 0.7880859375 0.83203125 0.119140625 0.1123046875
0 0.2353515625 0.7763671875 0.080078125 0.0888671875
0 0.552734375 0.0654296875 0.0703125 0.072265625
0 0.056640625 0.4814453125 0.0693359375 0.07421875
0 0.39453125 0.064453125 0.0771484375 0.076171875
0 0.5791015625 0.927734375 0.0771484375 0.0810546875
0 0.9326171875 0.3603515625 0.1201171875 0.1064453125
0 0.1474609375 0.798828125 0.0712890625 0.07421875
0 0.298828125 0.015625 0.0615234375 0.03125
0 0.4853515625 0.408203125 0.0732421875 0.083984375
0 0.6875 0.8046875 0.09765625 0.0908203125
0 0.3603515625 0.265625 0.0751953125 0.0869140625
0 0.81640625 0.01953125 0.0625 0.0390625
0 0.3818359375 0.8515625 0.095703125 0.0888671875
0 0.4638671875 0.0439453125 0.072265625 0.0791015625
0 0.5615234375 0.484375 0.1044921875 0.1005859375
0 0.2197265625 0.3173828125 0.06640625 0.06640625
0 0.05078125 0.037109375 0.0869140625 0.0732421875
0 0.3037109375 0.8017578125 0.0927734375 0.09375
0 0.7041015625 0.0205078125 0.0869140625 0.0400390625
0 0.451171875 0.412109375 0.1123046875 0.0888671875
0 0.04296875 0.65234375 0.0712890625 0.0712890625
0 0.2158203125 0.96484375 0.0625 0.0703125
0 0.8916015625 0.0478515625 0.095703125 0.0927734375
0 0.1552734375 0.3349609375 0.091796875 0.095703125
0 0.263671875 0.9384765625 0.0595703125 0.0615234375
0 0.13671875 0.0947265625 0.0634765625 0.0712890625
0 0.560546875 0.2802734375 0.07421875 0.0732421875
0 0.2646484375 0.7861328125 0.1171875 0.1025390625
0 0.576171875 0.8515625 0.0869140625 0.091796875
0 0.748046875 0.0537109375 0.083984375 0.0830078125
0 0.4677734375 0.3466796875 0.0546875 0.064453125
0 0.4208984375 0.4072265625 0.0888671875 0.0908203125
0 0.9501953125 0.58203125 0.068359375 0.0771484375
0 0.876953125 0.87109375 0.08984375 0.0986328125
0 0.03125 0.248046875 0.0615234375 0.0849609375
0 0.8193359375 0.5654296875 0.0927734375 0.1025390625
0 0.318359375 0.4453125 0.072265625 0.0703125
0 0.57421875 0.1376953125 0.064453125 0.072265625
0 0.98046875 0.02734375 0.03515625 0.0546875
0 0.2353515625 0.5859375 0.0712890625 0.068359375
0 0.240234375 0.234375 0.0693359375 0.0751953125
0 0.2841796875 0.4052734375 0.0546875 0.05859375
0 0.4052734375 0.9609375 0.078125 0.078125
0 0.9482421875 0.69921875 0.0849609375 0.08984375
0 0.15625 0.4462890625 0.0712890625 0.0693359375
0 0.0458984375 0.3994140625 0.0908203125 0.080078125
0 0.0625 0.74609375 0.0830078125 0.103515625
0 0.1552734375 0.6015625 0.103515625 0.0947265625
0 0.439453125 0.5009765625 0.107421875 0.0888671875
0 0.7265625 0.439453125 0.1015625 0.10546875
0 0.80859375 0.4453125 0.076171875 0.1015625
0 0.9150390625 0.486328125 0.103515625 0.115234375
0 0.8046875 0.7060546875 0.091796875 0.103515625
0 0.65234375 0.91796875 0.0732421875 0.1162109375
0 0.708984375 0.90234375 0.0703125 0.1005859375
0 0.7958984375 0.9482421875 0.109375 0.1025390625
0 0.0478515625 0.9150390625 0.095703125 0.10546875
0 0.0537109375 0.14453125 0.095703125 0.1103515625
0 0.2587890625 0.138671875 0.130859375 0.1044921875
0 0.7412109375 0.138671875 0.0810546875 0.078125
0 0.810546875 0.21875 0.0849609375 0.087890625
0 0.9140625 0.203125 0.095703125 0.0986328125
0 0.447265625 0.5927734375 0.0771484375 0.0625
0 0.5302734375 0.65625 0.087890625 0.0732421875
0 0.5361328125 0.5810546875 0.0791015625 0.0732421875
0 0.4111328125 0.7041015625 0.0693359375 0.07421875
0 0.1640625 0.6953125 0.103515625 0.08203125
0 0.2548828125 0.537109375 0.095703125 0.06640625
0 0.4990234375 0.2138671875 0.0703125 0.0703125
0 0.708984375 0.71875 0.06640625 0.07421875