0 0.697902199074074 0.843822337962963 0.10487557870370368 0.10525173611111116
0 0.13253038194444444 0.36888744212962965 0.09830729166666669 0.09136284722222221
0 0.7563440393518519 0.9781177662037037 0.07469618055555571 0.04376446759259256
0 0.28891782407407407 0.8815104166666666 0.1108362268518519 0.107421875
0 0.313353587962963 0.1838107638888889 0.09244791666666674 0.09114583333333337
0 0.5616030092592592 0.05700231481481482 0.08773148148148158 0.0753761574074074
0 0.1916015625 0.19202112268518517 0.08803530092592593 0.08123553240740744
0 0.4144097222222222 0.98046875 0.08877314814814818 0.0390625
0 0.06877170138888888 0.8625940393518519 0.12346643518518519 0.12543402777777768
0 0.03081597222222222 0.7825159143518519 0.06163194444444444 0.0985966435185186
0 0.8514033564814815 0.35539641203703703 0.10271990740740744 0.10127314814814814
0 0.6275462962962963 0.9175347222222222 0.11699942129629637 0.11349826388888884
0 0.6141927083333334 0.2693142361111111 0.10672743055555545 0.10337094907407407
0 0.29461805555555554 0.28096064814814814 0.07416087962962958 0.07682291666666674
0 0.14833622685185185 0.7999855324074074 0.10928819444444443 0.1151620370370372
0 0.26162471064814813 0.3511646412037037 0.09265046296296298 0.09505208333333326
0 0.05057146990740741 0.19462528935185186 0.07025462962962964 0.0766782407407407
0 0.9173394097222223 0.8764105902777778 0.0834924768518519 0.1064091435185186
0 0.01642071759259259 0.9102647569444444 0.03284143518518518 0.10901331018518512
0 0.031112557870370372 0.0832248263888889 0.062225115740740744 0.08051215277777779
0 0.020417390046296294 0.6646412037037037 0.04083478009259259 0.07848668981481488
0 0.48908420138888886 0.9730541087962963 0.08968460648148158 0.05389178240740744
0 0.4037254050925926 0.9317491319444444 0.09746817129629637 0.1127748842592593
0 0.7975983796296297 0.03443287037037038 0.0883969907407407 0.013020833333333343
0 0.5349754050925926 0.6460141782407407 0.09655671296296298 0.09519675925925908
0 0.4872829861111111 0.056206597222222224 0.09184027777777781 0.07942708333333334
0 0.8486617476851852 0.06861255787037038 0.07806712962962958 0.07696759259259259
0 0.06163194444444445 0.07566550925925926 0.06584201388888888 0.06676793981481483
0 0.18527922453703705 0.9177879050925926 0.12100694444444449 0.11559606481481488
0 0.40400752314814814 0.3036024305555556 0.07651909722222228 0.08470775462962954
0 0.3316623263888889 0.6609881365740742 0.1152488425925926 0.11733217592592604
0 0.04156539351851852 0.26754195601851855 0.08313078703703704 0.08716724537037035
0 0.41885850694444443 0.43232783564814814 0.0844328703703704 0.08695023148148151
0 0.7436487268518519 0.7163628472222222 0.08689236111111098 0.09678819444444442
0 0.1333550347222222 0.6360315393518519 0.10023148148148148 0.12847222222222232
0 0.575267650462963 0.1142578125 0.08022280092592604 0.08094618055555558
0 0.9137586805555555 0.30389178240740744 0.09254918981481475 0.09309895833333326
0 0.4066767939814815 0.3653428819444444 0.06799768518518512 0.07074652777777768
0 0.7403428819444444 0.23289207175925927 0.08177083333333335 0.07320601851851855
0 0.3023075810185185 0.057183159722222224 0.112818287037037 0.07045717592592593
0 0.5287398726851852 0.16243489583333331 0.08463541666666674 0.09085648148148151
0 0.0020399305555555552 0.25224247685185186 0.0040798611111111105 0.05917245370370372
0 0.7772786458333334 0.8037109375 0.10918692129629637 0.11320891203703698
0 0.85703125 0.45442708333333337 0.08628472222222228 0.08506944444444442
0 0.9430483217592592 0.22963686342592593 0.04998553240740744 0.09932002314814814
0 0.7424913194444445 0.5499855324074074 0.1152488425925926 0.11733217592592604
0 0.4559823495370371 0.3202039930555556 0.07456597222222228 0.08463541666666674
0 0.45638020833333337 0.23705150462962965 0.09429976851851851 0.08926504629629628
0 0.5574146412037038 0.42082609953703703 0.09686053240740744 0.1010561342592593
0 0.3618344907407407 0.3998842592592593 0.06984953703703711 0.0688657407407407
0 0.7055555555555555 0.11125578703703703 0.07180266203703711 0.06893807870370372
0 0.8676070601851852 0.8354311342592593 0.08217592592592582 0.0810185185185186
0 0.4102719907407407 0.9469401041666667 0.11565393518518519 0.10611979166666652
0 0.6168981481481481 0.5756655092592593 0.1098958333333333 0.1268807870370372
0 0.8930700231481481 0.6651475694444444 0.1391927083333333 0.1279658564814814
0 0.9403862847222222 0.7715928819444444 0.04914641203703707 0.12073206018518512
0 0.8759331597222222 0.7692057291666667 0.10632233796296298 0.09555844907407396
0 0.40736400462962963 0.5219184027777778 0.08463541666666663 0.0908564814814814
0 0.0208984375 0.5120442708333333 0.041796875 0.07458043981481488
0 0.5496672453703704 0.8344184027777778 0.07385706018518512 0.07096354166666674
0 0.49680266203703705 0.7972366898148149 0.07015335648148135 0.07472511574074092
0 0.6064887152777778 0.7386791087962963 0.06594328703703711 0.06872106481481488
0 0.9573712384259259 0.6704644097222223 0.02348090277777759 0.07689525462962976
0 0.9444661458333333 0.4664713541666667 0.06880787037037028 0.08637152777777779
0 0.8236906828703703 0.21053964120370372 0.06769386574074066 0.06488715277777779
0 0.34326533564814815 0.5126953125 0.07210648148148147 0.07479745370370372
0 0.4452763310185185 0.6965060763888888 0.07261284722222228 0.08456307870370372
0 0.6687572337962963 0.31145109953703703 0.08648726851851851 0.08897569444444442
0 0.7675419560185185 0.3121744791666667 0.06809895833333335 0.07269965277777779
0 0.1550564236111111 0.2552445023148148 0.07220775462962964 0.07675057870370372
0 0.2033130787037037 0.11711516203703703 0.06995081018518523 0.07081886574074076
0 0.944632523148148 0.08586516203703705 0.02442129629629619 0.05743634259259259
0 0.3970196759259259 0.8346354166666667 0.07591145833333335 0.07298900462962976
0 0.2671006944444444 0.9750072337962963 0.06759259259259265 0.04998553240740744
0 0.7766059027777777 0.9299045138888888 0.08177083333333335 0.0732060185185186
0 0.9361689814814815 0.9661458333333334 0.03368055555555571 0.04803240740740744
0 0.10089699074074074 0.46947337962962965 0.07149884259259259 0.06307870370370372
0 0.06095196759259259 0.39069733796296297 0.08002025462962963 0.07703993055555558
0 0.2598524305555555 0.7816116898148149 0.08207465277777781 0.0790653935185186
0 0.7083116319444445 0.4166304976851852 0.059982638888888884 0.06655092592592593
0 0.6407262731481481 0.41804108796296297 0.08012152777777781 0.07899305555555558
0 0.9459707754629629 0.15440538194444445 0.030787037037037113 0.06741898148148145
0 0.9274450231481481 0.5871672453703703 0.07210648148148158 0.07479745370370372
0 0.6907118055555556 0.9779007523148149 0.07294560185185195 0.04419849537037024
0 0.6114728009259259 0.9935257523148149 0.07358217592592586 0.012948495370370239
0 0.3285590277777778 0.9633608217592593 0.07621527777777781 0.0732783564814814