0 0.2119212962962963 0.3371310763888889 0.14661458333333333 0.1459780092592593
0 0.5515407986111112 0.43080873842592593 0.10694444444444429 0.103515625
0 0.7361255787037038 0.5685763888888888 0.11303530092592595 0.11935763888888884
0 0.18135850694444444 0.48744936342592593 0.09717881944444445 0.10315393518518512
0 0.03697193287037037 0.46535011574074076 0.07394386574074074 0.10257523148148151
0 0.1310546875 0.977466724537037 0.08861400462962965 0.04506655092592604
0 0.5245876736111111 0.6672453703703703 0.08525752314814805 0.08904803240740744
0 0.6887152777777779 0.33915653935185186 0.140523726851852 0.13013599537037035
0 0.922728587962963 0.37225115740740744 0.11297743055555554 0.11545138888888884
0 0.8834924768518518 0.6463396990740741 0.08528645833333326 0.09100115740740744
0 0.4115306712962963 0.05432581018518519 0.10662615740740744 0.08203125
0 0.7992332175925927 0.5298755787037037 0.11093749999999991 0.10951967592592582
0 0.9598813657407408 0.6345124421296297 0.0640335648148147 0.10583043981481488
0 0.3641637731481482 0.349609375 0.12489872685185177 0.12955729166666663
0 0.7762514467592592 0.3003833912037037 0.0952835648148147 0.10698784722222221
0 0.35424623842592595 0.5573640046296297 0.15072337962962967 0.15979456018518512
0 0.2602213541666667 0.961986400462963 0.12038483796296295 0.07602719907407396
0 0.460423900462963 0.6453269675925926 0.08735532407407409 0.09888599537037024
0 0.2468243634259259 0.8172019675925926 0.07730034722222223 0.07899305555555558
0 0.6754557291666667 0.9044053819444444 0.11085069444444429 0.10366030092592604
0 0.9122612847222222 0.22139033564814817 0.06385995370370368 0.09411168981481483
0 0.38020109953703707 0.6521267361111112 0.09304108796296306 0.08738425925925908
0 0.9682146990740741 0.46773726851851855 0.05205439814814827 0.08781828703703709
0 0.4713469328703704 0.03993055555555556 0.07293113425925923 0.047598379629629636
0 0.15107783564814814 0.9484953703703705 0.1030092592592593 0.10141782407407396
0 0.8584056712962963 0.0972583912037037 0.1191261574074074 0.13519965277777776
0 0.8550202546296296 0.5895905671296297 0.10493344907407409 0.09953703703703698
0 0.9662254050925926 0.799877025462963 0.0463686342592593 0.09932002314814836
0 0.972605613425926 0.8968460648148149 0.0303096064814814 0.06944444444444464
0 0.48365162037037035 0.4624927662037037 0.06543692129629641 0.06879340277777779
0 0.801707175925926 0.7586082175925926 0.09522569444444429 0.10308159722222232
0 0.2503689236111111 0.18221932870370372 0.17252604166666663 0.1820746527777778
0 0.5935329861111112 0.5642722800925926 0.09712094907407387 0.09924768518518512
0 0.602712673611111 0.14250578703703703 0.08718171296296306 0.08716724537037035
0 0.8365668402777777 0.054434317129629636 0.10030381944444455 0.050564236111111105
0 0.7762369791666666 0.16945167824074076 0.07936921296296306 0.08687789351851849
0 0.601685474537037 0.07993344907407408 0.08120659722222223 0.07913773148148148
0 0.45697337962962964 0.15274160879629628 0.06942997685185182 0.07479745370370372
0 0.06155237268518518 0.26414207175925924 0.0775318287037037 0.09461805555555558
0 0.12118778935185184 0.19599971064814814 0.0832465277777778 0.08506944444444442
0 0.21519097222222222 0.6440610532407407 0.1010850694444444 0.10329861111111116
0 0.14385127314814816 0.5788845486111112 0.08514178240740744 0.08123553240740744
0 0.34285300925925927 0.8647280092592593 0.07730034722222223 0.07899305555555558
0 0.2748625578703704 0.903247974537037 0.05946180555555558 0.06076388888888884
0 0.47311197916666664 0.8441478587962963 0.1147569444444444 0.10380497685185186
0 0.6358289930555555 0.8091362847222222 0.1386574074074074 0.13592303240740744
0 0.6811776620370371 0.7160373263888888 0.1030960648148147 0.10727719907407396
0 0.8809244791666666 0.7537254050925926 0.09712094907407387 0.09924768518518512
0 0.8096498842592592 0.8820167824074074 0.07934027777777786 0.0849247685185186
0 0.5854311342592593 0.96875 0.09298321759259265 0.0625
0 0.4779369212962963 0.9701967592592593 0.09097222222222223 0.0596064814814814
0 0.40551215277777775 0.979564525462963 0.09456018518518516 0.04087094907407396
0 0.4525607638888889 0.7144097222222222 0.08930844907407409 0.09895833333333326
0 0.31843171296296297 0.7983579282407407 0.11099537037037033 0.11342592592592604
0 0.039966724537037035 0.5885416666666667 0.07993344907407407 0.10286458333333348
0 0.8271050347222222 0.4292896412037037 0.10496238425925908 0.10149016203703698
0 0.7049768518518518 0.42867476851851855 0.1108796296296295 0.10561342592592593
0 0.6764322916666667 0.508716724537037 0.09307002314814827 0.0893373842592593
0 0.7320529513888889 0.11798321759259259 0.07144097222222223 0.07877604166666669
0 0.690357349537037 0.16236255787037038 0.09312789351851869 0.09324363425925924
0 0.328978587962963 0.08644386574074074 0.063425925925926 0.06481481481481483
0 0.02564380787037037 0.119140625 0.05128761574074074 0.04296875
0 0.09284577546296297 0.5261863425925926 0.09499421296296295 0.08745659722222232
0 0.7435257523148149 0.7945601851851851 0.05164930555555536 0.0604745370370372
0 0.9131655092592592 0.4901258680555556 0.07336516203703702 0.07689525462962954
0 0.745847800925926 0.8356843171296297 0.04550057870370372 0.04072627314814814
0 0.2832103587962963 0.4716796875 0.08129340277777775 0.0849971064814814
0 0.40451388888888884 0.13223379629629628 0.07721354166666661 0.07313368055555558
0 0.21195023148148148 0.8628110532407407 0.0515335648148148 0.0526620370370372
0 0.1572193287037037 0.8637152777777778 0.05555555555555558 0.06061921296296302
0 0.48259548611111114 0.5337818287037037 0.07141203703703702 0.07682291666666674
0 0.11001157407407408 0.8844401041666666 0.05363136574074073 0.0625
0 0.11795428240740741 0.7440321180555556 0.08318865740740738 0.08116319444444442
0 0.6016420717592592 0.3466796875 0.06765046296296306 0.0864438657407407
0 0.39189091435185186 0.2587890625 0.08715277777777775 0.08521412037037035
0 0.013765914351851852 0.4166304976851852 0.027531828703703704 0.06763599537037035
0 0.03575665509259259 0.3559027777777778 0.07151331018518518 0.08289930555555558