0 0.61328125 0.89453125 0.185546875 0.1474609375
0 0.162109375 0.8310546875 0.1552734375 0.1484375
0 0.4169921875 0.8486328125 0.1396484375 0.162109375
0 0.474609375 0.5634765625 0.1474609375 0.1396484375
0 0.650390625 0.685546875 0.1728515625 0.119140625
0 0.927734375 0.943359375 0.1396484375 0.103515625
0 0.32421875 0.6669921875 0.1123046875 0.1083984375
0 0.1064453125 0.6513671875 0.169921875 0.1767578125
0 0.7099609375 0.4990234375 0.1171875 0.115234375
0 0.091796875 0.357421875 0.130859375 0.1181640625
0 0.5576171875 0.0419921875 0.107421875 0.083984375
0 0.603515625 0.7822265625 0.12890625 0.0966796875
0 0.359375 0.298828125 0.1259765625 0.1044921875
0 0.5361328125 0.3076171875 0.1015625 0.0966796875
0 0.666015625 0.37109375 0.0712890625 0.0634765625
0 0.7568359375 0.3828125 0.0810546875 0.046875
0 0.818359375 0.26171875 0.083984375 0.0908203125
0 0.9580078125 0.1552734375 0.083984375 0.1015625
0 0.8916015625 0.189453125 0.0712890625 0.0703125
0 0.87890625 0.0458984375 0.095703125 0.0888671875
0 0.25 0.078125 0.146484375 0.1083984375
0 0.025390625 0.2421875 0.0458984375 0.06640625
0 0.1611328125 0.189453125 0.0595703125 0.076171875
0 0.09375 0.111328125 0.0556640625 0.0595703125
0 0.767578125 0.90234375 0.0888671875 0.1103515625
0 0.2021484375 0.9697265625 0.0830078125 0.060546875
0 0.408203125 0.9716796875 0.0791015625 0.0556640625
0 0.0380859375 0.4921875 0.076171875 0.1064453125
0 0.458984375 0.1279296875 0.07421875 0.06640625
0 0.37109375 0.1572265625 0.0849609375 0.1005859375
0 0.79296875 0.6962890625 0.07421875 0.0693359375
0 0.6015625 0.1787109375 0.095703125 0.099609375
0 0.30859375 0.8154296875 0.0859375 0.0732421875