0 0.69921875 0.630859375 0.123046875 0.1298828125
0 0.083984375 0.9501953125 0.091796875 0.0859375
0 0.5888671875 0.6328125 0.1328125 0.130859375
0 0.4345703125 0.7373046875 0.1201171875 0.119140625
0 0.888671875 0.712890625 0.1005859375 0.103515625
0 0.9423828125 0.83984375 0.115234375 0.119140625
0 0.220703125 0.3193359375 0.1015625 0.1064453125
0 0.775390625 0.8076171875 0.1318359375 0.1435546875
0 0.4169921875 0.5146484375 0.0947265625 0.1103515625
0 0.2021484375 0.439453125 0.087890625 0.10546875
0 0.5078125 0.5634765625 0.0849609375 0.0966796875
0 0.7783203125 0.904296875 0.09375 0.099609375
0 0.6513671875 0.7578125 0.09765625 0.107421875
0 0.2939453125 0.1025390625 0.1015625 0.0966796875
0 0.9306640625 0.3291015625 0.115234375 0.119140625
0 0.5703125 0.5439453125 0.0869140625 0.091796875
0 0.9150390625 0.9208984375 0.0849609375 0.0810546875
0 0.3583984375 0.6337890625 0.10546875 0.1044921875
0 0.5712890625 0.7392578125 0.1064453125 0.0947265625
0 0.953125 0.2421875 0.0830078125 0.083984375
0 0.9345703125 0.025390625 0.0966796875 0.05078125
0 0.6474609375 0.2783203125 0.07421875 0.083984375
0 0.603515625 0.3408203125 0.0859375 0.08203125
0 0.771484375 0.0263671875 0.109375 0.052734375
0 0.974609375 0.9443359375 0.0498046875 0.1005859375
0 0.25 0.939453125 0.1494140625 0.1123046875
0 0.4013671875 0.974609375 0.1279296875 0.0498046875
0 0.9130859375 0.6181640625 0.0830078125 0.078125
0 0.0205078125 0.1318359375 0.0400390625 0.107421875
0 0.7744140625 0.974609375 0.103515625 0.0439453125
0 0.56640625 0.09765625 0.12890625 0.138671875
0 0.1103515625 0.64453125 0.1298828125 0.1240234375
0 0.10546875 0.05859375 0.083984375 0.080078125
0 0.7998046875 0.5849609375 0.080078125 0.07421875
0 0.595703125 0.2275390625 0.0634765625 0.05859375
0 0.6953125 0.4296875 0.0888671875 0.1015625
0 0.9609375 0.69921875 0.0771484375 0.08984375
0 0.271484375 0.611328125 0.09375 0.0986328125
0 0.015625 0.32421875 0.03125 0.0830078125
0 0.107421875 0.2724609375 0.10546875 0.0986328125
0 0.767578125 0.181640625 0.1259765625 0.125
0 0.44140625 0.2744140625 0.06640625 0.0751953125
0 0.5263671875 0.814453125 0.11328125 0.1064453125
0 0.47265625 0.6376953125 0.06640625 0.076171875
0 0.6318359375 0.3173828125 0.0869140625 0.111328125
0 0.33203125 0.8173828125 0.08984375 0.07421875
0 0.8603515625 0.4482421875 0.0888671875 0.0849609375
0 0.7021484375 0.548828125 0.0634765625 0.064453125
0 0.3330078125 0.5029296875 0.107421875 0.1142578125
0 0.9736328125 0.0517578125 0.052734375 0.099609375
0 0.166015625 0.1396484375 0.1005859375 0.13671875
0 0.03515625 0.5263671875 0.0703125 0.107421875
0 0.5625 0.0185546875 0.099609375 0.037109375
0 0.205078125 0.0439453125 0.08984375 0.087890625
0 0.861328125 0.033203125 0.0625 0.06640625
0 0.072265625 0.1865234375 0.1044921875 0.091796875
0 0.6494140625 0.85546875 0.0986328125 0.095703125
0 0.7734375 0.4130859375 0.0869140625 0.080078125
0 0.9658203125 0.4150390625 0.068359375 0.072265625
0 0.0166015625 0.9453125 0.0322265625 0.080078125
0 0.78515625 0.3544921875 0.08984375 0.0859375
0 0.0302734375 0.865234375 0.0556640625 0.103515625
0 0.2939453125 0.3203125 0.060546875 0.0712890625
0 0.2861328125 0.4052734375 0.0595703125 0.0615234375
0 0.34375 0.421875 0.060546875 0.0546875
0 0.1669921875 0.75 0.0615234375 0.0615234375
0 0.1728515625 0.828125 0.0732421875 0.078125
0 0.25390625 0.76171875 0.1005859375 0.0751953125
0 0.291015625 0.181640625 0.0693359375 0.060546875
0 0.5419921875 0.47265625 0.0732421875 0.06640625
0 0.4951171875 0.443359375 0.056640625 0.0478515625
0 0.9111328125 0.166015625 0.060546875 0.0693359375
0 0.9501953125 0.162109375 0.0576171875 0.0654296875
0 0.8681640625 0.353515625 0.060546875 0.064453125
0 0.0400390625 0.431640625 0.076171875 0.0908203125
0 0.1015625 0.34375 0.0712890625 0.05859375
0 0.6630859375 0.041015625 0.07421875 0.0732421875
0 0.2578125 0.8515625 0.0615234375 0.0751953125
0 0.37109375 0.1962890625 0.0546875 0.0634765625
0 0.3798828125 0.109375 0.0517578125 0.0458984375