0 0.24765625 0.283203125 0.14262152777777776 0.14192708333333337
0 0.5849392361111112 0.37923177083333337 0.10368923611111125 0.09843749999999996
0 0.7644314236111112 0.5171223958333333 0.11032986111111098 0.11640625000000004
0 0.21030815972222222 0.4345703125 0.09401041666666665 0.09973958333333333
0 0.05946180555555555 0.4123046875 0.08628472222222222 0.10117187500000002
0 0.13632812500000002 0.9517578124999999 0.08185763888888886 0.08919270833333348
0 0.5474609375 0.6158203125 0.08363715277777772 0.0854166666666667
0 0.7267578125 0.2865234375 0.13598090277777786 0.12395833333333339
0 0.9536675347222222 0.3208984375 0.09266493055555558 0.11028645833333339
0 0.9099392361111112 0.5955729166666667 0.07981770833333313 0.08710937500000004
0 0.46236979166666664 0.0185546875 0.10442708333333328 0.037109375
0 0.8313151041666667 0.4793619791666667 0.1079427083333333 0.10651041666666661
0 0.9791449652777777 0.5840494791666666 0.04171006944444455 0.10221354166666652
0 0.40104166666666663 0.296484375 0.12044270833333326 0.12486979166666667
0 0.8180555555555555 0.24713541666666666 0.09027777777777768 0.10338541666666667
0 0.38094618055555557 0.50546875 0.14509548611111112 0.1537760416666667
0 0.2667100694444444 0.9322916666666666 0.11406249999999996 0.1127604166666667
0 0.4828559027777778 0.5946614583333334 0.08407118055555562 0.0951822916666667
0 0.2623480902777778 0.7680338541666667 0.07352430555555556 0.07695312499999996
0 0.6873914930555556 0.8552734375 0.10572916666666665 0.10052083333333339
0 0.9565755208333333 0.16835937499999998 0.056727430555555625 0.09335937500000002
0 0.40379774305555555 0.6009114583333333 0.08940972222222221 0.08385416666666679
0 0.990234375 0.41510416666666666 0.01953125 0.08463541666666663
0 0.5243055555555556 0.003255208333333332 0.07204861111111116 0.006510416666666664
0 0.15946180555555556 0.8992838541666667 0.09978298611111114 0.0981770833333333
0 0.9079210069444444 0.05514322916666667 0.11111111111111116 0.11028645833333334
0 0.8838541666666667 0.5375651041666667 0.1015625 0.09440104166666652
0 0.9829644097222222 0.7520182291666666 0.03407118055555558 0.09440104166666652
0 0.9864583333333333 0.849609375 0.027083333333333348 0.0630208333333333
0 0.5157986111111111 0.4102864583333333 0.06527777777777777 0.06666666666666665
0 0.8219401041666666 0.7091796875 0.09010416666666665 0.09947916666666679
0 0.29463975694444444 0.12825520833333334 0.1655815972222222 0.1765625
0 0.6212456597222222 0.5129557291666667 0.09383680555555562 0.09583333333333344
0 0.6503472222222222 0.087890625 0.08550347222222232 0.08359375000000002
0 0.8913845486111112 0.0109375 0.09526909722222232 0.021875
0 0.8239583333333333 0.11549479166666668 0.07582465277777772 0.08489583333333334
0 0.6515190972222222 0.03186848958333333 0.07734375000000004 0.06373697916666667
0 0.501953125 0.09876302083333334 0.06749131944444442 0.07265625
0 0.10049913194444443 0.21171875 0.072265625 0.09244791666666663
0 0.16395399305555555 0.14088541666666668 0.0795572916666667 0.08124999999999999
0 0.237890625 0.5923828125 0.09587673611111108 0.09791666666666665
0 0.1684027777777778 0.5274739583333333 0.08337673611111107 0.0795572916666667
0 0.35453559027777776 0.8147786458333333 0.07352430555555556 0.07695312500000018
0 0.2848090277777778 0.8546875 0.057204861111111116 0.06028645833333335
0 0.4878472222222222 0.7951171875 0.11150173611111103 0.09895833333333348
0 0.6537109375 0.75859375 0.1362413194444445 0.1298177083333334
0 0.7034722222222223 0.6661458333333334 0.09809027777777768 0.10390625000000009
0 0.9020182291666667 0.7038411458333333 0.09383680555555562 0.09583333333333321
0 0.8254557291666667 0.8323567708333333 0.07573784722222232 0.08294270833333339
0 0.5936631944444444 0.9281250000000001 0.08906249999999982 0.07604166666666679
0 0.4852213541666667 0.934375 0.08719618055555545 0.07786458333333313
0 0.4122395833333333 0.9451171875 0.08862847222222214 0.06627604166666679
0 0.4722222222222222 0.6639322916666667 0.08415798611111103 0.0971354166666667
0 0.33391927083333334 0.7475911458333333 0.10616319444444444 0.11028645833333339
0 0.06195746527777778 0.5345703125 0.08033854166666667 0.09882812500000004
0 0.8630208333333333 0.37734375 0.10360243055555562 0.09648437499999996
0 0.7405598958333333 0.37669270833333335 0.10581597222222205 0.10247395833333339
0 0.7078993055555556 0.4572265625 0.08940972222222232 0.08385416666666667
0 0.7814887152777779 0.0634765625 0.06766493055555545 0.0765625
0 0.7364800347222222 0.10859374999999999 0.08967013888888897 0.08971354166666667
0 0.3775173611111111 0.031640625000000006 0.06119791666666663 0.0625
0 0.05874565972222222 0.065625 0.07569444444444445 0.03815104166666666
0 0.11998697916666666 0.47389322916666665 0.09127604166666667 0.08203125
0 0.7618489583333333 0.7455078125 0.049392361111111116 0.059765625000000044
0 0.9469835069444444 0.4373697916666667 0.07148437500000004 0.07486979166666674
0 0.7626953125 0.7865885416666667 0.044618055555555536 0.03997395833333339
0 0.3134765625 0.41985677083333334 0.07769097222222221 0.08307291666666672
0 0.4510633680555556 0.07766927083333333 0.07708333333333339 0.06940104166666666
0 0.22421875000000002 0.813671875 0.048958333333333326 0.04999999999999982
0 0.16935763888888888 0.8134114583333334 0.055251736111111116 0.06015624999999991
0 0.5111545138888889 0.4820963541666667 0.06757812500000004 0.07460937499999998
0 0.12037760416666667 0.8352864583333333 0.04939236111111109 0.05976562499999982
0 0.13561197916666667 0.6932291666666667 0.08133680555555556 0.07747395833333326
0 0.6389539930555556 0.2943359375 0.06410590277777772 0.08411458333333344
0 0.4322048611111111 0.204296875 0.0834635416666667 0.0815104166666667
0 0.03665364583333333 0.3619140625 0.04379340277777777 0.06523437499999996
0 0.06631944444444444 0.3021484375 0.0775173611111111 0.07916666666666661