0 0.353515625 0.224609375 0.1240234375 0.14453125
0 0.837890625 0.1357421875 0.1630859375 0.2265625
0 0.6328125 0.443359375 0.099609375 0.107421875
0 0.4443359375 0.2177734375 0.09765625 0.09765625
0 0.3310546875 0.505859375 0.1025390625 0.0986328125
0 0.412109375 0.63671875 0.109375 0.1015625
0 0.1611328125 0.2890625 0.0908203125 0.095703125
0 0.2001953125 0.9384765625 0.0703125 0.072265625
0 0.48828125 0.119140625 0.1376953125 0.134765625
0 0.552734375 0.8349609375 0.064453125 0.064453125
0 0.6357421875 0.947265625 0.0673828125 0.064453125
0 0.9619140625 0.3681640625 0.0751953125 0.111328125
0 0.5576171875 0.705078125 0.1201171875 0.1171875
0 0.0595703125 0.7744140625 0.08984375 0.0947265625
0 0.09765625 0.0673828125 0.1650390625 0.134765625
0 0.14453125 0.5068359375 0.078125 0.091796875
0 0.095703125 0.3623046875 0.0966796875 0.0947265625
0 0.947265625 0.4794921875 0.0966796875 0.099609375
0 0.1201171875 0.7998046875 0.0830078125 0.08984375
0 0.720703125 0.6328125 0.0634765625 0.0693359375
0 0.2265625 0.1201171875 0.0654296875 0.0703125
0 0.44140625 0.4228515625 0.0751953125 0.0849609375
0 0.5712890625 0.9716796875 0.0625 0.0537109375
0 0.85546875 0.849609375 0.083984375 0.087890625
0 0.53125 0.5615234375 0.0673828125 0.0615234375
0 0.0712890625 0.431640625 0.0751953125 0.0771484375
0 0.216796875 0.6982421875 0.0625 0.064453125
0 0.43359375 0.953125 0.0810546875 0.0810546875
0 0.0859375 0.6337890625 0.078125 0.078125
0 0.6875 0.69921875 0.0849609375 0.080078125
0 0.2216796875 0.5283203125 0.05078125 0.05078125
0 0.802734375 0.470703125 0.0791015625 0.08203125
0 0.9697265625 0.919921875 0.0595703125 0.087890625
0 0.0166015625 0.6708984375 0.033203125 0.0625
0 0.4619140625 0.1923828125 0.119140625 0.162109375
0 0.0166015625 0.435546875 0.033203125 0.09375
0 0.5 0.7802734375 0.060546875 0.060546875
0 0.0546875 0.5712890625 0.068359375 0.0703125
0 0.658203125 0.6513671875 0.060546875 0.0634765625
0 0.96875 0.0576171875 0.0576171875 0.115234375
0 0.5927734375 0.9248046875 0.0556640625 0.056640625
0 0.84375 0.3427734375 0.1728515625 0.1279296875
0 0.205078125 0.42578125 0.0380859375 0.048828125
0 0.2451171875 0.3994140625 0.0576171875 0.080078125
0 0.2998046875 0.37109375 0.072265625 0.0830078125
0 0.0771484375 0.234375 0.0732421875 0.099609375
0 0.6689453125 0.21484375 0.1162109375 0.1220703125
0 0.5185546875 0.31640625 0.076171875 0.0791015625
0 0.6005859375 0.0791015625 0.0693359375 0.080078125
0 0.578125 0.0263671875 0.0947265625 0.052734375
0 0.697265625 0.056640625 0.0673828125 0.060546875
0 0.837890625 0.58203125 0.064453125 0.0654296875
0 0.9365234375 0.6171875 0.060546875 0.06640625
0 0.2861328125 0.8037109375 0.0458984375 0.0439453125
0 0.4052734375 0.8505859375 0.08984375 0.09375
0 0.4677734375 0.810546875 0.0546875 0.04296875
0 0.4365234375 0.7177734375 0.0615234375 0.046875
0 0.443359375 0.7646484375 0.0546875 0.0419921875
0 0.62109375 0.8681640625 0.0791015625 0.08203125
0 0.74609375 0.888671875 0.0693359375 0.07421875
0 0.76171875 0.8349609375 0.0712890625 0.0712890625
0 0.8349609375 0.9365234375 0.078125 0.0751953125
0 0.8359375 0.7529296875 0.0654296875 0.0771484375
0 0.90234375 0.736328125 0.0625 0.0546875
0 0.921875 0.7744140625 0.046875 0.0458984375
0 0.94140625 0.8349609375 0.0546875 0.0712890625
0 0.2119140625 0.8173828125 0.0712890625 0.06640625
0 0.1103515625 0.7021484375 0.0634765625 0.056640625
0 0.263671875 0.5947265625 0.0361328125 0.0419921875
0 0.294921875 0.6025390625 0.0341796875 0.037109375
0 0.322265625 0.5849609375 0.04296875 0.0419921875
0 0.2666015625 0.5595703125 0.048828125 0.0400390625
0 0.21484375 0.59375 0.0458984375 0.0595703125
0 0.17578125 0.5625 0.0546875 0.046875
0 0.05078125 0.51171875 0.0498046875 0.0546875
0 0.28125 0.8603515625 0.0517578125 0.04296875
0 0.34765625 0.9404296875 0.052734375 0.0537109375
0 0.12890625 0.888671875 0.056640625 0.078125
0 0.072265625 0.931640625 0.0869140625 0.0693359375
0 0.4013671875 0.3271484375 0.0615234375 0.0654296875
0 0.3193359375 0.66796875 0.076171875 0.068359375
0 0.5537109375 0.7861328125 0.0458984375 0.0390625
0 0.5302734375 0.43359375 0.0732421875 0.0986328125
0 0.599609375 0.5361328125 0.0673828125 0.0732421875
0 0.15234375 0.671875 0.046875 0.05078125
0 0.720703125 0.9404296875 0.0634765625 0.0634765625
0 0.7177734375 0.541015625 0.052734375 0.0537109375
0 0.775390625 0.572265625 0.0693359375 0.060546875
0 0.904296875 0.5576171875 0.0576171875 0.056640625
0 0.677734375 0.1162109375 0.0546875 0.0546875
0 0.7470703125 0.1513671875 0.052734375 0.048828125
0 0.2490234375 0.763671875 0.056640625 0.0478515625
0 0.4951171875 0.861328125 0.0537109375 0.044921875
0 0.669921875 0.8203125 0.0732421875 0.0517578125
0 0.5810546875 0.634765625 0.044921875 0.0517578125
0 0.3544921875 0.4267578125 0.06640625 0.0654296875
0 0.9521484375 0.130859375 0.052734375 0.0537109375
0 0.330078125 0.8017578125 0.0478515625 0.044921875