0 0.734375 0.275390625 0.1181640625 0.11328125
0 0.4296875 0.43359375 0.0869140625 0.078125
0 0.283203125 0.6015625 0.08984375 0.09375
0 0.97265625 0.0537109375 0.0546875 0.107421875
0 0.796875 0.412109375 0.076171875 0.0810546875
0 0.9384765625 0.3603515625 0.072265625 0.0830078125
0 0.96484375 0.904296875 0.0693359375 0.09765625
0 0.5078125 0.6533203125 0.068359375 0.068359375
0 0.27734375 0.373046875 0.115234375 0.0966796875
0 0.05859375 0.4541015625 0.0966796875 0.0908203125
0 0.1591796875 0.7060546875 0.0654296875 0.0712890625
0 0.4775390625 0.037109375 0.091796875 0.07421875
0 0.212890625 0.578125 0.0888671875 0.0859375
0 0.06640625 0.7138671875 0.0732421875 0.0859375
0 0.5908203125 0.318359375 0.099609375 0.1025390625
0 0.1845703125 0.353515625 0.072265625 0.0859375
0 0.646484375 0.513671875 0.119140625 0.125
0 0.8349609375 0.9169921875 0.0888671875 0.126953125
0 0.564453125 0.619140625 0.068359375 0.0791015625
0 0.8076171875 0.740234375 0.0615234375 0.0625
0 0.416015625 0.9091796875 0.08984375 0.078125
0 0.029296875 0.306640625 0.05859375 0.0859375
0 0.642578125 0.609375 0.076171875 0.06640625
0 0.0263671875 0.5537109375 0.052734375 0.078125
0 0.4169921875 0.03125 0.060546875 0.060546875
0 0.3232421875 0.015625 0.1064453125 0.0283203125
0 0.927734375 0.8466796875 0.083984375 0.0791015625
0 0.0537109375 0.177734375 0.1064453125 0.1123046875
0 0.1728515625 0.6455078125 0.0859375 0.07421875
0 0.083984375 0.8759765625 0.0849609375 0.0771484375
0 0.0908203125 0.9755859375 0.095703125 0.048828125
0 0.5009765625 0.44921875 0.052734375 0.0537109375
0 0.26171875 0.7958984375 0.0732421875 0.0810546875
0 0.662109375 0.1357421875 0.1357421875 0.14453125
0 0.4189453125 0.568359375 0.0771484375 0.0771484375
0 0.3154296875 0.16796875 0.0703125 0.0673828125
0 0.064453125 0.1044921875 0.0791015625 0.0859375
0 0.154296875 0.2294921875 0.0625 0.0703125
0 0.3037109375 0.109375 0.064453125 0.0595703125
0 0.4580078125 0.1494140625 0.0546875 0.0595703125
0 0.8623046875 0.17578125 0.056640625 0.0791015625
0 0.7890625 0.1220703125 0.06640625 0.06640625
0 0.798828125 0.5693359375 0.080078125 0.080078125
0 0.853515625 0.4931640625 0.0693359375 0.0625
0 0.7265625 0.8046875 0.0615234375 0.0615234375
0 0.7998046875 0.828125 0.0478515625 0.0478515625
0 0.595703125 0.8125 0.095703125 0.0771484375
0 0.431640625 0.810546875 0.11328125 0.103515625
0 0.3681640625 0.7314453125 0.0810546875 0.0849609375
0 0.1845703125 0.8076171875 0.078125 0.0771484375
0 0.28125 0.9150390625 0.0615234375 0.0673828125
0 0.51953125 0.966796875 0.078125 0.0654296875
0 0.623046875 0.947265625 0.07421875 0.06640625
0 0.6982421875 0.958984375 0.076171875 0.08203125
0 0.587890625 0.6845703125 0.068359375 0.080078125
0 0.734375 0.736328125 0.087890625 0.0888671875
0 0.962890625 0.48046875 0.07421875 0.08203125
0 0.1640625 0.4873046875 0.0859375 0.0771484375
0 0.2802734375 0.4619140625 0.08984375 0.0810546875
0 0.326171875 0.5322265625 0.0751953125 0.06640625
0 0.1865234375 0.1708984375 0.0556640625 0.0634765625
0 0.236328125 0.205078125 0.0751953125 0.0712890625
0 0.072265625 0.0234375 0.07421875 0.046875
0 0.5654296875 0.0595703125 0.0498046875 0.0517578125
0 0.8759765625 0.0205078125 0.0693359375 0.041015625
0 0.8896484375 0.431640625 0.078125 0.0654296875
0 0.326171875 0.8193359375 0.0400390625 0.0498046875
0 0.0947265625 0.5625 0.0576171875 0.060546875
0 0.33203125 0.859375 0.037109375 0.0302734375
0 0.6953125 0.41796875 0.0634765625 0.068359375
0 0.5029296875 0.119140625 0.064453125 0.0537109375
0 0.2216796875 0.03515625 0.041015625 0.0419921875
0 0.8505859375 0.77734375 0.041015625 0.041015625
0 0.9033203125 0.7666015625 0.0439453125 0.048828125
0 0.5185546875 0.5166015625 0.0556640625 0.060546875
0 0.953125 0.77734375 0.0400390625 0.05078125
0 0.9150390625 0.64453125 0.0673828125 0.0615234375
0 0.0234375 0.86328125 0.0458984375 0.05859375
0 0.0205078125 0.98046875 0.041015625 0.0380859375
0 0.36328125 0.36328125 0.048828125 0.072265625
0 0.5439453125 0.236328125 0.0703125 0.0654296875
0 0.95703125 0.306640625 0.046875 0.0546875
0 0.9111328125 0.2568359375 0.064453125 0.0654296875