0 0.8154296875 0.18359375 0.12109375 0.107421875
0 0.625 0.828125 0.1103515625 0.115234375
0 0.5224609375 0.880859375 0.1455078125 0.130859375
0 0.41015625 0.9443359375 0.103515625 0.099609375
0 0.373046875 0.46484375 0.1064453125 0.091796875
0 0.9140625 0.64453125 0.1259765625 0.126953125
0 0.5087890625 0.419921875 0.087890625 0.0859375
0 0.70703125 0.951171875 0.14453125 0.09765625
0 0.763671875 0.7373046875 0.0927734375 0.08984375
0 0.2138671875 0.0634765625 0.12890625 0.119140625
0 0.4638671875 0.0224609375 0.1201171875 0.0439453125
0 0.4189453125 0.20703125 0.0751953125 0.07421875
0 0.7890625 0.615234375 0.109375 0.1142578125
0 0.8349609375 0.0595703125 0.068359375 0.0732421875
0 0.6201171875 0.47265625 0.1015625 0.0908203125
0 0.85546875 0.3232421875 0.1240234375 0.1298828125
0 0.1103515625 0.2177734375 0.091796875 0.083984375
0 0.9697265625 0.7158203125 0.0595703125 0.08203125
0 0.583984375 0.2265625 0.109375 0.107421875
0 0.943359375 0.1025390625 0.0966796875 0.1064453125
0 0.064453125 0.677734375 0.1181640625 0.1220703125
0 0.9501953125 0.41015625 0.0654296875 0.078125
0 0.611328125 0.7548828125 0.0810546875 0.0810546875
0 0.2275390625 0.4873046875 0.0712890625 0.0732421875
0 0.736328125 0.1376953125 0.0517578125 0.052734375
0 0.6103515625 0.6171875 0.068359375 0.0732421875
0 0.01953125 0.2373046875 0.0390625 0.087890625
0 0.5625 0.97265625 0.1396484375 0.0546875
0 0.3056640625 0.091796875 0.0771484375 0.0791015625
0 0.056640625 0.0185546875 0.11328125 0.0302734375
0 0.4736328125 0.48046875 0.072265625 0.076171875
0 0.5458984375 0.759765625 0.0673828125 0.080078125
0 0.7099609375 0.2333984375 0.0693359375 0.0712890625
0 0.2529296875 0.5888671875 0.1142578125 0.1279296875
0 0.5576171875 0.6064453125 0.0810546875 0.0810546875
0 0.5234375 0.498046875 0.068359375 0.076171875
0 0.375 0.5986328125 0.1025390625 0.1201171875
0 0.9521484375 0.017578125 0.0830078125 0.0322265625
0 0.1162109375 0.34765625 0.0625 0.0751953125
0 0.5146484375 0.5771484375 0.0791015625 0.08203125
0 0.25390625 0.2021484375 0.1572265625 0.1494140625
0 0.78515625 0.4765625 0.076171875 0.0693359375
0 0.724609375 0.5078125 0.06640625 0.060546875
0 0.826171875 0.8212890625 0.09765625 0.1083984375
0 0.6005859375 0.076171875 0.064453125 0.0693359375
0 0.6044921875 0.013671875 0.064453125 0.0263671875
0 0.015625 0.0927734375 0.0302734375 0.080078125
0 0.2470703125 0.6865234375 0.107421875 0.0859375
0 0.1884765625 0.8896484375 0.1357421875 0.1220703125
0 0.0859375 0.779296875 0.044921875 0.0556640625
0 0.1103515625 0.8271484375 0.0439453125 0.037109375
0 0.19921875 0.80859375 0.1064453125 0.0986328125
0 0.3125 0.822265625 0.0830078125 0.0810546875
0 0.3818359375 0.7666015625 0.0712890625 0.0751953125
0 0.4697265625 0.7431640625 0.08203125 0.068359375
0 0.466796875 0.65625 0.05078125 0.0654296875
0 0.861328125 0.73046875 0.0712890625 0.0634765625
0 0.8857421875 0.927734375 0.0556640625 0.056640625
0 0.9111328125 0.9716796875 0.0654296875 0.0556640625
0 0.9716796875 0.9541015625 0.056640625 0.08984375
0 0.2353515625 0.2900390625 0.076171875 0.076171875
0 0.4052734375 0.0703125 0.0478515625 0.0615234375
0 0.380859375 0.1328125 0.0400390625 0.046875
0 0.6328125 0.126953125 0.044921875 0.044921875
0 0.0244140625 0.7978515625 0.048828125 0.1083984375
0 0.033203125 0.455078125 0.0556640625 0.0576171875
0 0.705078125 0.3125 0.09765625 0.0771484375
0 0.5478515625 0.337890625 0.0712890625 0.072265625
0 0.3935546875 0.3740234375 0.0546875 0.0498046875
0 0.4658203125 0.3603515625 0.099609375 0.0732421875