0 0.9204861111111111 0.3947482638888889 0.15902777777777777 0.1986979166666667
0 0.1396267361111111 0.3221354166666667 0.15069444444444446 0.15894097222222225
0 0.7224898726851852 0.4183810763888889 0.11892361111111116 0.12239583333333337
0 0.8128255208333334 0.31566840277777775 0.18223379629629632 0.17986111111111103
0 0.1273799189814815 0.6168185763888889 0.1211082175925926 0.13810763888888888
0 0.24450231481481483 0.27740885416666666 0.1348379629629629 0.1426215277777778
0 0.8593532986111111 0.8178385416666667 0.16267361111111112 0.17703993055555545
0 0.5031539351851853 0.07185329861111112 0.1781828703703705 0.14370659722222223
0 0.5812861689814814 0.7813368055555556 0.1308449074074074 0.13658854166666679
0 0.5729166666666666 0.678125 0.10717592592592595 0.11992187499999996
0 0.3389105902777778 0.25171440972222225 0.12688078703703698 0.13250868055555554
0 0.9728732638888888 0.818359375 0.05425347222222232 0.0849826388888888
0 0.3140986689814815 0.5557508680555555 0.12676504629629626 0.12469618055555554
0 0.6243851273148149 0.12860243055555554 0.14087094907407405 0.15460069444444446
0 0.7961009837962962 0.11022135416666667 0.18628472222222214 0.18980034722222222
0 0.9485387731481482 0.7422526041666666 0.10292245370370368 0.17495659722222223
0 0.9248046875 0.22274305555555557 0.0956886574074074 0.13502604166666665
0 0.9799913194444445 0.4898003472222222 0.04001736111111098 0.14270833333333344
0 0.46464120370370365 0.7572048611111111 0.11501736111111116 0.12222222222222223
0 0.7137876157407408 0.8203993055555556 0.15072337962962967 0.16089409722222214
0 0.321484375 0.46063368055555554 0.14486400462962967 0.1606336805555555
0 0.04220920138888889 0.1447048611111111 0.08164062500000001 0.10902777777777778
0 0.11723090277777777 0.12964409722222223 0.13667534722222222 0.13489583333333333
0 0.20075231481481481 0.09466145833333332 0.1010850694444444 0.10403645833333333
0 0.31650028935185187 0.05824652777777778 0.12458043981481481 0.108984375
0 0.6584056712962962 0.00039062500000000035 0.12149884259259247 0.0007812500000000007
0 0.7039641203703704 0.0421875 0.10714699074074074 0.084375
0 0.8814380787037037 0.02009548611111111 0.05584490740740744 0.04019097222222222
0 0.8133608217592592 0.6156467013888889 0.136820023148148 0.14466145833333321
0 0.6744285300925925 0.6042317708333333 0.1527343750000001 0.16488715277777777
0 0.595435474537037 0.5491102430555556 0.11688368055555554 0.11644965277777786
0 0.490357349537037 0.4482421875 0.09720775462962972 0.10581597222222228
0 0.42546296296296293 0.4872829861111111 0.10303819444444451 0.10412326388888893
0 0.4926793981481481 0.5390190972222222 0.1347800925925926 0.1387152777777778
0 0.23380353009259258 0.6765842013888889 0.15206886574074074 0.11996527777777777
0 0.2693142361111111 0.7649088541666667 0.21957465277777777 0.19713541666666679
0 0.11705729166666666 0.7775390625 0.11889467592592592 0.12044270833333348
0 0.1746310763888889 0.9039713541666667 0.1764612268518519 0.18546006944444438
0 0.40451388888888884 0.9201388888888888 0.10510706018518512 0.11202256944444455
0 0.44372829861111107 0.8626953125 0.09729456018518512 0.11167534722222228
0 0.5992549189814815 0.9388454861111111 0.11236979166666661 0.07526041666666661
0 0.3221715856481482 0.96875 0.1938802083333333 0.043749999999999956
0 0.3775101273148148 0.6144965277777777 0.10904224537037033 0.11414930555555558
0 0.43731192129629626 0.6274739583333333 0.09315682870370368 0.09587673611111125
0 0.5052806712962963 0.5980685763888889 0.08327546296296306 0.08763020833333335
0 0.5114149305555555 0.22059461805555555 0.1249855324074074 0.13632812499999997
0 0.42706886574074077 0.33183593749999996 0.1640480324074074 0.13806423611111107
0 0.012782118055555555 0.269140625 0.018677662037037038 0.07499999999999996
0 0.4242983217592593 0.21078559027777777 0.07735821759259265 0.0834635416666667
0 0.5633897569444444 0.36486545138888893 0.10105613425925908 0.1020833333333333
0 0.6287977430555556 0.42645399305555554 0.0991030092592593 0.10199652777777779
0 0.7688729745370371 0.5150173611111111 0.1581597222222222 0.13585069444444442
0 0.7620587384259259 0.714670138888889 0.09117476851851869 0.09383680555555562
0 0.9402886284722223 0.5962890625 0.11942274305555545 0.13224826388888888
0 0.053544560185185185 0.4481119791666667 0.09516782407407408 0.09986979166666665
0 0.11665219907407406 0.4863498263888889 0.09131944444444445 0.10360243055555562
0 0.030562789351851853 0.5458767361111111 0.04636863425925926 0.09965277777777781
0 0.5928023726851852 0.239453125 0.10487557870370368 0.09639756944444444
0 0.1909794560185185 0.5563368055555555 0.1128327546296296 0.10651041666666661
0 0.2574725115740741 0.1634765625 0.14635416666666667 0.12947048611111112