0 0.2950520833333333 0.2715928819444444 0.18372395833333333 0.1904658564814814
0 0.12467447916666666 0.35420283564814814 0.123046875 0.12572337962962965
0 0.6509765624999999 0.4359447337962963 0.13997395833333348 0.14641203703703698
0 0.6755859375 0.7322048611111112 0.1519531249999999 0.15118634259259256
0 0.18118489583333336 0.5896629050925926 0.11093750000000002 0.11899594907407396
0 0.825390625 0.9597981770833333 0.09388020833333321 0.08040364583333348
0 0.3145833333333333 0.783203125 0.11679687500000002 0.11942997685185186
0 0.6162109375 0.9707392939814815 0.1079427083333333 0.05852141203703698
0 0.7950520833333333 0.1482928240740741 0.18867187500000004 0.17722800925925924
0 0.8232421875 0.8189380787037037 0.11028645833333339 0.10923032407407396
0 0.37962239583333335 0.9873046875 0.10455729166666661 0.025390625
0 0.94375 0.4996744791666667 0.11250000000000004 0.14489293981481477
0 0.941015625 0.31166811342592593 0.08203125 0.12268518518518512
0 0.3423177083333333 0.8931206597222222 0.14127604166666674 0.13679108796296302
0 0.4083333333333333 0.11964699074074074 0.19166666666666665 0.1929976851851852
0 0.7047526041666666 0.8636067708333333 0.0815104166666667 0.08572048611111116
0 0.18450520833333334 0.8872612847222223 0.12395833333333334 0.13939525462962976
0 0.6095052083333333 0.8487774884259259 0.07929687500000004 0.08166956018518512
0 0.30149739583333335 0.4120008680555556 0.10859375000000004 0.11299189814814814
0 0.4931640625 0.6633029513888888 0.1942708333333334 0.20290798611111116
0 0.7516276041666666 0.9841941550925926 0.07200520833333335 0.03161168981481488
0 0.9143229166666667 0.8149956597222222 0.10481770833333326 0.11465567129629628
0 0.7861979166666666 0.8754701967592593 0.11067708333333348 0.11508969907407396
0 0.40657552083333337 0.7346281828703703 0.11588541666666674 0.10575810185185186
0 0.6804036458333333 0.10481770833333334 0.10247395833333339 0.10865162037037035
0 0.21223958333333334 0.807689525462963 0.10846354166666666 0.11103877314814836
0 0.9681640625 0.8170934606481481 0.06367187500000004 0.13114872685185186
0 0.08203125 0.5162398726851851 0.10234375000000001 0.10669849537037024
0 0.25859375 0.4535228587962963 0.0981770833333333 0.1025028935185186
0 0.8384114583333333 0.3759765625 0.11822916666666661 0.11176215277777779
0 0.06119791666666667 0.16001157407407407 0.11041666666666666 0.14033564814814814
0 0.38151041666666663 0.4752604166666667 0.1274739583333333 0.1338252314814815
0 0.5575520833333334 0.8857421875 0.1352864583333333 0.13440393518518512
0 0.3979817708333333 0.24131944444444445 0.14192708333333326 0.14655671296296297
0 0.1166015625 0.7870008680555556 0.04296875 0.09063946759259256
0 0.49537760416666665 0.3029513888888889 0.11497395833333335 0.12123842592592593
0 0.13802083333333334 0.16084346064814814 0.09583333333333333 0.09649884259259262
0 0.04973958333333333 0.3088107638888889 0.06666666666666667 0.1254340277777778
0 0.04375 0.40845630787037035 0.03984375000000001 0.1020688657407407
0 0.2835286458333333 0.6672092013888888 0.08763020833333335 0.09006076388888884
0 0.2387369791666667 0.6366825810185186 0.05859375 0.06264467592592604
0 0.9723307291666667 0.9079861111111112 0.05533854166666652 0.12123842592592604
0 0.9623046875 0.7384259259259259 0.07539062500000004 0.09215856481481488
0 0.9911458333333334 0.6930700231481481 0.017708333333333215 0.07841435185185186
0 0.519921875 0.9878472222222222 0.09348958333333335 0.02430555555555558
0 0.18033854166666666 0.6935763888888888 0.09062500000000001 0.07667824074074092
0 0.38502604166666665 0.3676576967592593 0.09999999999999998 0.10069444444444442
0 0.5102864583333333 0.42455150462962965 0.0736979166666667 0.08514178240740744
0 0.5592447916666667 0.4009693287037037 0.07721354166666661 0.0795717592592593
0 0.5313802083333333 0.507740162037037 0.07721354166666661 0.07957175925925908
0 0.77578125 0.29651331018518523 0.07929687500000004 0.08166956018518512
0 0.7259114583333333 0.07320601851851852 0.10026041666666652 0.04629629629629628
0 0.7982421875000001 0.4876663773148148 0.08385416666666679 0.09172453703703709
0 0.8439453125 0.44440827546296297 0.07252604166666665 0.06756365740740744
0 0.906640625 0.4228153935185185 0.09348958333333335 0.09049479166666674
0 0.9622395833333333 0.43435329861111116 0.07552083333333348 0.1001157407407407
0 0.8115885416666666 0.6149811921296297 0.095703125 0.09454571759259256
0 0.7432942708333333 0.6546223958333334 0.0854166666666667 0.08600983796296302
0 0.6654947916666667 0.6537181712962963 0.09791666666666665 0.0985966435185186
0 0.2694010416666667 0.6010561342592593 0.0703125 0.0635127314814814
0 0.284765625 0.5691550925925926 0.07929687500000004 0.08166956018518512
0 0.33203125 0.6222149884259259 0.06276041666666665 0.06684027777777768
0 0.421875 0.8766637731481481 0.055859375000000044 0.05078125
0 0.44563802083333337 0.9270109953703705 0.06223958333333335 0.05902777777777768
0 0.59296875 0.5570023148148149 0.08567708333333313 0.0899160879629628
0 0.1009765625 0.6400824652777778 0.08333333333333331 0.08391203703703698
0 0.5893229166666667 0.19621672453703703 0.1395833333333334 0.1405526620370371
0 0.675 0.5339265046296297 0.07486979166666652 0.07356770833333326
0 0.6539713541666666 0.8889973958333334 0.056119791666666696 0.0546875
0 0.6975260416666667 0.9155454282407407 0.058072916666666696 0.05483217592592604
0 0.9014322916666666 0.9564525462962963 0.08554687499999991 0.08709490740740744
0 0.9265625 0.8819806134259259 0.0703125 0.0635127314814814
0 0.5502604166666667 0.761791087962963 0.064453125 0.06307870370370372
0 0.575 0.7976345486111112 0.05924479166666652 0.04325810185185186
0 0.6265625 0.8131148726851851 0.05859375 0.06264467592592604
0 0.6823567708333333 0.8046151620370371 0.05624999999999991 0.056640625
0 0.33919270833333337 0.6713324652777778 0.06028645833333335 0.05888310185185186
0 0.36725260416666666 0.6695240162037037 0.056640625 0.0625
0 0.3869140625 0.6291956018518519 0.05885416666666665 0.06655092592592604
0 0.593359375 0.05269820601851853 0.06953125000000004 0.022641782407407413
0 0.44798177083333335 0.45200376157407407 0.06940104166666661 0.07899305555555558
0 0.283203125 0.9735243055555556 0.0786458333333333 0.05295138888888884
0 0.1728515625 0.26059751157407407 0.060416666666666674 0.06083622685185186
0 0.7733723958333334 0.7122395833333333 0.09270833333333339 0.07877604166666652