0 0.5786892361111111 0.5830439814814815 0.2525173611111111 0.22044270833333335
0 0.8984809027777778 0.8691550925925926 0.15801504629629637 0.19366319444444446
0 0.7041232638888888 0.7021412037037037 0.13462094907407396 0.1288917824074074
0 0.7306640625 0.8285662615740741 0.1166956018518519 0.11691261574074074
0 0.2774522569444444 0.5609953703703703 0.12491319444444438 0.13070023148148158
0 0.37603443287037036 0.7949797453703704 0.2682002314814814 0.2226273148148148
0 0.9184895833333333 0.6554904513888888 0.1313078703703705 0.214742476851852
0 0.6269603587962963 0.8993272569444445 0.17541956018518512 0.18806423611111112
0 0.40946180555555556 0.9487196180555555 0.22193287037037046 0.10256076388888902
0 0.22322771990740742 0.9377821180555556 0.16587094907407407 0.12443576388888888
0 0.13331886574074073 0.31461226851851853 0.15828993055555557 0.13705150462962967
0 0.1968894675925926 0.8069806134259259 0.08854166666666669 0.08916377314814827
0 0.9389322916666667 0.4271773726851852 0.10407986111111112 0.2182436342592593
0 0.19640480324074075 0.658470775462963 0.07463831018518519 0.08114872685185182
0 0.29236111111111107 0.42052951388888893 0.08446180555555549 0.08324652777777786
0 0.22008825231481483 0.4526765046296296 0.07256944444444446 0.07721354166666661
0 0.42702546296296295 0.3599971064814815 0.16903935185185182 0.1703993055555556
0 0.773365162037037 0.3436342592592593 0.06860532407407405 0.0752025462962963
0 0.28629195601851853 0.5923900462962963 0.11859085648148149 0.11498842592592595
0 0.3861328125 0.058478009259259264 0.1298466435185186 0.09953703703703703
0 0.7671947337962963 0.05728443287037037 0.11795428240740735 0.09350405092592592
0 0.015574363425925926 0.24246238425925926 0.03114872685185185 0.08258101851851851
0 0.05499855324074074 0.10238715277777778 0.10999710648148148 0.11493055555555556
0 0.6075593171296296 0.3011212384259259 0.13496817129629624 0.1406105324074074
0 0.9537977430555555 0.2222294560185185 0.030121527777777768 0.09415509259259258
0 0.8321397569444444 0.17353153935185184 0.0927372685185186 0.09898726851851852