0 0.71484375 0.7080078125 0.142578125 0.1484375
0 0.3115234375 0.419921875 0.115234375 0.109375
0 0.5703125 0.865234375 0.1044921875 0.0986328125
0 0.2880859375 0.240234375 0.107421875 0.1103515625
0 0.84375 0.853515625 0.17578125 0.130859375
0 0.8955078125 0.52734375 0.154296875 0.1416015625
0 0.6142578125 0.2880859375 0.08203125 0.076171875
0 0.962890625 0.7939453125 0.07421875 0.1103515625
0 0.822265625 0.2333984375 0.150390625 0.1376953125
0 0.4599609375 0.955078125 0.099609375 0.08984375
0 0.1376953125 0.9189453125 0.1103515625 0.099609375
0 0.837890625 0.95703125 0.1103515625 0.0849609375
0 0.1064453125 0.521484375 0.08203125 0.1015625
0 0.423828125 0.0693359375 0.11328125 0.1123046875
0 0.3798828125 0.6064453125 0.0791015625 0.0830078125
0 0.11328125 0.0419921875 0.095703125 0.0830078125
0 0.322265625 0.818359375 0.1083984375 0.1083984375
0 0.8896484375 0.0654296875 0.0703125 0.0810546875
0 0.943359375 0.9404296875 0.1123046875 0.115234375
0 0.1796875 0.93359375 0.1376953125 0.1064453125
0 0.9462890625 0.638671875 0.107421875 0.115234375
0 0.5751953125 0.4296875 0.14453125 0.130859375
0 0.66015625 0.1748046875 0.1083984375 0.138671875
0 0.5595703125 0.1220703125 0.10546875 0.1015625
0 0.04296875 0.833984375 0.068359375 0.0712890625
0 0.484375 0.125 0.07421875 0.0732421875
0 0.2841796875 0.509765625 0.09375 0.0830078125
0 0.1357421875 0.720703125 0.130859375 0.16015625
0 0.48828125 0.689453125 0.0927734375 0.0966796875
0 0.044921875 0.7294921875 0.0888671875 0.12890625
0 0.021484375 0.4150390625 0.04296875 0.0751953125
0 0.2255859375 0.6455078125 0.0771484375 0.0732421875
0 0.4453125 0.7646484375 0.0732421875 0.095703125
0 0.1943359375 0.08203125 0.1162109375 0.146484375
0 0.2841796875 0.0478515625 0.1025390625 0.095703125
0 0.716796875 0.0361328125 0.126953125 0.072265625
0 0.927734375 0.1962890625 0.05859375 0.0595703125
0 0.7861328125 0.4140625 0.111328125 0.1240234375
0 0.544921875 0.224609375 0.083984375 0.08203125
0 0.388671875 0.236328125 0.076171875 0.0791015625
0 0.3173828125 0.140625 0.0888671875 0.09375
0 0.443359375 0.53125 0.0947265625 0.0888671875
0 0.47265625 0.4580078125 0.0830078125 0.087890625
0 0.6708984375 0.5283203125 0.125 0.1328125
0 0.5439453125 0.580078125 0.1064453125 0.091796875
0 0.5966796875 0.6875 0.1171875 0.0966796875
0 0.7119140625 0.92578125 0.0908203125 0.1279296875
0 0.6435546875 0.7978515625 0.1005859375 0.087890625
0 0.845703125 0.7236328125 0.115234375 0.1240234375
0 0.19140625 0.2568359375 0.091796875 0.1005859375
0 0.9248046875 0.376953125 0.09765625 0.115234375
0 0.97265625 0.3408203125 0.0537109375 0.0693359375
0 0.9716796875 0.2646484375 0.056640625 0.095703125
0 0.0234375 0.234375 0.0458984375 0.150390625
0 0.0283203125 0.0361328125 0.0556640625 0.072265625
0 0.4326171875 0.3427734375 0.11328125 0.0966796875
0 0.779296875 0.126953125 0.0859375 0.0908203125
0 0.57421875 0.044921875 0.1123046875 0.076171875
0 0.0830078125 0.3525390625 0.064453125 0.0771484375
0 0.1767578125 0.396484375 0.0810546875 0.099609375
0 0.228515625 0.3427734375 0.080078125 0.0771484375
0 0.0693359375 0.14453125 0.1123046875 0.1103515625