0 0.2978515625 0.1220703125 0.1015625 0.0908203125
0 0.478515625 0.0419921875 0.107421875 0.083984375
0 0.3623046875 0.08984375 0.0703125 0.078125
0 0.0517578125 0.17578125 0.0947265625 0.0986328125
0 0.2060546875 0.576171875 0.076171875 0.0751953125
0 0.9599609375 0.91015625 0.080078125 0.0947265625
0 0.7900390625 0.75 0.0654296875 0.0673828125
0 0.4912109375 0.66015625 0.068359375 0.0712890625
0 0.841796875 0.9140625 0.11328125 0.1171875
0 0.96484375 0.0537109375 0.0703125 0.107421875
0 0.05859375 0.1005859375 0.0830078125 0.08984375
0 0.025390625 0.3134765625 0.05078125 0.07421875
0 0.732421875 0.2822265625 0.11328125 0.08984375
0 0.9443359375 0.83203125 0.111328125 0.10546875
0 0.1171875 0.0712890625 0.0625 0.0673828125
0 0.740234375 0.798828125 0.0595703125 0.0595703125
0 0.91015625 0.736328125 0.1171875 0.08984375
0 0.7431640625 0.3701171875 0.0927734375 0.0966796875
0 0.3837890625 0.1806640625 0.068359375 0.064453125
0 0.5771484375 0.193359375 0.0703125 0.0712890625
0 0.14453125 0.70703125 0.083984375 0.087890625
0 0.318359375 0.0185546875 0.0771484375 0.037109375
0 0.2666015625 0.609375 0.0693359375 0.0791015625
0 0.783203125 0.421875 0.0634765625 0.0751953125
0 0.84375 0.7841796875 0.0546875 0.05859375
0 0.9384765625 0.072265625 0.1220703125 0.1103515625
0 0.0751953125 0.9775390625 0.099609375 0.044921875
0 0.494140625 0.4541015625 0.0546875 0.05078125
0 0.0478515625 0.46875 0.0810546875 0.1005859375
0 0.2451171875 0.359375 0.0810546875 0.0830078125
0 0.546875 0.2353515625 0.0947265625 0.1044921875
0 0.5537109375 0.630859375 0.07421875 0.0791015625
0 0.6142578125 0.1181640625 0.1044921875 0.09765625
0 0.0234375 0.5478515625 0.0458984375 0.0791015625
0 0.642578125 0.505859375 0.10546875 0.1220703125
0 0.9140625 0.091796875 0.1376953125 0.1005859375
0 0.3603515625 0.373046875 0.0517578125 0.078125
0 0.1513671875 0.23046875 0.064453125 0.0712890625
0 0.1728515625 0.1787109375 0.048828125 0.0498046875
0 0.220703125 0.2275390625 0.0556640625 0.056640625
0 0.421875 0.4462890625 0.0615234375 0.0634765625
0 0.5009765625 0.5302734375 0.0693359375 0.0771484375
0 0.263671875 0.494140625 0.056640625 0.0498046875
0 0.15234375 0.373046875 0.0673828125 0.068359375
0 0.09375 0.3134765625 0.0634765625 0.0537109375
0 0.4599609375 0.1416015625 0.078125 0.0810546875
0 0.78515625 0.564453125 0.0791015625 0.080078125
0 0.8564453125 0.5009765625 0.0615234375 0.0732421875
0 0.935546875 0.462890625 0.0439453125 0.046875
0 0.974609375 0.494140625 0.0478515625 0.0537109375
0 0.9306640625 0.30859375 0.0751953125 0.07421875
0 0.923828125 0.3828125 0.0556640625 0.056640625
0 0.865234375 0.4345703125 0.0732421875 0.080078125
0 0.255859375 0.8076171875 0.0693359375 0.056640625
0 0.0302734375 0.791015625 0.060546875 0.0830078125
0 0.083984375 0.8671875 0.0703125 0.0712890625
0 0.1875 0.8330078125 0.0634765625 0.068359375
0 0.1396484375 0.798828125 0.0419921875 0.0498046875
0 0.09375 0.791015625 0.044921875 0.0634765625
0 0.0205078125 0.6650390625 0.041015625 0.0859375
0 0.0771484375 0.5888671875 0.052734375 0.0537109375
0 0.1357421875 0.478515625 0.0498046875 0.05859375
0 0.173828125 0.490234375 0.0458984375 0.0517578125
0 0.0625 0.0166015625 0.0498046875 0.0322265625
0 0.12109375 0.0185546875 0.0576171875 0.037109375
0 0.0126953125 0.013671875 0.025390625 0.02734375
0 0.0693359375 0.05078125 0.0458984375 0.0390625
0 0.2138671875 0.0400390625 0.033203125 0.0556640625
0 0.169921875 0.0537109375 0.0419921875 0.0478515625
0 0.857421875 0.0185546875 0.0654296875 0.037109375
0 0.7392578125 0.5830078125 0.0517578125 0.052734375
0 0.41015625 0.7880859375 0.0439453125 0.0478515625
0 0.3291015625 0.77734375 0.0498046875 0.056640625
0 0.3759765625 0.810546875 0.0556640625 0.0537109375
0 0.326171875 0.8232421875 0.0400390625 0.0380859375
0 0.3115234375 0.861328125 0.03515625 0.03515625
0 0.220703125 0.95703125 0.0556640625 0.0546875
0 0.2666015625 0.91796875 0.0517578125 0.056640625
0 0.3857421875 0.9306640625 0.0595703125 0.0673828125
0 0.39453125 0.8544921875 0.072265625 0.0703125
0 0.4755859375 0.8623046875 0.099609375 0.0712890625
0 0.5625 0.828125 0.0625 0.072265625
0 0.6103515625 0.763671875 0.0498046875 0.0478515625
0 0.697265625 0.765625 0.0576171875 0.0732421875
0 0.513671875 0.931640625 0.0439453125 0.041015625
0 0.5263671875 0.9765625 0.0615234375 0.044921875
0 0.57421875 0.970703125 0.0458984375 0.0478515625
0 0.615234375 0.9619140625 0.0498046875 0.0546875
0 0.6865234375 0.9521484375 0.0712890625 0.060546875
0 0.736328125 0.921875 0.0556640625 0.0654296875
0 0.3642578125 0.517578125 0.06640625 0.06640625
0 0.4091796875 0.51171875 0.0361328125 0.044921875
0 0.4462890625 0.5029296875 0.03515625 0.0478515625
0 0.3603515625 0.58984375 0.068359375 0.0654296875
0 0.2939453125 0.537109375 0.083984375 0.06640625
0 0.4404296875 0.2998046875 0.0537109375 0.0654296875
0 0.541015625 0.400390625 0.0693359375 0.0634765625
0 0.8193359375 0.1826171875 0.08203125 0.072265625
0 0.787109375 0.1220703125 0.0634765625 0.05078125
0 0.220703125 0.6630859375 0.05078125 0.0478515625
0 0.14453125 0.619140625 0.0615234375 0.0654296875
0 0.0224609375 0.9375 0.037109375 0.046875