0 0.748046875 0.7138671875 0.07421875 0.0751953125
0 0.3955078125 0.3642578125 0.119140625 0.1484375
0 0.669921875 0.1845703125 0.109375 0.12109375
0 0.9609375 0.287109375 0.076171875 0.185546875
0 0.0634765625 0.4072265625 0.1064453125 0.099609375
0 0.3671875 0.966796875 0.12109375 0.0654296875
0 0.685546875 0.51953125 0.1513671875 0.1455078125
0 0.3310546875 0.23828125 0.1220703125 0.0888671875
0 0.4013671875 0.630859375 0.099609375 0.099609375
0 0.833984375 0.6162109375 0.2099609375 0.1611328125
0 0.4521484375 0.1796875 0.0751953125 0.0869140625
0 0.6474609375 0.2587890625 0.0537109375 0.0625
0 0.5615234375 0.4697265625 0.0869140625 0.0859375
0 0.55078125 0.3720703125 0.0791015625 0.0947265625
0 0.67578125 0.3984375 0.0791015625 0.0986328125
0 0.7119140625 0.291015625 0.056640625 0.0791015625
0 0.80859375 0.314453125 0.0703125 0.080078125
0 0.77734375 0.19921875 0.078125 0.0703125
0 0.890625 0.1953125 0.083984375 0.0771484375
0 0.828125 0.1513671875 0.0810546875 0.0654296875
0 0.935546875 0.107421875 0.0888671875 0.0966796875
0 0.208984375 0.0556640625 0.0634765625 0.0830078125
0 0.16015625 0.0341796875 0.0498046875 0.0673828125
0 0.3896484375 0.7197265625 0.068359375 0.08203125
0 0.470703125 0.79296875 0.0654296875 0.06640625
0 0.62109375 0.787109375 0.0615234375 0.0654296875
0 0.658203125 0.8291015625 0.0546875 0.0537109375
0 0.703125 0.9462890625 0.0546875 0.0634765625
0 0.7626953125 0.89453125 0.068359375 0.08203125
0 0.1318359375 0.6552734375 0.0712890625 0.0615234375
0 0.05078125 0.5595703125 0.0498046875 0.0517578125
0 0.09375 0.60546875 0.06640625 0.0732421875
0 0.14453125 0.5634765625 0.078125 0.078125
0 0.2119140625 0.5458984375 0.0810546875 0.0732421875
0 0.0927734375 0.4921875 0.0634765625 0.060546875
0 0.205078125 0.4560546875 0.07421875 0.0830078125
0 0.1591796875 0.486328125 0.0517578125 0.0546875
0 0.1923828125 0.3623046875 0.052734375 0.046875
0 0.244140625 0.41015625 0.076171875 0.0712890625
0 0.04296875 0.3232421875 0.048828125 0.068359375
0 0.103515625 0.28515625 0.0947265625 0.087890625
0 0.044921875 0.0732421875 0.0576171875 0.0478515625
0 0.3662109375 0.03515625 0.05078125 0.0517578125
0 0.400390625 0.0673828125 0.0595703125 0.0771484375
0 0.4677734375 0.08203125 0.052734375 0.046875
0 0.669921875 0.09765625 0.0673828125 0.052734375
0 0.9091796875 0.806640625 0.06640625 0.0546875
0 0.8173828125 0.736328125 0.072265625 0.0888671875
0 0.8935546875 0.748046875 0.06640625 0.05859375
0 0.4501953125 0.9462890625 0.0693359375 0.0693359375
0 0.359375 0.7900390625 0.0625 0.0712890625
0 0.2890625 0.6708984375 0.076171875 0.0576171875
0 0.2900390625 0.5859375 0.0634765625 0.0830078125
0 0.2412109375 0.1953125 0.0712890625 0.0615234375
0 0.5439453125 0.259765625 0.0458984375 0.0458984375
0 0.53515625 0.1708984375 0.0673828125 0.0791015625
0 0.4814453125 0.6875 0.0615234375 0.05078125
0 0.681640625 0.6337890625 0.0712890625 0.0595703125
0 0.142578125 0.9296875 0.0732421875 0.08203125
0 0.029296875 0.6767578125 0.05859375 0.0654296875