0 0.1669921875 0.791015625 0.10755208333333333 0.119140625
0 0.5363932291666667 0.0478515625 0.08203125 0.087890625
0 0.49140625 0.8671875 0.08359375000000002 0.08203125
0 0.48007812499999997 0.4921875 0.09609374999999998 0.09375
0 0.8783854166666667 0.3291015625 0.08854166666666652 0.09765625
0 0.8040364583333333 0.13671875 0.08828125000000009 0.09375
0 0.365625 0.1669921875 0.08333333333333326 0.078125
0 0.8157552083333333 0.9423828125 0.06718750000000018 0.0703125
0 0.13046875000000002 0.228515625 0.08242187499999998 0.09375
0 0.18997395833333333 0.88671875 0.09205729166666665 0.091796875
0 0.3022135416666667 0.4609375 0.0756510416666667 0.080078125
0 0.7916666666666666 0.6689453125 0.07786458333333335 0.083984375
0 0.6151692708333334 0.39453125 0.07382812499999991 0.08203125
0 0.21940104166666669 0.56640625 0.08997395833333333 0.08984375
0 0.8876302083333333 0.4384765625 0.078125 0.087890625
0 0.41998697916666666 0.6162109375 0.10481770833333337 0.107421875
0 0.544140625 0.4130859375 0.07526041666666661 0.07421875
0 0.24029947916666666 0.7041015625 0.119140625 0.1171875
0 0.7360677083333333 0.1865234375 0.08385416666666679 0.0859375
0 0.4425130208333333 0.1484375 0.09192708333333333 0.08984375
0 0.46855468749999996 0.2900390625 0.0717447916666667 0.080078125
0 0.9407552083333333 0.751953125 0.06927083333333339 0.072265625
0 0.42220052083333337 0.8837890625 0.0825520833333333 0.095703125
0 0.6017578125 0.779296875 0.10585937500000009 0.09375
0 0.9705729166666667 0.4755859375 0.05885416666666665 0.080078125
0 0.3333333333333333 0.3271484375 0.080078125 0.087890625
0 0.57734375 0.1640625 0.07604166666666679 0.0859375
0 0.8804036458333333 0.9013671875 0.06770833333333348 0.078125
0 0.5609375 0.9140625 0.08177083333333335 0.083984375
0 0.37623697916666665 0.3994140625 0.07096354166666674 0.068359375
0 0.5778645833333333 0.7578125 0.0903645833333333 0.095703125
0 0.12447916666666667 0.40234375 0.08138020833333331 0.078125
0 0.2515625 0.169921875 0.09114583333333326 0.078125
0 0.8305338541666667 0.87109375 0.07382812499999991 0.08203125
0 0.4474609375 0.0615234375 0.07786458333333335 0.083984375
0 0.2750651041666667 0.830078125 0.11940104166666665 0.12109375
0 0.3525390625 0.029296875 0.07981770833333335 0.0546875
0 0.059375 0.568359375 0.04856770833333332 0.083984375
0 0.5304036458333333 0.587890625 0.080078125 0.087890625
0 0.8768880208333334 0.0869140625 0.07135416666666661 0.07421875
0 0.611328125 0.05859375 0.0981770833333333 0.095703125
0 0.9883463541666666 0.9033203125 0.023307291666666785 0.07421875
0 0.4076822916666667 0.1533203125 0.1264322916666667 0.080078125
0 0.6041666666666666 0.2880859375 0.06640625 0.05859375
0 0.8881510416666667 0.7099609375 0.08216145833333321 0.08984375
0 0.8679036458333333 0.0400390625 0.0951822916666667 0.080078125
0 0.117578125 0.064453125 0.1098958333333333 0.095703125
0 0.42167968749999996 0.7734375 0.0630208333333333 0.06640625
0 0.18131510416666669 0.0244140625 0.07486979166666663 0.0390625
0 0.8249348958333333 0.7724609375 0.07981770833333335 0.083984375
0 0.30449218749999996 0.978515625 0.07903645833333339 0.04296875
0 0.9707682291666666 0.0302734375 0.050911458333333215 0.060546875
0 0.6840494791666667 0.8564453125 0.09635416666666652 0.09765625
0 0.25625 0.09375 0.12617187500000004 0.10546875
0 0.9177083333333333 0.2744140625 0.06901041666666674 0.068359375
0 0.725390625 0.4658203125 0.08085937500000018 0.099609375
0 0.7497395833333333 0.3916015625 0.07682291666666674 0.068359375
0 0.6576171875 0.2109375 0.0923177083333333 0.125
0 0.6948567708333333 0.095703125 0.09505208333333348 0.078125
0 0.9564778645833334 0.1474609375 0.08704427083333321 0.09375
0 0.9786783854166667 0.2421875 0.04264322916666652 0.064453125
0 0.22265625 0.3076171875 0.10546875 0.1171875
0 0.06419270833333333 0.3623046875 0.08138020833333334 0.078125
0 0.0431640625 0.310546875 0.050911458333333326 0.08984375
0 0.043229166666666666 0.12109375 0.07682291666666666 0.09765625
0 0.057747395833333326 0.2216796875 0.091796875 0.087890625
0 0.35052083333333334 0.62890625 0.06406250000000002 0.08203125
0 0.8057942708333333 0.5732421875 0.09453124999999996 0.12890625
0 0.8966145833333333 0.6025390625 0.07747395833333326 0.078125
0 0.9970052083333334 0.6513671875 0.005989583333333215 0.076171875
0 0.9638671875 0.6787109375 0.072265625 0.068359375
0 0.9890950520833333 0.703125 0.02180989583333348 0.068359375
0 0.9829752604166666 0.77734375 0.034049479166666785 0.0859375
0 0.7281249999999999 0.7705078125 0.10000000000000009 0.123046875
0 0.6736328125 0.7001953125 0.06927083333333339 0.072265625
0 0.5989583333333333 0.60546875 0.06354166666666661 0.07421875
0 0.70703125 0.52734375 0.07421875 0.05859375
0 0.6361979166666667 0.51953125 0.0884114583333333 0.095703125
0 0.5842447916666667 0.47265625 0.07708333333333339 0.072265625
0 0.5624348958333334 0.5263671875 0.06132812500000018 0.0703125
0 0.41529947916666665 0.4873046875 0.0708333333333333 0.06640625
0 0.3560546875 0.7119140625 0.07578124999999991 0.08203125
0 0.17350260416666669 0.6689453125 0.06770833333333337 0.078125
0 0.1109375 0.697265625 0.07513020833333334 0.072265625
0 0.1728515625 0.46875 0.046223958333333315 0.048828125
0 0.22897135416666667 0.4755859375 0.06158854166666666 0.07421875
0 0.2967447916666667 0.3935546875 0.06510416666666674 0.068359375
0 0.3766276041666667 0.244140625 0.10533854166666667 0.0859375
0 0.10078125 0.486328125 0.09609375 0.09375
0 0.134375 0.580078125 0.08216145833333333 0.08984375
0 0.0857421875 0.7880859375 0.06197916666666667 0.080078125
0 0.3387369791666667 0.9208984375 0.07343750000000004 0.076171875
0 0.45403645833333334 0.9658203125 0.12369791666666663 0.068359375
0 0.6611328125 0.9375 0.1010416666666667 0.109375
0 0.7457031249999999 0.931640625 0.07070312500000009 0.064453125
0 0.9432942708333334 0.9658203125 0.07018229166666679 0.056640625
0 0.9832356770833333 0.3662109375 0.03352864583333348 0.068359375
0 0.8612630208333334 0.21875 0.06276041666666687 0.0625
0 0.8087890625 0.310546875 0.06028645833333335 0.0546875
0 0.7134114583333333 0.30078125 0.08763020833333335 0.083984375
0 0.5286458333333334 0.2392578125 0.09205729166666665 0.091796875
0 0.5072265625 0.15234375 0.07630208333333344 0.08984375
0 0.3705729166666667 0.8125 0.06640625 0.087890625
0 0.24550781249999998 0.97265625 0.05638020833333335 0.0546875