0 0.4572337962962963 0.9206958912037038 0.21072048611111105 0.14949363425925943
0 0.9304868344907408 0.852785011574074 0.13902633101851847 0.16660879629629632
0 0.6709273726851852 0.8764829282407407 0.1636140046296295 0.18197337962962967
0 0.5901186342592593 0.5620081018518519 0.17206307870370363 0.1567274305555557
0 0.4037471064814815 0.6996383101851852 0.198191550925926 0.13369502314814818
0 0.1203414351851852 0.9638020833333334 0.14036458333333335 0.0723379629629628
0 0.7620587384259259 0.6738064236111112 0.1312789351851853 0.122945601851852
0 0.9522605613425925 0.6521267361111112 0.09547887731481497 0.195211226851852
0 0.3275824652777778 0.4935763888888889 0.13548900462962965 0.1288628472222222
0 0.9641963252314815 0.32664207175925924 0.07160734953703707 0.13017939814814816
0 0.47073929398148145 0.01648582175925926 0.11921296296296291 0.03297164351851852
0 0.46102430555555557 0.8053168402777777 0.14804687500000002 0.10758101851851842
0 0.702857349537037 0.2671440972222222 0.14660011574074083 0.11731770833333333
0 0.5080512152777779 0.27980324074074076 0.11679687499999991 0.10711805555555554
0 0.3681423611111111 0.35224247685185184 0.08177083333333335 0.07146990740740744
0 0.2691912615740741 0.36641348379629635 0.09247685185185184 0.05211226851851847
0 0.19394531250000002 0.2346137152777778 0.09901620370370368 0.10295138888888888
0 0.04318576388888889 0.11663773148148149 0.08009259259259259 0.11438078703703702
0 0.10868778935185186 0.15475983796296297 0.08217592592592593 0.07928240740740738
0 0.11742621527777777 0.02296730324074074 0.10789930555555555 0.04593460648148148
0 0.8129267939814815 0.040013744212962964 0.16872106481481475 0.08002748842592593
0 0.9163556134259259 0.1437717013888889 0.0707609953703705 0.0849681712962963
0 0.9774992766203704 0.05486834490740741 0.04500144675925921 0.06710069444444444
0 0.28802083333333334 0.9368851273148149 0.10383391203703707 0.12058738425925908
0 0.9156539351851851 0.9784071180555556 0.09270833333333339 0.018938078703703676
0 0.5827329282407407 0.08030237268518518 0.08587962962962958 0.07543402777777777
0 0.6820601851851852 0.11108217592592592 0.09952256944444438 0.11271701388888888
0 0.24615162037037036 0.7137008101851852 0.08598090277777781 0.07738715277777786
0 0.42941984953703705 0.1392578125 0.11114004629629637 0.11093750000000002
0 0.7881438078703704 0.8376085069444444 0.09995659722222205 0.08344907407407409