0 0.4306640625 0.541015625 0.20703125 0.17578125
0 0.15234375 0.8369140625 0.1396484375 0.1611328125
0 0.326171875 0.6640625 0.109375 0.10546875
0 0.3125 0.7822265625 0.0927734375 0.0966796875
0 0.7060546875 0.4912109375 0.099609375 0.1083984375
0 0.634765625 0.716796875 0.2216796875 0.1767578125
0 0.095703125 0.6455078125 0.150390625 0.1845703125
0 0.9091796875 0.9462890625 0.1318359375 0.107421875
0 0.4130859375 0.8369140625 0.1396484375 0.15625
0 0.6201171875 0.8984375 0.1923828125 0.1376953125
0 0.7880859375 0.841796875 0.13671875 0.1142578125
0 0.205078125 0.9736328125 0.12109375 0.052734375
0 0.81640625 0.25 0.130859375 0.1103515625
0 0.80078125 0.7109375 0.0712890625 0.072265625
0 0.0615234375 0.435546875 0.1220703125 0.19140625
0 0.7880859375 0.572265625 0.05859375 0.0673828125
0 0.6796875 0.36328125 0.068359375 0.068359375
0 0.75 0.3857421875 0.0576171875 0.0634765625
0 0.55078125 0.3203125 0.13671875 0.138671875
0 0.23046875 0.3408203125 0.0546875 0.0625
0 0.7001953125 0.521484375 0.0966796875 0.0927734375
0 0.5634765625 0.0390625 0.109375 0.078125
0 0.404296875 0.9755859375 0.0927734375 0.0458984375
0 0.2109375 0.0654296875 0.095703125 0.09765625
0 0.955078125 0.171875 0.0888671875 0.0712890625
0 0.8798828125 0.0458984375 0.107421875 0.091796875
0 0.3798828125 0.2841796875 0.107421875 0.1162109375
0 0.03125 0.2470703125 0.0625 0.0849609375
0 0.162109375 0.1904296875 0.0732421875 0.08203125