0 0.7332682291666667 0.7464916087962963 0.08462094907407414 0.08904803240740744
0 0.38169126157407407 0.3619429976851852 0.13794849537037035 0.17107928240740744
0 0.6851128472222222 0.17975983796296297 0.1260127314814814 0.14134837962962965
0 0.9676576967592593 0.29720052083333337 0.06468460648148144 0.2036313657407407
0 0.044943576388888885 0.3968822337962963 0.08090277777777778 0.1142939814814814
0 0.678978587962963 0.5384837962962963 0.17310474537037046 0.1723813657407407
0 0.32109374999999996 0.22547743055555558 0.13553240740740735 0.10850694444444442
0 0.3701171875 0.6456524884259259 0.11412037037037037 0.11747685185185186
0 0.8302083333333333 0.6461950231481481 0.23576388888888888 0.19618055555555558
0 0.453515625 0.16782407407407407 0.08666087962962954 0.10083912037037035
0 0.6563946759259259 0.2589699074074074 0.061067708333333304 0.07255497685185186
0 0.5505787037037038 0.47974537037037035 0.10033275462962976 0.10134548611111116
0 0.5458984375 0.3753978587962963 0.09257812499999996 0.1088686342592593
0 0.6760561342592593 0.4076967592592593 0.09260706018518516 0.1127748842592593
0 0.7221137152777778 0.29560908564814814 0.06705729166666674 0.0903501157407407
0 0.8229383680555555 0.3241102430555556 0.08074363425925934 0.0928096064814814
0 0.7975911458333333 0.1990379050925926 0.09043692129629632 0.08340567129629628
0 0.9177445023148147 0.19947193287037035 0.09440104166666652 0.09136284722222221
0 0.8548683449074074 0.15100549768518517 0.09236111111111112 0.0795717592592593
0 0.9602864583333333 0.1070240162037037 0.07942708333333348 0.11234085648148148
0 0.20342881944444446 0.03794126157407408 0.07482638888888893 0.07588252314814815
0 0.1534866898148148 0.020146122685185185 0.05697337962962962 0.04029224537037037
0 0.35226417824074074 0.7410662615740741 0.07880497685185184 0.0946903935185186
0 0.4329571759259259 0.8211082175925926 0.07478298611111112 0.07892071759259256
0 0.5931423611111111 0.8190827546296295 0.07086226851851851 0.07682291666666652
0 0.6296296296296295 0.8655960648148148 0.060995370370370505 0.06278935185185186
0 0.6704065393518519 0.9637225115740741 0.06072048611111125 0.02567997685185186
0 0.7346498842592593 0.9330150462962963 0.08067129629629632 0.0830439814814814
0 0.08207465277777778 0.662181712962963 0.08059895833333333 0.0732783564814814
0 0.016825810185185183 0.5571469907407407 0.025810185185185186 0.0575810185185186
0 0.045529513888888894 0.6078559027777778 0.07677951388888889 0.08485243055555558
0 0.10186631944444444 0.5647424768518519 0.08854166666666669 0.09114583333333326
0 0.1740379050925926 0.5493706597222222 0.09241898148148148 0.0873842592592593
0 0.05147569444444445 0.48748553240740744 0.07277199074074074 0.07103587962962954
0 0.17332175925925924 0.4526909722222222 0.08467881944444444 0.09686053240740744
0 0.12275752314814815 0.4838686342592593 0.06100983796296297 0.06474247685185186
0 0.16574797453703705 0.35333478009259256 0.06093749999999998 0.05497685185185186
0 0.21692708333333333 0.4051649305555556 0.08654513888888893 0.08521412037037046
0 0.024717881944444447 0.30385561342592593 0.02398726851851852 0.07508680555555558
0 0.07622251157407407 0.26775896990740744 0.10815972222222223 0.10358796296296302
0 0.04521846064814815 0.038375289351851846 0.029687500000000006 0.05381944444444445
0 0.3732421875 0.02000144675925926 0.05898437499999998 0.04000289351851852
0 0.4067057291666667 0.0464771412037037 0.06899594907407414 0.0884693287037037
0 0.4761935763888889 0.06441695601851852 0.06093749999999998 0.05497685185185186
0 0.6902994791666667 0.08872251157407407 0.07662037037037028 0.06336805555555555
0 0.8971715856481481 0.8508029513888888 0.07468171296296289 0.06524884259259256
0 0.8047670717592592 0.7721715856481481 0.08472222222222214 0.10271990740740744
0 0.8849826388888888 0.7877604166666666 0.0747106481481481 0.06915509259259256
0 0.4017650462962963 0.9619502314814815 0.07646122685185186 0.04188368055555558
0 0.31470630787037035 0.8137659143518519 0.07285879629629632 0.08275462962962976
0 0.24830005787037038 0.6843532986111112 0.08642939814814815 0.06958912037037024
0 0.2544632523148148 0.5932798032407407 0.07491319444444444 0.09649884259259256
0 0.2289134837962963 0.17711950231481483 0.08059895833333336 0.07327835648148151
0 0.5459924768518518 0.2562210648148148 0.05312500000000009 0.0546875
0 0.5423611111111111 0.16160300925925924 0.07877604166666652 0.09078414351851849
0 0.45166377314814815 0.709056712962963 0.06879340277777779 0.06112557870370372
0 0.6671730324074074 0.6590711805555556 0.0805844907407407 0.0713252314814814
0 0.07435619212962963 0.9389105902777778 0.08055555555555555 0.0674189814814814