0 0.2455512152777778 0.697193287037037 0.08327546296296295 0.08702256944444464
0 0.6333260995370371 0.38751446759259256 0.1371672453703705 0.16710069444444442
0 0.3646050347222222 0.16869212962962962 0.1250144675925926 0.13736979166666669
0 0.06397569444444444 0.23368778935185186 0.09664351851851852 0.1987847222222222
0 0.9549696180555556 0.4717881944444445 0.09006076388888884 0.11487268518518523
0 0.616919849537037 0.9806495949074074 0.13172743055555558 0.03870081018518512
0 0.3247468171296296 0.5088252314814814 0.1703703703703704 0.16833043981481488
0 0.7076750578703703 0.26728877314814814 0.1343171296296295 0.10648148148148151
0 0.6060836226851851 0.6568648726851851 0.11102430555555554 0.11537905092592604
0 0.1648726851851852 0.587818287037037 0.2312355324074074 0.19205729166666652
0 0.5884548611111111 0.1916232638888889 0.08540219907407409 0.09881365740740744
0 0.3823640046296296 0.24743200231481483 0.0615596064814814 0.07060185185185186
0 0.4549985532407407 0.47265625 0.09712094907407409 0.09924768518518512
0 0.4740451388888889 0.3747829861111111 0.09137731481481493 0.10684317129629628
0 0.3434172453703703 0.38556134259259256 0.09143518518518512 0.11074942129629628
0 0.3144097222222222 0.27224392361111116 0.06767939814814805 0.0883969907407407
0 0.2140407986111111 0.2831669560185185 0.08138020833333331 0.0908564814814814
0 0.2533492476851852 0.16945167824074076 0.08904803240740744 0.08138020833333337
0 0.1388888888888889 0.1515480324074074 0.09307002314814816 0.08933738425925924
0 0.20666956018518517 0.11501736111111112 0.08899016203703702 0.07747395833333334
0 0.0974609375 0.056315104166666664 0.101171875 0.10915798611111112
0 0.8486400462962963 0.09780092592592593 0.07348090277777786 0.08470775462962965
0 0.897337962962963 0.0908203125 0.057421874999999956 0.05483217592592593
0 0.6123408564814815 0.7498191550925926 0.07750289351851847 0.09266493055555558
0 0.5234809027777778 0.8128978587962963 0.07336516203703702 0.07689525462962976
0 0.36987123842592595 0.7876880787037037 0.06942997685185182 0.07479745370370372
0 0.3294487847222222 0.8262080439814815 0.06144386574074079 0.06278935185185186
0 0.2754918981481481 0.9393807870370371 0.06158854166666661 0.07255497685185186
0 0.21801215277777777 0.8806423611111112 0.07945601851851852 0.0927372685185186
0 0.8812355324074075 0.7168330439814814 0.07916666666666661 0.0732060185185186
0 0.9707248263888889 0.6303530092592593 0.05552662037037037 0.0586660879629628
0 0.9225188078703703 0.6705367476851851 0.07540509259259265 0.08282696759259256
0 0.873972800925926 0.6218894675925926 0.08721064814814827 0.08912037037037024
0 0.8072048611111111 0.5950159143518519 0.09105902777777786 0.08535879629629628
0 0.9335069444444444 0.5557725694444444 0.0713252314814814 0.07096354166666652
0 0.8205078125 0.5047381365740741 0.0853443287037039 0.09490740740740744
0 0.8649739583333333 0.5415219907407407 0.05949074074074079 0.06271701388888884
0 0.8405888310185186 0.41080729166666663 0.05937500000000018 0.05490451388888884
0 0.7846137152777778 0.4536313657407407 0.08517071759259265 0.08318865740740744
0 0.9847511574074075 0.38697193287037035 0.03049768518518503 0.07356770833333326
0 0.9381799768518518 0.3441478587962963 0.1049623842592593 0.10149016203703698
0 0.9907407407407407 0.1314019097222222 0.0185185185185186 0.05345775462962965
0 0.6880208333333333 0.060619212962962965 0.055353009259259345 0.046947337962962965
0 0.6493344907407408 0.0845630787037037 0.06960358796296306 0.08651620370370369
0 0.580128761574074 0.09078414351851852 0.05937500000000018 0.054904513888888895
0 0.3720920138888889 0.08112702546296297 0.07508680555555558 0.06134259259259259
0 0.07390046296296296 0.7718460648148149 0.07319155092592594 0.06517650462962976
0 0.17354600694444444 0.7120949074074074 0.08347800925925924 0.10069444444444442
0 0.0935546875 0.7149884259259259 0.07322048611111112 0.06712962962962954
0 0.5336516203703704 0.9659288194444444 0.07928240740740744 0.06814236111111116
0 0.6378544560185185 0.8249421296296297 0.07146990740740744 0.08072916666666674
0 0.7181640625000001 0.7117693865740741 0.08298611111111098 0.06749131944444442
0 0.7237268518518518 0.6260850694444444 0.07362557870370368 0.09447337962962976
0 0.8028428819444444 0.23470052083333334 0.07916666666666661 0.07320601851851855
0 0.48896846064814814 0.2621166087962963 0.05153356481481475 0.05266203703703698
0 0.5042390046296297 0.1728877314814815 0.07744502314814827 0.08875868055555558
0 0.5199363425925926 0.7054036458333334 0.06724537037037037 0.0591001157407407
0 0.31964699074074077 0.6257595486111112 0.0791377314814814 0.0712528935185186
0 0.8482060185185185 0.9746455439814815 0.08321759259259265 0.05070891203703698
0 0.9744285300925926 0.7485894097222222 0.04401041666666661 0.07190393518518512