0 0.40128761574074073 0.0839916087962963 0.13194444444444442 0.11811342592592594
0 0.5937138310185186 0.05320457175925926 0.1327401620370372 0.09859664351851852
0 0.47153501157407407 0.06694155092592592 0.09551504629629637 0.09636863425925926
0 0.14289641203703704 0.07231626157407409 0.12057291666666664 0.12388599537037037
0 0.22155671296296298 0.5102068865740741 0.09930555555555554 0.09444444444444433
0 0.9080005787037038 0.9883391203703704 0.08767361111111116 0.023321759259259167
0 0.7794270833333333 0.8315827546296296 0.08700810185185182 0.08459201388888893
0 0.4943721064814815 0.6664568865740741 0.09114583333333337 0.08852719907407414
0 0.7984447337962963 0.9683015046296296 0.14662905092592604 0.06339699074074079
0 0.165625 0.027582465277777777 0.10859374999999999 0.053515625000000004
0 0.09297598379629629 0.20177228009259257 0.06552372685185187 0.0844328703703704
0 0.8096643518518518 0.3535011574074074 0.14171006944444442 0.1181857638888889
0 0.9091869212962963 0.9423900462962963 0.12826967592592586 0.1152199074074074
0 0.2302445023148148 0.01439525462962963 0.0815827546296296 0.025983796296296297
0 0.7201027199074075 0.868236400462963 0.0786168981481481 0.07476851851851851
0 0.903515625 0.8500723379629629 0.14573206018518503 0.12016782407407423
0 0.8042462384259259 0.4432653356481482 0.12424768518518525 0.12000868055555558
0 0.47726417824074074 0.16362123842592594 0.0888454861111112 0.08265335648148148
0 0.6703052662037037 0.22557146990740742 0.09309895833333348 0.08854166666666669
0 0.13463541666666667 0.6247468171296297 0.1118344907407407 0.10820312499999996
0 0.44071903935185186 0.008145254629629629 0.08456307870370372 0.01038773148148148
0 0.2771267361111111 0.5584490740740741 0.09356192129629626 0.09635416666666674
0 0.8352358217592593 0.5049913194444444 0.08735532407407409 0.09045138888888893
0 0.8272424768518518 0.8807436342592593 0.07264178240740726 0.0727719907407407
0 0.9898582175925925 0.19480613425925924 0.02028356481481497 0.13692129629629635
0 0.5359881365740741 0.46275318287037037 0.07022569444444438 0.0649450231481481
0 0.08293547453703703 0.3617838541666667 0.1105758101851852 0.11990740740740735
0 0.3031539351851852 0.30582320601851853 0.10758101851851853 0.10231481481481475
0 0.6312572337962963 0.25847077546296293 0.12861689814814814 0.1278501157407408
0 0.5638744212962963 0.6533058449074074 0.09953703703703698 0.09835069444444455
0 0.7210575810185185 0.1595703125 0.1361979166666667 0.1240017361111111
0 0.050108506944444436 0.43377459490740744 0.05392071759259259 0.08629918981481488
0 0.6760199652777779 0.5526186342592593 0.1435619212962962 0.1494357638888888
0 0.9707320601851852 0.20833333333333334 0.058535879629629584 0.13721064814814815
0 0.41593605324074073 0.34765625 0.07758969907407409 0.09037905092592591
0 0.23260271990740738 0.15302372685185184 0.08723958333333337 0.08849826388888893
0 0.2640625 0.10737847222222222 0.06425057870370376 0.0629484953703704
0 0.30378327546296297 0.1681929976851852 0.07252604166666665 0.0708188657407407
0 0.4650896990740741 0.4358723958333333 0.08080150462962965 0.07868923611111112
0 0.5288411458333333 0.5398148148148147 0.09344618055555554 0.09440104166666652
0 0.2956886574074074 0.4434027777777778 0.07217881944444449 0.0649594907407407
0 0.2068721064814815 0.2953486689814815 0.08907696759259259 0.08655960648148153
0 0.1585865162037037 0.22178096064814812 0.08033854166666665 0.07087673611111112
0 0.561009837962963 0.1437427662037037 0.10355902777777781 0.10033275462962965
0 0.8095052083333334 0.6473162615740741 0.10355902777777759 0.10033275462962954
0 0.8936993634259259 0.6020616319444444 0.08333333333333326 0.08846932870370372
0 0.9757342303240741 0.584157986111111 0.04853153935185173 0.05704571759259247
0 0.9904188368055555 0.6214409722222223 0.01916232638888893 0.06284722222222205
0 0.9779658564814815 0.43001302083333337 0.044068287037037024 0.0922887731481481
0 0.973072193287037 0.5012080439814814 0.05385561342592604 0.0708333333333333
0 0.9152705439814814 0.5377965856481481 0.0995370370370372 0.09835069444444455
0 0.22913049768518517 0.7533203125 0.0883825231481482 0.07484085648148153
0 0.06605179398148148 0.7687065972222222 0.046223958333333315 0.08819444444444446
0 0.15537471064814815 0.7605830439814815 0.08505497685185187 0.08457754629629632
0 0.11359230324074074 0.7143952546296297 0.05827546296296299 0.06095196759259247
0 0.0695240162037037 0.6955222800925926 0.06103877314814815 0.0746383101851853
0 0.040393518518518516 0.5498625578703704 0.021064814814814814 0.09191261574074083
0 0.08953993055555555 0.4897063078703704 0.07034143518518518 0.0668981481481481
0 0.17078269675925928 0.3946469907407407 0.06861979166666665 0.07078993055555549
0 0.20629340277777777 0.4173611111111111 0.06229745370370371 0.06293402777777779
0 0.9735387731481482 0.12633101851851852 0.05292245370370363 0.04730902777777779
0 0.7600477430555556 0.6528067129629629 0.06827256944444438 0.06493055555555571
0 0.3884331597222222 0.7730468749999999 0.05815972222222221 0.05899884259259247
0 0.30753761574074073 0.7421875 0.06655092592592593 0.06882233796296289
0 0.3492621527777778 0.7873987268518519 0.07229456018518521 0.0669126157407407
0 0.2965277777777778 0.7870081018518518 0.05160590277777777 0.04723668981481488
0 0.27511574074074074 0.8210141782407407 0.045515046296296324 0.04328703703703707
0 0.16399016203703703 0.8894965277777778 0.07436342592592593 0.0688802083333333
0 0.2191840277777778 0.865502025462963 0.06861979166666665 0.07078993055555549
0 0.3369068287037037 0.9083478009259259 0.0810329861111111 0.08259548611111112
0 0.35985243055555555 0.8343315972222223 0.09505208333333337 0.08855613425925934
0 0.44069010416666665 0.8642144097222222 0.12285879629629637 0.09657118055555558
0 0.5346643518518519 0.8522207754629629 0.08528645833333348 0.08848379629629632
0 0.5950159143518519 0.7999565972222222 0.06413483796296293 0.06099537037037028
0 0.6823423032407407 0.8240306712962963 0.07942708333333326 0.08844039351851851
0 0.4658275462962963 0.9424913194444444 0.05769675925925921 0.05118634259259247
0 0.4710141782407407 0.9789460358796296 0.06906828703703705 0.04210792824074083
0 0.5190393518518519 0.9820746527777777 0.05700231481481488 0.03585069444444455
0 0.5609157986111111 0.9802589699074074 0.06699942129629632 0.0394820601851853
0 0.6343315972222222 0.9834201388888889 0.08813657407407405 0.03315972222222219
0 0.6904513888888888 0.9748697916666667 0.07355324074074066 0.050260416666666696
0 0.39233217592592595 0.49292534722222225 0.0868923611111112 0.08263888888888893
0 0.4395543981481481 0.4991319444444444 0.050000000000000044 0.053081597222222276
0 0.4786168981481481 0.4994212962962963 0.05023148148148149 0.056987847222222276
0 0.3750144675925926 0.5630787037037037 0.0888454861111111 0.08265335648148153
0 0.31828703703703703 0.49530526620370374 0.10481770833333337 0.08862847222222214
0 0.5114438657407407 0.29565248842592595 0.07494212962962954 0.0786458333333333
0 0.5941044560185185 0.42218605324074077 0.09068287037037037 0.08071469907407414
0 0.9163628472222223 0.27620081018518516 0.1050491898148147 0.09253472222222225
0 0.8957103587962962 0.20771846064814814 0.07815393518518521 0.06695601851851851
0 0.2210792824074074 0.6009837962962963 0.06608796296296299 0.06100983796296289
0 0.1519458912037037 0.5379991319444445 0.08287037037037037 0.08065682870370372