0 0.05967881944444445 0.9280598958333334 0.1193576388888889 0.12471064814814814
0 0.30584490740740744 0.19820601851851852 0.18815104166666674 0.18654513888888885
0 0.5450665509259259 0.6097366898148148 0.07313368055555558 0.08033854166666665
0 0.8054470486111112 0.6878038194444445 0.1035879629629628 0.11332465277777781
0 0.3280164930555556 0.39232494212962965 0.09693287037037046 0.09149305555555554
0 0.5965350115740741 0.7527416087962964 0.08087384259259256 0.07884837962962976
0 0.7348090277777778 0.34890046296296295 0.07921006944444442 0.08654513888888893
0 0.3717086226851852 0.8509910300925927 0.13057002314814814 0.15779803240740753
0 0.18663194444444445 0.6423249421296297 0.10706018518518517 0.10183738425925926
0 0.7257306134259259 0.594017650462963 0.111328125 0.1118344907407407
0 0.18098958333333334 0.7946686921296297 0.11313657407407407 0.10804398148148153
0 0.4486038773148148 0.43959780092592593 0.09317129629629628 0.09516782407407409
0 0.3185763888888889 0.7264829282407408 0.134765625 0.11322337962962958
0 0.8714554398148149 0.940306712962963 0.10105613425925908 0.09758391203703698
0 0.9422743055555556 0.7194010416666666 0.0692997685185186 0.08206018518518521
0 0.47439236111111105 0.879586226851852 0.10575810185185186 0.11929976851851842
0 0.921802662037037 0.40010850694444444 0.10662615740740744 0.09011863425925926
0 0.3496455439814815 0.9850260416666667 0.07024016203703698 0.02994791666666652
0 0.37369791666666663 0.5594545717592593 0.1118344907407407 0.1255063657407407
0 0.6063368055555556 0.8844690393518518 0.09302662037037024 0.09126157407407409
0 0.49439380787037035 0.5509476273148148 0.07696759259259256 0.0786168981481481
0 0.20059317129629628 0.5296223958333333 0.13787615740740744 0.14458912037037042
0 0.22630931712962965 0.5487630208333333 0.10713252314814814 0.10379050925925926
0 0.34588396990740744 0.3062789351851852 0.06958912037037046 0.08987268518518521
0 0.008716724537037035 0.7338107638888889 0.01743344907407407 0.08825231481481488
0 0.9094328703703703 0.4962673611111111 0.15371817129629628 0.1513744212962963
0 0.8462094907407407 0.08929398148148147 0.0507089120370372 0.05367476851851852
0 0.6902126736111112 0.8923755787037038 0.0791377314814814 0.08459201388888893
0 0.012152777777777776 0.5324652777777779 0.024305555555555552 0.1625868055555557
0 0.22005208333333331 0.7177083333333334 0.07103587962962965 0.07631655092592604
0 0.8260633680555556 0.3954137731481482 0.06286168981481488 0.06608796296296293
0 0.6901041666666667 0.12897858796296297 0.13715277777777768 0.12505787037037036
0 0.4173538773148148 0.7284215856481482 0.08940972222222221 0.09884259259259265
0 0.5507450810185186 0.9056423611111111 0.08521412037037024 0.09079861111111098
0 0.01710792824074074 0.24926215277777777 0.03421585648148148 0.13133680555555555
0 0.5893373842592593 0.31287615740740743 0.0713252314814814 0.08412905092592593
0 0.5134548611111112 0.32697482638888886 0.06459780092592604 0.060344328703703765
0 0.5783781828703705 0.15954861111111113 0.07486979166666652 0.07459490740740737
0 0.5790653935185185 0.08814380787037038 0.0610532407407407 0.06987847222222221
0 0.40805844907407407 0.47732204861111105 0.04456018518518523 0.045515046296296324
0 0.3233506944444444 0.49187644675925923 0.04911747685185186 0.06332465277777777
0 0.25983796296296297 0.4626663773148148 0.06141493055555558 0.07964409722222221
0 0.20598234953703703 0.09343894675925926 0.062427662037037035 0.05436921296296296
0 0.06539351851851852 0.797605613425926 0.07537615740740738 0.08826678240740726
0 0.2545211226851852 0.8968967013888889 0.09100115740740744 0.08919270833333326
0 0.7492766203703703 0.8303023726851853 0.06083622685185186 0.06401909722222232
0 0.6997974537037037 0.8185619212962962 0.06264467592592604 0.060228587962963154
0 0.8245442708333333 0.9936306423611111 0.07631655092592604 0.012738715277777812
0 0.7219690393518519 0.9598307291666667 0.05309606481481488 0.06550925925925921
0 0.25864438657407407 0.9873625578703704 0.06011284722222221 0.025274884259259167
0 0.2258029513888889 0.3774594907407407 0.06278935185185186 0.06413483796296293
0 0.15610532407407407 0.35669126157407405 0.058955439814814825 0.06585648148148149
0 0.10713252314814814 0.17272858796296295 0.08969907407407407 0.10665509259259259
0 0.038990162037037035 0.13639322916666666 0.064453125 0.05643807870370371
0 0.008246527777777778 0.08841145833333333 0.016493055555555556 0.11822916666666666
0 0.8425925925925926 0.05482494212962963 0.04918981481481488 0.012659143518518517
0 0.9002821180555556 0.05628616898148148 0.05099826388888884 0.008868634259259253
0 0.6419994212962963 0.4765046296296296 0.13729745370370372 0.12896412037037042
0 0.6044921875 0.994068287037037 0.10127314814814814 0.011863425925926041
0 0.8015407986111112 0.23834635416666666 0.06691261574074092 0.07022569444444449