0 0.044921875 0.7584129050925925 0.08984375 0.13942418981481497
0 0.578125 0.03400245949074074 0.087890625 0.06800491898148148
0 0.353515625 0.8683883101851851 0.091796875 0.10046296296296298
0 0.4228515625 0.4751446759259259 0.103515625 0.1127893518518519
0 0.8740234375 0.3423755787037037 0.09765625 0.11639178240740744
0 0.8369140625 0.1343388310185185 0.095703125 0.11238425925925927
0 0.3740234375 0.12513744212962963 0.08984375 0.0945023148148148
0 0.677734375 0.9502097800925926 0.0703125 0.03294270833333335
0 0.115234375 0.16785300925925928 0.08984375 0.11208043981481486
0 0.04296875 0.8591001157407407 0.0859375 0.10992476851851851
0 0.2451171875 0.4267433449074074 0.08203125 0.09409722222222228
0 0.708984375 0.6888237847222223 0.0859375 0.10015914351851851
0 0.5849609375 0.3866608796296296 0.080078125 0.09594907407407405
0 0.1357421875 0.5290943287037037 0.09765625 0.10662615740740744
0 0.8603515625 0.45636574074074077 0.0859375 0.10406539351851851
0 0.3330078125 0.5999204282407408 0.11328125 0.1289207175925926
0 0.5078125 0.3974971064814815 0.08203125 0.08823784722222228
0 0.126953125 0.6740813078703705 0.126953125 0.14134837962962976
0 0.7568359375 0.1795066550925926 0.091796875 0.10241608796296298
0 0.4580078125 0.11297019675925926 0.099609375 0.10868055555555556
0 0.455078125 0.26351273148148147 0.078125 0.09389467592592593
0 0.8466796875 0.7900824652777778 0.07421875 0.08587962962962958
0 0.2783203125 0.8791232638888888 0.08984375 0.11403356481481497
0 0.48828125 0.7871817129629629 0.11328125 0.1152488425925926
0 0.951171875 0.5053674768518519 0.08984375 0.09645543981481497
0 0.3056640625 0.28883825231481486 0.087890625 0.10416666666666674
0 0.595703125 0.1409866898148148 0.08203125 0.10190972222222222
0 0.751953125 0.928783275462963 0.07421875 0.06830150462962958
0 0.4169921875 0.9236906828703704 0.087890625 0.10221354166666674
0 0.3349609375 0.3693504050925926 0.078125 0.08412905092592593
0 0.466796875 0.7619285300925926 0.09765625 0.11443865740740744
0 0.0712890625 0.3488425925925926 0.087890625 0.09635416666666663
0 0.25390625 0.11671730324074074 0.09765625 0.09686053240740741
0 0.9287109375 0.9401258680555555 0.033203125 0.025159143518518556
0 0.7060546875 0.9038194444444445 0.080078125 0.09790219907407405
0 0.482421875 0.03645833333333333 0.0859375 0.07291666666666666
0 0.1357421875 0.8093677662037037 0.12890625 0.14730902777777777
0 0.3876953125 0.006662326388888888 0.083984375 0.013324652777777776
0 0.4541015625 0.5799696180555556 0.0859375 0.10406539351851851
0 0.9248046875 0.08876591435185184 0.076171875 0.08793402777777778
0 0.654296875 0.04592737268518518 0.10546875 0.09185474537037036
0 0.888671875 0.9324363425925926 0.07421875 0.046817129629629584
0 0.419921875 0.11396846064814815 0.13671875 0.10474537037037038
0 0.5966796875 0.27472511574074077 0.072265625 0.07015335648148147
0 0.8017578125 0.7406539351851852 0.087890625 0.10611979166666674
0 0.9267578125 0.04469762731481482 0.103515625 0.08939525462962963
0 0.1376953125 0.026294849537037035 0.119140625 0.05258969907407407
0 0.30078125 0.7646773726851852 0.068359375 0.07971643518518512
0 0.72265625 0.7994429976851851 0.0859375 0.10015914351851851
0 0.5576171875 0.8744068287037037 0.10546875 0.11679687499999991
0 0.2734375 0.051323784722222224 0.13671875 0.10264756944444445
0 0.9267578125 0.2878833912037037 0.07421875 0.08002025462962958
0 0.685546875 0.4703125 0.08984375 0.11598668981481475
0 0.7255859375 0.39597077546296294 0.083984375 0.0844328703703704
0 0.6689453125 0.19871238425925927 0.1015625 0.14589120370370373
0 0.732421875 0.08018663194444445 0.103515625 0.09716435185185185
0 0.9736328125 0.15947627314814813 0.052734375 0.11015625000000001
0 0.9873046875 0.2603298611111111 0.025390625 0.07358217592592586
0 0.193359375 0.25950520833333335 0.115234375 0.13878761574074072
0 0.0390625 0.30168547453703703 0.046875 0.0864149305555556
0 0.0673828125 0.0520580150462963 0.044921875 0.1041160300925926
0 0.0615234375 0.15696614583333335 0.05859375 0.10069444444444442
0 0.2578125 0.6067491319444445 0.0703125 0.09544270833333335
0 0.74609375 0.5902199074074075 0.103515625 0.1479456018518519
0 0.8330078125 0.6286820023148147 0.083984375 0.0922453703703705
0 0.951171875 0.6918909143518519 0.0546875 0.08682002314814818
0 0.8896484375 0.7146122685185186 0.08203125 0.08433159722222205
0 0.9326171875 0.7446108217592593 0.07421875 0.08197337962962958
0 0.9140625 0.8217447916666667 0.095703125 0.10261863425925943
0 0.6220703125 0.7890335648148148 0.109375 0.14434317129629637
0 0.580078125 0.7111328125 0.07421875 0.08587962962962958
0 0.5224609375 0.6047453703703703 0.0703125 0.08567708333333335
0 0.6513671875 0.5326316550925926 0.078125 0.07241030092592604
0 0.580078125 0.5177734375 0.095703125 0.11433738425925921
0 0.53515625 0.4644386574074074 0.08203125 0.08823784722222228
0 0.501953125 0.5188946759259259 0.06640625 0.08352141203703711
0 0.35546875 0.464966724537037 0.076171875 0.08012152777777781
0 0.2451171875 0.6943214699074074 0.08203125 0.09800347222222228
0 0.0654296875 0.6313729745370371 0.072265625 0.09163773148148158
0 0.017578125 0.6524088541666666 0.03515625 0.08190104166666679
0 0.107421875 0.42216435185185186 0.05078125 0.05927372685185184
0 0.1640625 0.43485243055555556 0.068359375 0.08752893518518523
0 0.2529296875 0.3560257523148148 0.0703125 0.07981770833333335
0 0.369140625 0.20742187499999998 0.11328125 0.1074363425925926
0 0.041015625 0.43342013888888886 0.08203125 0.10972222222222228
0 0.0439453125 0.5358072916666666 0.087890625 0.10611979166666674
0 0.18359375 0.910402199074074 0.080078125 0.09008969907407405
0 0.2978515625 0.9484230324074074 0.125 0.05140335648148131
0 0.5185546875 0.9330729166666667 0.107421875 0.08564814814814814
0 0.6083984375 0.9430627893518518 0.076171875 0.05473090277777781
0 0.9775390625 0.3907190393518518 0.044921875 0.08045428240740748
0 0.87890625 0.22591145833333334 0.06640625 0.07375578703703706
0 0.8046875 0.31569733796296295 0.06640625 0.065943287037037
0 0.7080078125 0.2972728587962963 0.09375 0.1005642361111111
0 0.5283203125 0.21576967592592594 0.1015625 0.11073495370370368
0 0.5244140625 0.12222222222222222 0.083984375 0.10591724537037037
0 0.23828125 0.8001446759259259 0.072265625 0.10335648148148158
0 0.0771484375 0.9374059606481482 0.056640625 0.03028067129629619