0 0.6790581597222223 0.7567057291666667 0.16886574074074057 0.1786458333333334
0 0.29207899305555557 0.39576822916666665 0.1352864583333333 0.13164062499999996
0 0.5069444444444444 0.9010416666666666 0.12296006944444438 0.119140625
0 0.290234375 0.2045572916666667 0.1274739583333333 0.13111979166666665
0 0.796629050925926 0.92275390625 0.2031105324074074 0.15449218750000004
0 0.8885199652777778 0.5913411458333333 0.17637442129629632 0.1733072916666667
0 0.6272569444444445 0.30052083333333335 0.09635416666666652 0.09401041666666665
0 0.9128472222222223 0.878125 0.06281828703703707 0.12291666666666679
0 0.8530671296296296 0.2734375 0.17607060185185186 0.1674479166666667
0 0.378566261574074 0.9606770833333333 0.1147424768518519 0.0786458333333333
0 0.0550636574074074 0.895703125 0.1101273148148148 0.1216145833333333
0 0.7760923032407407 0.9913411458333333 0.12463831018518512 0.017317708333333348
0 0.06270978009259259 0.47259114583333334 0.0996238425925926 0.11953124999999998
0 0.4502242476851852 0.06725260416666667 0.13080150462962958 0.08268229166666669
0 0.3401909722222222 0.6018229166666667 0.0947048611111111 0.09973958333333321
0 0.1257740162037037 0.0123046875 0.10392071759259258 0.014713541666666666
0 0.2516999421296296 0.8154296875 0.12737268518518519 0.12916666666666665
0 0.9423249421296296 0.12063802083333333 0.08321759259259265 0.06588541666666664
0 0.8744574652777778 0.9813802083333334 0.09871238425925921 0.037239583333333215
0 0.08772424768518518 0.9162109375 0.15872395833333333 0.1332031250000001
0 0.9135923032407407 0.7125651041666667 0.10043402777777777 0.1351562500000001
0 0.5679036458333333 0.44355468750000004 0.16980613425925917 0.1592447916666666
0 0.6898726851851852 0.18906250000000002 0.13300057870370363 0.1626302083333333
0 0.590574363425926 0.1197265625 0.12511574074074083 0.12317708333333333
0 0.5116247106481482 0.1115234375 0.08833912037037028 0.08958333333333332
0 0.25113570601851853 0.48613281249999996 0.1103298611111111 0.10078125000000004
0 0.07403790509259259 0.6865885416666666 0.14807581018518517 0.18776041666666687
0 0.44362702546296295 0.7047526041666667 0.11114004629629637 0.11640624999999982
0 0.01242042824074074 0.6845052083333334 0.02484085648148148 0.14244791666666679
0 0.007136140046296296 0.34986979166666665 0.014272280092592592 0.08164062500000002
0 0.17363281249999998 0.6201171875 0.09214409722222222 0.087890625
0 0.3879195601851852 0.7774739583333333 0.09150752314814814 0.11315104166666656
0 0.2066044560185185 0.059830729166666666 0.13366608796296298 0.10039062500000001
0 0.3067563657407407 0.037109375 0.11304976851851856 0.040624999999999994
0 0.7631799768518519 0.079296875 0.13833912037037033 0.04036458333333334
0 0.963136574074074 0.24843749999999998 0.05813078703703711 0.07005208333333335
0 0.7925636574074074 0.4575520833333333 0.1342447916666667 0.14908854166666674
0 0.5635706018518518 0.22473958333333333 0.09861111111111098 0.09999999999999998
0 0.3965277777777778 0.21458333333333335 0.09059606481481475 0.09557291666666667
0 0.33368778935185184 0.10358072916666666 0.10507812500000002 0.11210937500000001
0 0.41630497685185186 0.532421875 0.11073495370370368 0.10859374999999982
0 0.45633680555555556 0.45963541666666663 0.09891493055555545 0.10585937500000009
0 0.6558810763888889 0.5611328125 0.1503761574074074 0.15989583333333335
0 0.5158058449074074 0.5978515625 0.1245081018518519 0.11145833333333321
0 0.5575810185185186 0.7182291666666667 0.13663194444444438 0.12005208333333339
0 0.6469039351851852 0.9550130208333334 0.112355324074074 0.08997395833333321
0 0.5923683449074074 0.8410807291666667 0.11854745370370368 0.10911458333333335
0 0.8153862847222222 0.7922526041666667 0.1381510416666667 0.1493489583333334
0 0.18713831018518517 0.20846354166666667 0.1093894675925926 0.12018229166666666
0 0.9329571759259259 0.43359375 0.10228587962962976 0.1333333333333333
0 0.9736400462962963 0.40494791666666663 0.021527777777777812 0.07734375000000004
0 0.9789207175925926 0.32200520833333335 0.020891203703703676 0.10260416666666661
0 0.025050636574074074 0.15944010416666668 0.04150752314814815 0.16236979166666665
0 0.42863859953703703 0.33235677083333337 0.1327256944444445 0.11979166666666674
0 0.8209563078703703 0.1556640625 0.1029224537037039 0.10807291666666669
0 0.6131438078703704 0.06243489583333333 0.12301793981481479 0.045182291666666666
0 0.06030815972222222 0.2921223958333333 0.07867476851851853 0.09088541666666672
0 0.15327690972222222 0.35123697916666663 0.09942129629629631 0.11562500000000009
0 0.2155815972222222 0.30247395833333335 0.09429976851851851 0.09192708333333333
0 0.07863859953703704 0.0708984375 0.11966145833333333 0.13059895833333335