0 0.7924696180555555 0.10266927083333333 0.1575810185185187 0.14201388888888888
0 0.6728153935185185 0.8264322916666667 0.14811921296296293 0.14765625000000004
0 0.5682798032407408 0.9003689236111111 0.18829571759259256 0.17000868055555562
0 0.45243055555555556 0.9599609375 0.12965856481481475 0.080078125
0 0.3526475694444444 0.4771267361111111 0.13703703703703707 0.1220486111111112
0 0.9249855324074074 0.5827256944444444 0.09979745370370363 0.15633680555555562
0 0.4931640625 0.40692274305555554 0.11504629629629637 0.11180555555555549
0 0.7759476273148148 0.9304036458333333 0.17323495370370368 0.10529513888888875
0 0.8110821759259259 0.7053385416666667 0.1211082175925926 0.11584201388888893
0 0.12785011574074073 0.09865451388888889 0.15750868055555556 0.10299479166666667
0 0.3673828125 0.19294704861111112 0.1005642361111111 0.09587673611111114
0 0.8219762731481481 0.5706597222222222 0.1460648148148147 0.14565972222222223
0 0.6201967592592592 0.44592013888888893 0.13107638888888884 0.11996527777777777
0 0.8534866898148148 0.24578993055555554 0.16660879629629632 0.16562500000000002
0 0.04756944444444444 0.2541015625 0.09513888888888888 0.10976562499999998
0 0.5485532407407407 0.18719618055555556 0.14380787037037046 0.13975694444444448
0 0.8876591435185186 0.039279513888888895 0.0723379629629628 0.040624999999999994
0 0.06253255208333333 0.7540364583333333 0.12506510416666666 0.1533420138888888
0 0.944162326388889 0.32601996527777777 0.04361979166666652 0.08875868055555558
0 0.6483940972222222 0.7506076388888889 0.10878182870370368 0.10386284722222205
0 0.19762008101851852 0.5254991319444444 0.09655671296296298 0.09383680555555562
0 0.7004918981481482 0.06640625 0.06984953703703711 0.06788194444444445
0 0.6287471064814815 0.6015625 0.09265046296296298 0.09375
0 0.6230251736111112 0.9729166666666667 0.1591869212962962 0.054166666666666696
0 0.22914496527777778 0.08721788194444444 0.09881365740740744 0.09973958333333333
0 0.46304976851851853 0.4786024305555555 0.09675925925925921 0.09774305555555562
0 0.5781467013888889 0.7666449652777778 0.09295428240740744 0.099609375
0 0.6852068865740741 0.1726345486111111 0.09254918981481497 0.091796875
0 0.2390263310185185 0.632009548611111 0.15468749999999998 0.16145833333333348
0 0.5702039930555556 0.5992838541666666 0.10682870370370368 0.10381944444444446
0 0.518308738425926 0.4876519097222223 0.09275173611111098 0.095703125
0 0.37157118055555555 0.621267361111111 0.14050925925925928 0.15138888888888902
0 0.0597728587962963 0.39338107638888886 0.08679108796296296 0.09361979166666656
0 0.5206380208333333 0.5747178819444444 0.1049768518518519 0.10572916666666665
0 0.18833188657407407 0.21438802083333333 0.20708912037037042 0.19383680555555555
0 0.7983723958333333 0.4225043402777778 0.10026041666666652 0.09001736111111114
0 0.7374493634259259 0.46612413194444446 0.08598090277777781 0.07799479166666656
0 0.8899884259259259 0.7862847222222222 0.13198784722222223 0.13754340277777777
0 0.546484375 0.03854166666666667 0.08281249999999996 0.05451388888888889
0 0.2463035300925926 0.7367838541666667 0.1367332175925926 0.11618923611111098
0 0.20904947916666666 0.9423611111111111 0.17414641203703707 0.11527777777777781
0 0.08429542824074074 0.8632161458333334 0.062138310185185175 0.06966145833333348
0 0.11702112268518519 0.9108723958333333 0.05711805555555555 0.04809027777777786
0 0.20981626157407407 0.8748046875 0.13929398148148153 0.12795138888888902
0 0.33414351851851853 0.8717013888888889 0.10878182870370368 0.10386284722222205
0 0.4013671875 0.8008463541666666 0.0947048611111111 0.09574652777777759
0 0.49338831018518514 0.7608506944444444 0.10416666666666674 0.09010416666666665
0 0.47866753472222223 0.6676432291666667 0.07045717592592582 0.07960069444444429
0 0.9158637152777778 0.6832248263888889 0.09204282407407405 0.08203125
0 0.9433159722222222 0.8891493055555555 0.027083333333333348 0.0708333333333333
0 0.18033854166666666 0.3119791666666667 0.10066550925925927 0.09782986111111103
0 0.33253038194444445 0.05431857638888889 0.06163194444444442 0.05989583333333334
0 0.3164424189814815 0.11946614583333334 0.05577256944444442 0.05976562499999999
0 0.5877821180555556 0.07172309027777778 0.05957754629629619 0.05789930555555556
0 0.029116030092592587 0.8903428819444444 0.055107060185185186 0.12217881944444442
0 0.008926504629629628 0.5190321180555555 0.017853009259259256 0.06931423611111098
0 0.6895399305555556 0.2587673611111111 0.12430555555555545 0.10225694444444444
0 0.5234664351851852 0.31276041666666665 0.09460358796296298 0.09379340277777781
0 0.3617693865740741 0.3766276041666667 0.07170138888888888 0.06597222222222221
0 0.4384331597222222 0.34997829861111107 0.12615740740740744 0.10034722222222214