0 0.373900462962963 0.7194878472222221 0.13888888888888884 0.1474971064814814
0 0.8243344907407407 0.5412037037037036 0.12087673611111116 0.11807002314814818
0 0.3486545138888889 0.5972439236111111 0.17048611111111112 0.17116608796296306
0 0.621875 0.8482638888888889 0.09131944444444429 0.10027488425925934
0 0.7726924189814814 0.6804542824074074 0.10312499999999991 0.10622106481481497
0 0.15422453703703703 0.391724537037037 0.16649305555555555 0.16527777777777786
0 0.2915436921296296 0.23553240740740738 0.15891203703703705 0.18084490740740744
0 0.3652777777777778 0.664742476851852 0.1694589120370371 0.23365162037037024
0 0.05604021990740741 0.2894458912037037 0.10542534722222223 0.12967303240740735
0 0.9633608217592593 0.36842447916666665 0.0679108796296295 0.1020543981481481
0 0.03515625 0.3957248263888889 0.06122685185185184 0.1781684027777778
0 0.4950737847222222 0.26438078703703705 0.11688368055555554 0.11218171296296298
0 0.2842013888888889 0.728587962962963 0.11114004629629626 0.11995081018518539
0 0.5213324652777778 0.19134114583333334 0.08537326388888888 0.09437210648148148
0 0.6235604745370371 0.36883680555555554 0.1664641203703705 0.16332465277777786
0 0.32591869212962965 0.4467013888888889 0.16681134259259256 0.18676215277777786
0 0.9752748842592592 0.9124493634259259 0.04945023148148153 0.04929108796296289
0 0.04774305555555555 0.32258391203703707 0.08883101851851852 0.19594907407407414
0 0.7671513310185185 0.04278790509259259 0.08117766203703702 0.0748119212962963
0 0.5150245949074075 0.029202835648148146 0.07692418981481497 0.05134548611111111
0 0.21903935185185186 0.5484375 0.07916666666666661 0.07089120370370372
0 0.8063223379629629 0.37995515046296297 0.08715277777777786 0.08266782407407403
0 0.8422453703703704 0.4319733796296297 0.08700810185185182 0.07290219907407414
0 0.9684136284722222 0.45734230324074077 0.06317274305555554 0.0688657407407407
0 0.9262876157407407 0.4365017361111111 0.049493634259259345 0.04528356481481488
0 0.8954861111111111 0.46654369212962965 0.059519675925926 0.06293402777777779
0 0.9766059027777778 0.5794704861111111 0.046788194444444375 0.07853009259259247
0 0.9329065393518519 0.685546875 0.07322048611111098 0.06498842592592591
0 0.965697337962963 0.7238715277777779 0.05934606481481475 0.05121527777777768
0 0.979441550925926 0.6849537037037037 0.04111689814814801 0.05115740740740726
0 0.8553096064814815 0.7865234375000001 0.063425925925926 0.06296296296296289
0 0.6849392361111111 0.7549913194444444 0.08514178240740744 0.07874710648148153
0 0.7601707175925926 0.8239004629629629 0.07135416666666661 0.0708333333333333
0 0.49559461805555555 0.563179976851852 0.0913194444444444 0.10027488425925934
0 0.4587456597222222 0.4486617476851852 0.08146701388888888 0.09434317129629632
0 0.16097366898148147 0.2540943287037037 0.11504629629629626 0.11997974537037037
0 0.019552951388888885 0.19934172453703702 0.03464988425925926 0.09790219907407405
0 0.23814380787037037 0.058398437500000004 0.10231481481481486 0.05153356481481482
0 0.8165943287037036 0.018742766203703704 0.08240740740740726 0.025998263888888894
0 0.6812934027777777 0.5088975694444444 0.10102719907407387 0.09644097222222214
0 0.9245732060185186 0.2548683449074074 0.07526041666666661 0.07086226851851851
0 0.8018952546296296 0.21294849537037036 0.09307002314814805 0.08661747685185184
0 0.1859809027777778 0.6897786458333333 0.1069444444444444 0.10039062500000018
0 0.1369357638888889 0.5429470486111111 0.08525752314814816 0.08655960648148153
0 0.7076750578703703 0.6418909143518519 0.11294849537037033 0.11019965277777777
0 0.898705150462963 0.8815610532407407 0.0713252314814814 0.0688802083333333
0 0.33480902777777777 0.9795211226851852 0.09829282407407414 0.040957754629629584
0 0.5020182291666666 0.9948350694444444 0.07246817129629646 0.010329861111111116
0 0.4603587962962963 0.8871021412037037 0.11119791666666679 0.12385706018518516
0 0.2529079861111111 0.857248263888889 0.10111400462962972 0.10230034722222214
0 0.3392433449074074 0.8188295717592593 0.07925347222222223 0.07675057870370372
0 0.016644965277777778 0.13487413194444445 0.03010706018518519 0.054904513888888895
0 0.8979456018518519 0.3689163773148148 0.07319155092592577 0.06303530092592591
0 0.9191116898148148 0.08394820601851852 0.039988425925925775 0.06278935185185186
0 0.5909577546296296 0.738671875 0.0732783564814814 0.06889467592592591
0 0.15107060185185184 0.969017650462963 0.12983217592592589 0.06196469907407409
0 0.4325086805555556 0.19361255787037038 0.10309606481481481 0.1042679398148148
0 0.46898871527777775 0.08549623842592592 0.10085358796296306 0.08472222222222223
0 0.5537181712962963 0.0705005787037037 0.10099826388888888 0.09448784722222223
0 0.8244068287037037 0.2824435763888889 0.08117766203703702 0.07481192129629632
0 0.7341796875 0.3218098958333333 0.061443865740740566 0.06099537037037028
0 0.7174406828703703 0.3783203125 0.06945891203703702 0.0747251157407407