0 0.3369502314814815 0.6308955439814815 0.15567129629629628 0.1557436342592593
0 0.45431857638888895 0.6508246527777777 0.16572627314814814 0.16001157407407396
0 0.614185474537037 0.7843243634259259 0.14894386574074092 0.14380787037037046
0 0.1318359375 0.688548900462963 0.12811053240740744 0.12550636574074092
0 0.10036892361111113 0.8159360532407407 0.09020543981481483 0.1396846064814814
0 0.8575665509259259 0.3755425347222222 0.12825520833333326 0.1274594907407407
0 0.24862557870370372 0.8058449074074074 0.16869212962962965 0.1737557870370372
0 0.641673900462963 0.5506365740740741 0.12073206018518512 0.13107638888888884
0 0.871997974537037 0.5046296296296297 0.11443865740740744 0.125
0 0.5422453703703705 0.5888310185185186 0.10785590277777768 0.11501736111111116
0 0.24352575231481483 0.9079137731481481 0.11805555555555558 0.12123842592592604
0 0.38252314814814814 0.7728226273148149 0.1244936342592593 0.12926793981481488
0 0.786205150462963 0.13527199074074076 0.12767650462962976 0.1196469907407407
0 0.10228587962962964 0.2764756944444444 0.14518229166666666 0.14561631944444442
0 0.4767433449074074 0.5591362847222223 0.10951967592592593 0.11118344907407396
0 0.10597511574074076 0.9047670717592593 0.08521412037037035 0.0985966435185186
0 0.6984592013888888 0.6861617476851851 0.13201678240740744 0.12565104166666652
0 0.4686414930555556 0.7652994791666667 0.13129340277777768 0.11588541666666652
0 0.08452690972222222 0.18135127314814814 0.09722222222222224 0.10293692129629628
0 0.40350115740740744 0.2671802662037037 0.09497974537037046 0.09895833333333326
0 0.4468677662037037 0.3398799189814815 0.10684317129629628 0.10134548611111116
0 0.28056278935185186 0.014286747685185189 0.11971932870370372 0.012225115740740741
0 0.8077256944444444 0.9759476273148149 0.17332175925925908 0.04810474537037024
0 0.1086154513888889 0.5854311342592593 0.10250289351851849 0.09534143518518512
0 0.24598524305555555 0.9674117476851851 0.11335358796296297 0.03146701388888884
0 0.49580439814814814 0.0933521412037037 0.16348379629629628 0.15603298611111113
0 0.9411892361111112 0.7339771412037037 0.11762152777777768 0.15212673611111116
0 0.9683883101851851 0.12076822916666667 0.06322337962962976 0.08644386574074073
0 0.22999855324074076 0.5675274884259259 0.09830729166666663 0.0912905092592593
0 0.4595269097222222 0.22153501157407407 0.07928240740740744 0.07110821759259256
0 0.3466435185185185 0.419921875 0.11414930555555558 0.12109375
0 0.0744357638888889 0.6630497685185186 0.05830439814814814 0.1034432870370372
0 0.7930772569444444 0.6750578703703705 0.11791087962962976 0.11928530092592604
0 0.9565248842592593 0.34270109953703703 0.0869502314814814 0.119140625
0 0.2777777777777778 0.14760561342592593 0.15733506944444442 0.1519097222222222
0 0.6227213541666667 0.29477719907407407 0.08658854166666652 0.09085648148148151
0 0.5149739583333334 0.8517433449074074 0.1401186342592593 0.1298466435185186
0 0.5776909722222222 0.672923900462963 0.08463541666666674 0.0907841435185186
0 0.4174985532407407 0.3115234375 0.11291956018518512 0.1307870370370371
0 0.7217881944444444 0.8827763310185186 0.11002604166666652 0.0917245370370372
0 0.17100694444444445 0.41536458333333337 0.11089409722222221 0.10344328703703698
0 0.3353949652777778 0.5441623263888888 0.07971643518518512 0.07696759259259256
0 0.730396412037037 0.551974826388889 0.1367910879629628 0.13751446759259256
0 0.07335069444444445 0.01732494212962963 0.052951388888888895 0.031177662037037035
0 0.9210431134259259 0.19382957175925924 0.13252314814814814 0.15878182870370372
0 0.9997468171296297 0.6154152199074074 0.0005063657407406996 0.1186342592592593
0 0.5033637152777778 0.024486400462962965 0.10438368055555558 0.015552662037037035
0 0.8820891203703703 0.10181568287037038 0.1069155092592593 0.07602719907407407
0 0.9788049768518519 0.2537977430555556 0.04239004629629628 0.10554108796296302
0 0.38132957175925924 0.8750361689814814 0.12348090277777779 0.11559606481481488
0 0.26461226851851855 0.39058883101851855 0.10865162037037035 0.09946469907407407
0 0.06687644675925926 0.3637876157407407 0.0685763888888889 0.08434606481481488
0 0.25405092592592593 0.32689525462962965 0.11103877314814814 0.10539641203703698
0 0.7788628472222222 0.3648365162037037 0.07834201388888884 0.08470775462962965
0 0.7846137152777778 0.4556206597222222 0.0756655092592593 0.07486979166666674
0 0.7229094328703703 0.46404803240740744 0.07508680555555558 0.06705729166666674
0 0.9004991319444444 0.8368055555555556 0.07761863425925908 0.07494212962962976
0 0.8909505208333334 0.9182581018518519 0.09259259259259256 0.09302662037037046
0 0.8069661458333334 0.8362630208333334 0.11993634259259256 0.09403935185185186
0 0.7865668402777778 0.21903935185185186 0.0854311342592593 0.07523148148148151
0 0.5084997106481481 0.4882450810185185 0.08977141203703698 0.08123553240740744
0 0.5593532986111112 0.4648075810185185 0.06879340277777768 0.06098090277777768
0 0.125 0.10980902777777778 0.07819733796296297 0.08275462962962962
0 0.08423755787037038 0.09856047453703703 0.0740017361111111 0.07870370370370372
0 0.1654369212962963 0.3138744212962963 0.07581018518518517 0.07682291666666674
0 0.9982638888888888 0.5139250578703705 0.003472222222222321 0.10091145833333348
0 0.9694191261574074 0.41814959490740744 0.06116174768518512 0.07335069444444442
0 0.3950737847222222 0.035083912037037035 0.08702256944444442 0.04412615740740741
0 0.7993344907407407 0.9304470486111112 0.08058449074074092 0.08868634259259256
0 0.7010633680555556 0.22171585648148145 0.0698061342592593 0.07465277777777779
0 0.693287037037037 0.1298828125 0.06459780092592604 0.05692997685185186